           2   1.0000000000000000     
           3   1.0000000000000000     
           4   1.4142135623730951     
           5   2.0000000000000000     
           6   2.0000000000000000     
           7   2.2360679774997898     
           8   2.2360679774997898     
           9   2.2360679774997898     
          10   2.2360679774997898     
          11   2.2360679774997898     
          12   3.1622776601683795     
          13   3.1622776601683795     
          14   3.1622776601683795     
          15   3.1622776601683795     
          16   3.6055512754639891     
          17   4.0000000000000000     
          18   4.0000000000000000     
          19   5.0000000000000000     
          20   5.0000000000000000     
          21   5.0000000000000000     
          22   5.0000000000000000     
          23   5.0000000000000000     
          24   6.0000000000000000     
          25   7.0000000000000000     
          26   7.0000000000000000     
          27   7.0000000000000000     
          28   7.0000000000000000     
          29   7.0000000000000000     
          30   7.0000000000000000     
          31   7.0000000000000000     
          32   7.6157731058639087     
          33   7.6157731058639087     
          34   8.5440037453175304     
          35   8.9442719099991592     
          36   8.9442719099991592     
          37   8.9442719099991592     
          38   8.9442719099991592     
          39   8.9442719099991592     
          40   9.8488578017961039     
          41   9.8488578017961039     
          42   10.770329614269007     
          43   10.770329614269007     
          44   10.770329614269007     
          45   10.770329614269007     
          46   11.704699910719626     
          47   11.704699910719626     
          48   11.704699910719626     
          49   11.704699910719626     
          50   11.704699910719626     
          51   11.704699910719626     
          52   11.704699910719626     
          53   11.704699910719626     
          54   11.704699910719626     
          55   11.704699910719626     
          56   11.704699910719626     
          57   11.704699910719626     
          58   11.704699910719626     
          59   11.704699910719626     
          60   11.704699910719626     
          61   11.704699910719626     
          62   11.704699910719626     
          63   12.649110640673518     
          64   12.649110640673518     
          65   12.649110640673518     
          66   12.649110640673518     
          67   12.649110640673518     
          68   12.649110640673518     
          69   12.649110640673518     
          70   12.649110640673518     
          71   13.601470508735444     
          72   13.601470508735444     
          73   13.601470508735444     
          74   13.601470508735444     
          75   13.601470508735444     
          76   13.601470508735444     
          77   13.601470508735444     
          78   13.601470508735444     
          79   13.601470508735444     
          80   13.601470508735444     
          81   13.601470508735444     
          82   13.601470508735444     
          83   13.601470508735444     
          84   13.601470508735444     
          85   13.601470508735444     
          86   13.601470508735444     
          87   13.601470508735444     
          88   14.560219778561036     
          89   15.524174696260024     
          90   15.524174696260024     
          91   15.524174696260024     
          92   15.524174696260024     
          93   15.524174696260024     
          94   15.524174696260024     
          95   15.524174696260024     
          96   15.524174696260024     
          97   15.524174696260024     
          98   15.524174696260024     
          99   15.524174696260024     
         100   15.524174696260024     
         101   15.524174696260024     
         102   15.524174696260024     
         103   15.524174696260024     
         104   15.524174696260024     
         105   15.524174696260024     
         106   15.524174696260024     
         107   15.524174696260024     
         108   15.524174696260024     
         109   15.524174696260024     
         110   15.524174696260024     
         111   15.524174696260024     
         112   15.524174696260024     
         113   15.811388300841896     
         114   15.811388300841896     
         115   15.811388300841896     
         116   15.811388300841896     
         117   15.811388300841896     
         118   15.811388300841896     
         119   15.811388300841896     
         120   16.124515496597098     
         121   16.643316977093239     
         122   17.204650534085253     
         123   17.204650534085253     
         124   17.204650534085253     
         125   17.204650534085253     
         126   17.204650534085253     
         127   17.204650534085253     
         128   17.204650534085253     
         129   17.204650534085253     
         130   17.204650534085253     
         131   18.027756377319946     
         132   18.027756377319946     
         133   18.027756377319946     
         134   18.027756377319946     
         135   18.027756377319946     
         136   18.027756377319946     
         137   18.601075237738275     
         138   18.601075237738275     
         139   18.601075237738275     
         140   18.601075237738275     
         141   18.601075237738275     
         142   19.416487838947599     
         143   19.416487838947599     
         144   19.416487838947599     
         145   19.416487838947599     
         146   19.416487838947599     
         147   19.416487838947599     
         148   20.248456731316587     
         149   20.248456731316587     
         150   20.248456731316587     
         151   20.248456731316587     
         152   20.248456731316587     
         153   20.248456731316587     
         154   20.248456731316587     
         155   20.248456731316587     
         156   20.248456731316587     
         157   20.248456731316587     
         158   20.248456731316587     
         159   20.248456731316587     
         160   20.248456731316587     
         161   20.248456731316587     
         162   20.248456731316587     
         163   20.248456731316587     
         164   20.808652046684813     
         165   20.808652046684813     
         166   20.808652046684813     
         167   20.808652046684813     
         168   20.808652046684813     
         169   20.808652046684813     
         170   20.808652046684813     
         171   20.808652046684813     
         172   20.808652046684813     
         173   21.400934559032695     
         174   21.400934559032695     
         175   21.400934559032695     
         176   21.400934559032695     
         177   21.400934559032695     
         178   21.633307652783937     
         179   22.022715545545239     
         180   22.022715545545239     
         181   22.022715545545239     
         182   22.022715545545239     
         183   22.022715545545239     
         184   22.022715545545239     
         185   22.671568097509269     
         186   22.671568097509269     
         187   22.671568097509269     
         188   22.671568097509269     
         189   22.671568097509269     
         190   22.671568097509269     
         191   22.671568097509269     
         192   22.671568097509269     
         193   22.671568097509269     
         194   23.021728866442675     
         195   23.021728866442675     
         196   23.021728866442675     
         197   23.021728866442675     
         198   23.021728866442675     
         199   23.021728866442675     
         200   23.021728866442675     
         201   23.021728866442675     
         202   23.021728866442675     
         203   23.021728866442675     
         204   23.021728866442675     
         205   23.021728866442675     
         206   23.021728866442675     
         207   23.021728866442675     
         208   23.021728866442675     
         209   23.021728866442675     
         210   23.021728866442675     
         211   23.021728866442675     
         212   23.323807579381203     
         213   23.323807579381203     
         214   23.323807579381203     
         215   23.323807579381203     
         216   23.323807579381203     
         217   23.706539182259394     
         218   23.706539182259394     
         219   24.596747752497688     
         220   24.596747752497688     
         221   24.596747752497688     
         222   24.596747752497688     
         223   25.059928172283335     
         224   25.059928172283335     
         225   25.059928172283335     
         226   25.059928172283335     
         227   25.059928172283335     
         228   25.059928172283335     
         229   25.942243542145693     
         230   26.419689627245813     
         231   27.294688127912362     
         232   27.294688127912362     
         233   27.294688127912362     
         234   27.294688127912362     
         235   27.294688127912362     
         236   27.294688127912362     
         237   27.294688127912362     
         238   28.178005607210743     
         239   28.178005607210743     
         240   28.178005607210743     
         241   28.178005607210743     
         242   28.178005607210743     
         243   28.178005607210743     
         244   28.178005607210743     
         245   28.178005607210743     
         246   28.178005607210743     
         247   28.178005607210743     
         248   28.178005607210743     
         249   28.178005607210743     
         250   28.178005607210743     
         251   28.178005607210743     
