           2   1.0000000000000000     
           3   1.4142135623730951     
           4   2.2360679774997898     
           5   2.2360679774997898     
           6   3.1622776601683795     
           7   3.1622776601683795     
           8   3.1622776601683795     
           9   3.6055512754639891     
          10   3.6055512754639891     
          11   3.6055512754639891     
          12   3.6055512754639891     
          13   4.2426406871192848     
          14   4.2426406871192848     
          15   4.2426406871192848     
          16   4.2426406871192848     
          17   4.2426406871192848     
          18   4.2426406871192848     
          19   4.2426406871192848     
          20   4.2426406871192848     
          21   4.2426406871192848     
          22   4.2426406871192848     
          23   4.2426406871192848     
          24   4.2426406871192848     
          25   5.0990195135927845     
          26   5.0990195135927845     
          27   5.0990195135927845     
          28   5.0990195135927845     
          29   5.0990195135927845     
          30   5.0990195135927845     
          31   5.0990195135927845     
          32   5.0990195135927845     
          33   5.0990195135927845     
          34   6.0000000000000000     
          35   6.0000000000000000     
          36   6.0000000000000000     
          37   6.4031242374328485     
          38   6.4031242374328485     
          39   6.4031242374328485     
          40   6.4031242374328485     
          41   7.2111025509279782     
          42   7.2111025509279782     
          43   7.2111025509279782     
          44   8.0622577482985491     
          45   8.0622577482985491     
          46   8.0622577482985491     
          47   8.0622577482985491     
          48   8.0622577482985491     
          49   8.0622577482985491     
          50   8.0622577482985491     
          51   8.0622577482985491     
          52   8.0622577482985491     
          53   8.0622577482985491     
          54   8.0622577482985491     
          55   8.0622577482985491     
          56   8.9442719099991592     
          57   8.9442719099991592     
          58   9.0553851381374173     
          59   9.0553851381374173     
          60   9.2195444572928871     
          61   9.2195444572928871     
          62   10.049875621120890     
          63   10.049875621120890     
          64   10.049875621120890     
          65   10.049875621120890     
          66   10.049875621120890     
          67   11.045361017187261     
          68   11.045361017187261     
          69   11.045361017187261     
          70   11.045361017187261     
          71   11.045361017187261     
          72   11.045361017187261     
          73   11.045361017187261     
          74   11.045361017187261     
          75   11.045361017187261     
          76   11.045361017187261     
          77   11.045361017187261     
          78   11.045361017187261     
          79   11.045361017187261     
          80   11.045361017187261     
          81   11.045361017187261     
          82   11.045361017187261     
          83   11.045361017187261     
          84   11.045361017187261     
          85   11.045361017187261     
          86   11.045361017187261     
          87   11.045361017187261     
          88   11.045361017187261     
          89   11.045361017187261     
          90   11.661903789690601     
          91   12.206555615733702     
          92   13.038404810405298     
          93   13.038404810405298     
          94   13.038404810405298     
          95   13.038404810405298     
          96   13.038404810405298     
          97   13.038404810405298     
          98   13.038404810405298     
          99   13.038404810405298     
         100   13.038404810405298     
         101   13.892443989449804     
         102   14.764823060233400     
         103   14.764823060233400     
         104   14.764823060233400     
         105   14.764823060233400     
         106   14.764823060233400     
         107   14.764823060233400     
         108   14.764823060233400     
         109   14.764823060233400     
         110   14.764823060233400     
         111   14.764823060233400     
         112   14.764823060233400     
         113   15.264337522473747     
         114   15.652475842498529     
         115   15.811388300841896     
         116   15.811388300841896     
         117   15.811388300841896     
         118   15.811388300841896     
         119   16.552945357246848     
         120   16.552945357246848     
         121   16.552945357246848     
         122   16.643316977093239     
         123   16.643316977093239     
         124   17.492855684535900     
         125   17.492855684535900     
         126   17.492855684535900     
         127   17.492855684535900     
         128   17.492855684535900     
         129   17.492855684535900     
         130   18.384776310850235     
         131   19.313207915827967     
         132   19.313207915827967     
         133   19.313207915827967     
         134   19.313207915827967     
         135   19.313207915827967     
         136   19.313207915827967     
         137   19.313207915827967     
         138   19.313207915827967     
         139   19.313207915827967     
         140   19.313207915827967     
         141   19.313207915827967     
         142   19.798989873223331     
         143   19.798989873223331     
         144   19.798989873223331     
         145   20.615528128088304     
         146   20.615528128088304     
         147   20.615528128088304     
         148   21.023796041628639     
         149   21.023796041628639     
         150   21.023796041628639     
         151   21.023796041628639     
         152   21.023796041628639     
         153   21.023796041628639     
         154   21.023796041628639     
         155   21.023796041628639     
         156   21.023796041628639     
         157   21.023796041628639     
         158   21.023796041628639     
         159   21.023796041628639     
         160   21.023796041628639     
         161   21.023796041628639     
         162   21.023796041628639     
         163   21.023796041628639     
         164   21.931712199461309     
         165   21.931712199461309     
         166   21.931712199461309     
         167   21.931712199461309     
         168   21.931712199461309     
         169   21.931712199461309     
         170   21.931712199461309     
         171   21.931712199461309     
         172   21.931712199461309     
         173   21.931712199461309     
         174   21.931712199461309     
         175   21.931712199461309     
         176   21.931712199461309     
         177   21.931712199461309     
         178   21.931712199461309     
         179   21.931712199461309     
         180   21.931712199461309     
         181   21.931712199461309     
         182   21.931712199461309     
         183   21.931712199461309     
         184   21.931712199461309     
         185   21.931712199461309     
         186   21.931712199461309     
         187   21.931712199461309     
         188   21.931712199461309     
         189   21.931712199461309     
         190   21.931712199461309     
         191   21.931712199461309     
         192   22.135943621178654     
         193   22.135943621178654     
         194   22.135943621178654     
         195   22.135943621178654     
         196   22.135943621178654     
         197   22.135943621178654     
         198   22.135943621178654     
         199   22.135943621178654     
         200   22.135943621178654     
         201   22.135943621178654     
         202   22.135943621178654     
         203   22.135943621178654     
         204   22.135943621178654     
         205   22.135943621178654     
         206   22.135943621178654     
         207   22.135943621178654     
         208   22.135943621178654     
         209   22.135943621178654     
         210   22.671568097509269     
         211   22.671568097509269     
         212   22.671568097509269     
         213   22.671568097509269     
         214   22.671568097509269     
         215   22.825424421026653     
         216   22.825424421026653     
         217   22.825424421026653     
         218   22.825424421026653     
         219   22.825424421026653     
         220   22.825424421026653     
         221   22.825424421026653     
         222   22.825424421026653     
         223   22.825424421026653     
         224   23.706539182259394     
         225   23.706539182259394     
         226   23.706539182259394     
         227   24.186773244895647     
         228   25.059928172283335     
         229   25.059928172283335     
         230   25.059928172283335     
         231   25.059928172283335     
         232   25.059928172283335     
         233   25.059928172283335     
         234   25.059928172283335     
         235   25.059928172283335     
         236   25.059928172283335     
         237   25.059928172283335     
         238   25.059928172283335     
         239   25.059928172283335     
         240   25.059928172283335     
         241   25.059928172283335     
         242   25.059928172283335     
         243   25.059928172283335     
         244   25.059928172283335     
         245   25.059928172283335     
         246   25.059928172283335     
         247   25.059928172283335     
         248   25.059928172283335     
         249   25.942243542145693     
         250   26.832815729997478     
         251   26.832815729997478     
         252   27.294688127912362     
         253   27.730849247724095     
         254   27.730849247724095     
         255   27.730849247724095     
         256   27.730849247724095     
         257   27.730849247724095     
         258   27.730849247724095     
         259   27.730849247724095     
         260   27.730849247724095     
         261   27.730849247724095     
         262   27.730849247724095     
         263   27.730849247724095     
         264   27.730849247724095     
         265   27.730849247724095     
         266   27.730849247724095     
         267   27.730849247724095     
         268   27.730849247724095     
         269   27.730849247724095     
         270   27.730849247724095     
         271   27.730849247724095     
         272   27.730849247724095     
         273   27.730849247724095     
         274   27.730849247724095     
         275   27.730849247724095     
         276   27.730849247724095     
         277   27.730849247724095     
         278   27.730849247724095     
         279   27.802877548915689     
         280   27.802877548915689     
         281   27.802877548915689     
         282   27.802877548915689     
         283   27.802877548915689     
         284   27.802877548915689     
         285   27.802877548915689     
         286   27.802877548915689     
         287   27.802877548915689     
         288   27.802877548915689     
         289   27.802877548915689     
         290   27.802877548915689     
         291   27.802877548915689     
         292   27.802877548915689     
         293   27.802877548915689     
         294   27.802877548915689     
         295   27.802877548915689     
         296   27.802877548915689     
         297   27.802877548915689     
         298   27.802877548915689     
         299   27.802877548915689     
         300   27.802877548915689     
         301   28.301943396169811     
         302   28.301943396169811     
         303   28.301943396169811     
         304   28.301943396169811     
         305   28.301943396169811     
         306   28.301943396169811     
         307   28.301943396169811     
         308   28.301943396169811     
         309   28.301943396169811     
         310   28.301943396169811     
         311   28.301943396169811     
         312   28.301943396169811     
         313   28.301943396169811     
         314   28.301943396169811     
         315   28.301943396169811     
         316   28.301943396169811     
         317   28.301943396169811     
         318   28.301943396169811     
         319   28.301943396169811     
         320   28.301943396169811     
         321   28.301943396169811     
         322   28.301943396169811     
         323   28.301943396169811     
         324   28.301943396169811     
         325   28.301943396169811     
         326   28.301943396169811     
         327   28.301943396169811     
         328   28.301943396169811     
         329   28.301943396169811     
         330   28.301943396169811     
         331   28.301943396169811     
         332   28.301943396169811     
         333   28.301943396169811     
         334   28.301943396169811     
         335   28.301943396169811     
         336   28.301943396169811     
         337   28.301943396169811     
         338   28.301943396169811     
         339   28.301943396169811     
         340   28.301943396169811     
         341   28.301943396169811     
