           2   1.0000000000000000     
           3   1.4142135623730951     
           4   2.2360679774997898     
           5   2.2360679774997898     
           6   2.8284271247461903     
           7   2.8284271247461903     
           8   3.0000000000000000     
           9   3.6055512754639891     
          10   4.0000000000000000     
          11   4.0000000000000000     
          12   4.1231056256176606     
          13   5.0000000000000000     
          14   5.0000000000000000     
          15   5.0000000000000000     
          16   5.0000000000000000     
          17   5.0000000000000000     
          18   5.3851648071345037     
          19   5.8309518948453007     
          20   6.7082039324993694     
          21   6.7082039324993694     
          22   6.7082039324993694     
          23   6.7082039324993694     
          24   6.7082039324993694     
          25   6.7082039324993694     
          26   7.2801098892805181     
          27   7.6157731058639087     
          28   7.6157731058639087     
          29   8.5440037453175304     
          30   8.5440037453175304     
          31   9.4868329805051381     
          32   9.4868329805051381     
          33   9.4868329805051381     
          34   10.440306508910551     
          35   11.401754250991379     
          36   11.401754250991379     
          37   11.401754250991379     
          38   11.401754250991379     
          39   11.401754250991379     
          40   11.401754250991379     
          41   11.401754250991379     
          42   11.401754250991379     
          43   11.401754250991379     
          44   11.401754250991379     
          45   11.401754250991379     
          46   11.401754250991379     
          47   11.401754250991379     
          48   11.401754250991379     
          49   11.401754250991379     
          50   11.401754250991379     
          51   11.401754250991379     
          52   11.401754250991379     
          53   11.401754250991379     
          54   11.401754250991379     
          55   12.369316876852981     
          56   12.369316876852981     
          57   12.369316876852981     
          58   12.369316876852981     
          59   12.369316876852981     
          60   12.369316876852981     
          61   12.369316876852981     
          62   12.369316876852981     
          63   12.369316876852981     
          64   12.369316876852981     
          65   12.369316876852981     
          66   12.369316876852981     
          67   12.369316876852981     
          68   12.369316876852981     
          69   12.369316876852981     
          70   12.369316876852981     
          71   12.369316876852981     
          72   12.369316876852981     
          73   12.369316876852981     
          74   12.369316876852981     
          75   12.369316876852981     
          76   12.369316876852981     
          77   12.369316876852981     
          78   12.369316876852981     
          79   12.369316876852981     
          80   12.369316876852981     
          81   12.369316876852981     
          82   12.369316876852981     
          83   12.369316876852981     
          84   12.369316876852981     
          85   12.369316876852981     
          86   12.369316876852981     
          87   12.369316876852981     
          88   12.369316876852981     
          89   12.369316876852981     
          90   12.369316876852981     
          91   12.369316876852981     
          92   12.369316876852981     
          93   12.369316876852981     
          94   12.369316876852981     
          95   12.369316876852981     
          96   12.369316876852981     
          97   12.369316876852981     
          98   12.369316876852981     
          99   12.369316876852981     
         100   12.369316876852981     
         101   12.369316876852981     
         102   12.369316876852981     
         103   12.369316876852981     
         104   12.369316876852981     
         105   12.369316876852981     
         106   12.369316876852981     
         107   12.369316876852981     
         108   12.369316876852981     
         109   12.369316876852981     
         110   12.369316876852981     
         111   12.369316876852981     
         112   12.369316876852981     
         113   12.369316876852981     
         114   12.369316876852981     
         115   12.369316876852981     
         116   12.369316876852981     
         117   12.369316876852981     
         118   12.369316876852981     
         119   12.369316876852981     
         120   12.369316876852981     
         121   12.369316876852981     
         122   12.369316876852981     
         123   12.369316876852981     
         124   12.369316876852981     
         125   12.369316876852981     
         126   12.369316876852981     
         127   12.369316876852981     
         128   12.369316876852981     
         129   12.369316876852981     
         130   12.369316876852981     
         131   12.369316876852981     
         132   12.369316876852981     
         133   12.369316876852981     
         134   12.369316876852981     
         135   12.369316876852981     
         136   12.369316876852981     
         137   13.000000000000000     
         138   13.000000000000000     
         139   13.000000000000000     
         140   13.000000000000000     
         141   13.000000000000000     
         142   13.000000000000000     
         143   13.416407864998739     
         144   13.416407864998739     
         145   13.416407864998739     
         146   14.317821063276353     
         147   14.317821063276353     
         148   14.317821063276353     
         149   14.317821063276353     
         150   14.317821063276353     
         151   14.317821063276353     
         152   15.000000000000000     
         153   15.297058540778355     
         154   15.297058540778355     
         155   15.652475842498529     
         156   15.652475842498529     
         157   15.652475842498529     
         158   16.278820596099706     
         159   16.278820596099706     
         160   16.278820596099706     
         161   16.278820596099706     
         162   16.278820596099706     
         163   17.029386365926403     
         164   17.029386365926403     
         165   17.029386365926403     
         166   17.029386365926403     
         167   17.029386365926403     
         168   17.029386365926403     
         169   17.029386365926403     
         170   17.029386365926403     
         171   17.029386365926403     
         172   17.029386365926403     
         173   17.029386365926403     
         174   17.029386365926403     
         175   17.029386365926403     
         176   17.029386365926403     
         177   17.888543819998318     
         178   17.888543819998318     
         179   17.888543819998318     
         180   18.788294228055936     
         181   18.788294228055936     
         182   18.788294228055936     
         183   18.788294228055936     
         184   18.788294228055936     
         185   18.788294228055936     
         186   18.788294228055936     
         187   18.788294228055936     
         188   18.788294228055936     
         189   18.788294228055936     
         190   18.788294228055936     
         191   18.788294228055936     
         192   18.788294228055936     
         193   18.788294228055936     
         194   18.788294228055936     
         195   18.788294228055936     
         196   18.788294228055936     
         197   18.788294228055936     
         198   18.788294228055936     
         199   18.788294228055936     
         200   18.788294228055936     
         201   18.788294228055936     
         202   18.788294228055936     
         203   18.788294228055936     
         204   18.788294228055936     
         205   18.788294228055936     
         206   18.788294228055936     
         207   18.867962264113206     
         208   19.723082923316021     
         209   20.591260281974002     
         210   20.591260281974002     
         211   20.591260281974002     
         212   20.591260281974002     
         213   20.591260281974002     
         214   20.591260281974002     
         215   20.591260281974002     
         216   20.591260281974002     
         217   20.591260281974002     
         218   20.591260281974002     
         219   20.591260281974002     
         220   20.591260281974002     
         221   20.591260281974002     
         222   20.591260281974002     
         223   20.591260281974002     
         224   20.591260281974002     
         225   21.095023109728988     
         226   21.095023109728988     
         227   21.095023109728988     
         228   21.095023109728988     
         229   21.633307652783937     
         230   21.633307652783937     
         231   21.633307652783937     
         232   21.633307652783937     
         233   21.633307652783937     
         234   21.633307652783937     
         235   21.633307652783937     
         236   21.954498400100150     
         237   21.954498400100150     
         238   21.954498400100150     
         239   21.954498400100150     
         240   21.954498400100150     
         241   21.954498400100150     
         242   21.954498400100150     
         243   21.954498400100150     
         244   21.954498400100150     
         245   21.954498400100150     
         246   21.954498400100150     
         247   21.954498400100150     
         248   21.954498400100150     
         249   21.954498400100150     
         250   21.954498400100150     
         251   21.954498400100150     
         252   21.954498400100150     
         253   22.561028345356956     
         254   22.561028345356956     
         255   22.825424421026653     
         256   22.825424421026653     
         257   23.537204591879640     
         258   23.537204591879640     
         259   23.537204591879640     
         260   23.537204591879640     
         261   23.537204591879640     
         262   23.537204591879640     
         263   23.537204591879640     
         264   23.537204591879640     
         265   23.769728648009426     
         266   23.769728648009426     
         267   23.769728648009426     
         268   23.769728648009426     
         269   24.515301344262525     
         270   24.515301344262525     
         271   24.515301344262525     
         272   24.515301344262525     
         273   24.515301344262525     
         274   24.738633753705962     
         275   25.709920264364882     
         276   25.709920264364882     
         277   25.961509971494340     
         278   25.961509971494340     
         279   25.961509971494340     
         280   25.961509971494340     
         281   25.961509971494340     
         282   25.961509971494340     
         283   25.961509971494340     
         284   25.961509971494340     
         285   26.683328128252668     
         286   26.683328128252668     
         287   26.683328128252668     
         288   26.683328128252668     
         289   26.683328128252668     
         290   26.683328128252668     
         291   26.683328128252668     
         292   26.683328128252668     
         293   26.683328128252668     
         294   26.683328128252668     
         295   26.683328128252668     
         296   26.683328128252668     
         297   26.683328128252668     
         298   26.683328128252668     
         299   26.683328128252668     
         300   26.683328128252668     
         301   26.683328128252668     
         302   26.683328128252668     
         303   26.683328128252668     
         304   26.683328128252668     
         305   26.683328128252668     
         306   26.683328128252668     
         307   26.683328128252668     
         308   26.683328128252668     
         309   26.683328128252668     
         310   26.683328128252668     
         311   26.683328128252668     
         312   26.683328128252668     
         313   26.683328128252668     
         314   26.683328128252668     
         315   26.683328128252668     
         316   27.294688127912362     
         317   27.294688127912362     
         318   28.178005607210743     
         319   29.068883707497267     
         320   29.068883707497267     
         321   29.068883707497267     
         322   29.068883707497267     
         323   29.068883707497267     
         324   29.068883707497267     
         325   29.068883707497267     
         326   29.529646120466801     
         327   29.529646120466801     
         328   30.016662039607269     
         329   30.016662039607269     
         330   30.016662039607269     
         331   30.016662039607269     
         332   30.016662039607269     
         333   30.413812651491099     
         334   30.413812651491099     
         335   30.413812651491099     
         336   30.413812651491099     
         337   30.886890422961002     
         338   30.886890422961002     
         339   30.886890422961002     
         340   30.886890422961002     
         341   30.886890422961002     
         342   30.886890422961002     
         343   30.886890422961002     
         344   31.400636936215164     
         345   31.400636936215164     
         346   31.400636936215164     
         347   31.400636936215164     
         348   31.400636936215164     
         349   31.400636936215164     
         350   31.400636936215164     
         351   31.400636936215164     
         352   31.400636936215164     
