           2   1.0000000000000000     
           3   1.0000000000000000     
           4   1.0000000000000000     
           5   1.0000000000000000     
           6   2.0000000000000000     
           7   2.0000000000000000     
           8   2.0000000000000000     
           9   3.0000000000000000     
          10   3.1622776601683795     
          11   4.1231056256176606     
          12   4.4721359549995796     
          13   5.3851648071345037     
          14   5.3851648071345037     
          15   5.3851648071345037     
          16   5.3851648071345037     
          17   5.3851648071345037     
          18   6.3245553203367590     
          19   6.3245553203367590     
          20   6.3245553203367590     
          21   6.3245553203367590     
          22   6.3245553203367590     
          23   6.4031242374328485     
          24   7.2801098892805181     
          25   7.2801098892805181     
          26   8.2462112512353212     
          27   8.2462112512353212     
          28   9.0553851381374173     
          29   9.0553851381374173     
          30   9.0553851381374173     
          31   9.0553851381374173     
          32   9.0553851381374173     
          33   9.0553851381374173     
          34   10.049875621120890     
          35   10.049875621120890     
          36   10.049875621120890     
          37   10.049875621120890     
          38   10.049875621120890     
          39   10.049875621120890     
          40   10.049875621120890     
          41   10.049875621120890     
          42   10.049875621120890     
          43   10.049875621120890     
          44   10.049875621120890     
          45   10.049875621120890     
          46   10.049875621120890     
          47   10.049875621120890     
          48   10.049875621120890     
          49   10.049875621120890     
          50   11.000000000000000     
          51   11.000000000000000     
          52   11.000000000000000     
          53   11.045361017187261     
          54   11.180339887498949     
          55   12.041594578792296     
          56   12.041594578792296     
          57   12.041594578792296     
          58   12.041594578792296     
          59   12.041594578792296     
          60   12.041594578792296     
          61   12.041594578792296     
          62   12.041594578792296     
          63   12.041594578792296     
          64   12.041594578792296     
          65   12.041594578792296     
          66   12.041594578792296     
          67   12.041594578792296     
          68   12.041594578792296     
          69   12.041594578792296     
          70   12.041594578792296     
          71   12.041594578792296     
          72   12.165525060596439     
          73   12.165525060596439     
          74   12.165525060596439     
          75   12.165525060596439     
          76   12.165525060596439     
          77   12.165525060596439     
          78   12.165525060596439     
          79   12.165525060596439     
          80   12.165525060596439     
          81   12.165525060596439     
          82   12.165525060596439     
          83   12.165525060596439     
          84   12.165525060596439     
          85   12.165525060596439     
          86   12.165525060596439     
          87   12.165525060596439     
          88   12.165525060596439     
          89   12.165525060596439     
          90   12.165525060596439     
          91   12.165525060596439     
          92   12.165525060596439     
          93   12.165525060596439     
          94   12.165525060596439     
          95   12.165525060596439     
          96   12.165525060596439     
          97   12.165525060596439     
          98   12.165525060596439     
          99   12.165525060596439     
         100   12.806248474865697     
         101   12.806248474865697     
         102   12.806248474865697     
         103   13.601470508735444     
         104   13.601470508735444     
         105   13.601470508735444     
         106   13.601470508735444     
         107   14.142135623730951     
         108   14.317821063276353     
         109   15.132745950421556     
         110   16.124515496597098     
         111   16.124515496597098     
         112   16.124515496597098     
         113   17.117242768623690     
         114   17.117242768623690     
         115   17.117242768623690     
         116   17.117242768623690     
         117   17.117242768623690     
         118   17.117242768623690     
         119   17.117242768623690     
         120   17.117242768623690     
         121   17.117242768623690     
         122   18.110770276274835     
         123   18.248287590894659     
         124   19.104973174542799     
         125   19.104973174542799     
         126   19.104973174542799     
         127   19.104973174542799     
         128   19.104973174542799     
         129   19.104973174542799     
         130   19.104973174542799     
         131   19.104973174542799     
         132   19.104973174542799     
         133   19.104973174542799     
         134   19.104973174542799     
         135   19.104973174542799     
         136   19.104973174542799     
         137   19.104973174542799     
         138   19.104973174542799     
         139   19.104973174542799     
         140   19.104973174542799     
         141   19.104973174542799     
         142   19.104973174542799     
         143   19.104973174542799     
         144   19.104973174542799     
         145   19.104973174542799     
         146   19.104973174542799     
         147   20.024984394500787     
         148   20.024984394500787     
         149   20.024984394500787     
         150   20.024984394500787     
         151   20.024984394500787     
         152   20.024984394500787     
         153   20.024984394500787     
         154   20.024984394500787     
         155   20.024984394500787     
         156   20.024984394500787     
         157   20.024984394500787     
         158   20.024984394500787     
         159   20.024984394500787     
         160   20.024984394500787     
         161   20.024984394500787     
         162   20.024984394500787     
         163   20.024984394500787     
         164   20.024984394500787     
         165   20.024984394500787     
         166   20.024984394500787     
         167   20.024984394500787     
         168   20.024984394500787     
         169   20.024984394500787     
         170   20.024984394500787     
         171   20.099751242241780     
         172   20.099751242241780     
         173   20.099751242241780     
         174   20.099751242241780     
         175   21.095023109728988     
         176   21.213203435596427     
         177   21.213203435596427     
         178   21.213203435596427     
         179   21.213203435596427     
         180   21.213203435596427     
         181   21.213203435596427     
         182   21.213203435596427     
         183   21.213203435596427     
         184   21.213203435596427     
         185   21.213203435596427     
         186   21.213203435596427     
         187   21.213203435596427     
         188   21.213203435596427     
         189   21.377558326431949     
         190   21.377558326431949     
         191   21.377558326431949     
         192   22.360679774997898     
         193   23.345235059857504     
         194   24.331050121192877     
         195   25.317977802344327     
         196   26.305892875931811     
         197   26.305892875931811     
         198   26.305892875931811     
         199   26.305892875931811     
         200   26.305892875931811     
         201   26.305892875931811     
         202   26.305892875931811     
         203   26.305892875931811     
         204   26.305892875931811     
         205   26.305892875931811     
         206   26.305892875931811     
         207   26.305892875931811     
         208   26.305892875931811     
         209   26.305892875931811     
         210   26.305892875931811     
         211   26.683328128252668     
         212   26.683328128252668     
         213   26.683328128252668     
         214   26.683328128252668     
         215   26.683328128252668     
         216   26.683328128252668     
         217   26.683328128252668     
         218   26.683328128252668     
         219   26.683328128252668     
         220   26.683328128252668     
         221   26.683328128252668     
         222   26.683328128252668     
         223   26.683328128252668     
         224   26.683328128252668     
         225   26.683328128252668     
         226   26.683328128252668     
         227   26.683328128252668     
         228   26.683328128252668     
         229   26.683328128252668     
         230   26.683328128252668     
         231   26.683328128252668     
         232   26.683328128252668     
         233   26.683328128252668     
         234   26.683328128252668     
         235   26.683328128252668     
         236   26.683328128252668     
         237   26.683328128252668     
         238   27.658633371878661     
         239   27.658633371878661     
         240   27.658633371878661     
         241   27.658633371878661     
         242   27.658633371878661     
         243   27.658633371878661     
         244   27.658633371878661     
         245   27.658633371878661     
         246   27.658633371878661     
         247   27.658633371878661     
         248   27.658633371878661     
         249   27.658633371878661     
         250   27.658633371878661     
         251   27.658633371878661     
         252   27.658633371878661     
         253   27.658633371878661     
         254   27.658633371878661     
         255   27.658633371878661     
         256   27.658633371878661     
         257   27.658633371878661     
         258   27.658633371878661     
         259   27.658633371878661     
