           2   1.0000000000000000     
           3   1.4142135623730951     
           4   1.4142135623730951     
           5   1.4142135623730951     
           6   2.0000000000000000     
           7   2.2360679774997898     
           8   3.1622776601683795     
           9   3.1622776601683795     
          10   3.1622776601683795     
          11   3.1622776601683795     
          12   3.1622776601683795     
          13   4.1231056256176606     
          14   4.4721359549995796     
          15   5.0990195135927845     
          16   6.0827625302982193     
          17   6.0827625302982193     
          18   6.0827625302982193     
          19   6.0827625302982193     
          20   6.0827625302982193     
          21   7.0710678118654755     
          22   7.0710678118654755     
          23   7.0710678118654755     
          24   7.0710678118654755     
          25   7.0710678118654755     
          26   7.0710678118654755     
          27   7.0710678118654755     
          28   7.0710678118654755     
          29   7.0710678118654755     
          30   7.0710678118654755     
          31   7.0710678118654755     
          32   7.0710678118654755     
          33   7.0710678118654755     
          34   7.0710678118654755     
          35   7.0710678118654755     
          36   7.0710678118654755     
          37   7.0710678118654755     
          38   7.0710678118654755     
          39   7.0710678118654755     
          40   7.0710678118654755     
          41   7.0710678118654755     
          42   7.0710678118654755     
          43   7.0710678118654755     
          44   7.2801098892805181     
          45   7.2801098892805181     
          46   7.2801098892805181     
          47   7.2801098892805181     
          48   7.8102496759066540     
          49   7.8102496759066540     
          50   8.6023252670426267     
          51   8.6023252670426267     
          52   8.6023252670426267     
          53   8.6023252670426267     
          54   8.6023252670426267     
          55   8.6023252670426267     
          56   8.6023252670426267     
          57   8.6023252670426267     
          58   8.6023252670426267     
          59   8.6023252670426267     
          60   8.6023252670426267     
          61   8.6023252670426267     
          62   8.6023252670426267     
          63   8.6023252670426267     
          64   8.6023252670426267     
          65   8.6023252670426267     
          66   8.6023252670426267     
          67   8.6023252670426267     
          68   8.6023252670426267     
          69   8.6023252670426267     
          70   8.6023252670426267     
          71   8.6023252670426267     
          72   8.6023252670426267     
          73   8.6023252670426267     
          74   8.6023252670426267     
          75   8.6023252670426267     
          76   8.6023252670426267     
          77   8.6023252670426267     
          78   8.6023252670426267     
          79   9.2195444572928871     
          80   9.2195444572928871     
          81   10.000000000000000     
          82   10.000000000000000     
          83   10.816653826391969     
          84   10.816653826391969     
          85   10.816653826391969     
          86   10.816653826391969     
          87   10.816653826391969     
          88   11.313708498984761     
          89   11.313708498984761     
          90   11.313708498984761     
          91   11.313708498984761     
          92   11.401754250991379     
          93   11.401754250991379     
          94   11.401754250991379     
          95   11.401754250991379     
          96   12.041594578792296     
          97   12.041594578792296     
          98   12.041594578792296     
          99   12.041594578792296     
         100   12.727922061357855     
         101   12.727922061357855     
         102   12.727922061357855     
         103   12.727922061357855     
         104   12.727922061357855     
         105   12.727922061357855     
         106   12.727922061357855     
         107   13.038404810405298     
         108   13.038404810405298     
         109   13.416407864998739     
         110   13.416407864998739     
         111   13.416407864998739     
         112   13.416407864998739     
         113   13.416407864998739     
         114   13.416407864998739     
         115   13.416407864998739     
         116   13.416407864998739     
         117   13.416407864998739     
         118   13.416407864998739     
         119   13.416407864998739     
         120   13.416407864998739     
         121   13.416407864998739     
         122   13.453624047073710     
         123   14.212670403551895     
         124   14.212670403551895     
         125   14.212670403551895     
         126   14.212670403551895     
         127   14.866068747318506     
         128   14.866068747318506     
         129   14.866068747318506     
         130   14.866068747318506     
         131   14.866068747318506     
         132   15.620499351813308     
         133   15.620499351813308     
         134   15.620499351813308     
         135   15.620499351813308     
         136   15.620499351813308     
         137   15.620499351813308     
         138   15.620499351813308     
         139   15.620499351813308     
         140   15.620499351813308     
         141   15.620499351813308     
         142   15.620499351813308     
         143   15.620499351813308     
         144   15.620499351813308     
         145   16.401219466856727     
         146   16.401219466856727     
         147   16.401219466856727     
         148   16.401219466856727     
         149   16.970562748477139     
         150   16.970562748477139     
         151   16.970562748477139     
         152   16.970562748477139     
         153   16.970562748477139     
         154   16.970562748477139     
         155   17.029386365926403     
         156   17.029386365926403     
         157   17.029386365926403     
         158   17.691806012954132     
         159   17.691806012954132     
         160   17.691806012954132     
         161   17.691806012954132     
         162   17.691806012954132     
         163   17.691806012954132     
         164   17.691806012954132     
         165   17.691806012954132     
         166   17.691806012954132     
         167   17.691806012954132     
         168   18.439088914585774     
         169   18.439088914585774     
         170   18.439088914585774     
         171   18.439088914585774     
         172   19.209372712298546     
         173   19.209372712298546     
         174   19.209372712298546     
         175   19.209372712298546     
         176   19.209372712298546     
         177   19.209372712298546     
         178   19.209372712298546     
         179   19.798989873223331     
         180   19.798989873223331     
         181   19.798989873223331     
         182   19.798989873223331     
         183   19.798989873223331     
         184   19.798989873223331     
         185   19.798989873223331     
         186   19.798989873223331     
         187   19.798989873223331     
         188   19.798989873223331     
         189   19.798989873223331     
         190   19.798989873223331     
         191   19.798989873223331     
         192   20.000000000000000     
         193   20.000000000000000     
         194   20.000000000000000     
         195   20.000000000000000     
         196   20.000000000000000     
         197   20.000000000000000     
         198   20.000000000000000     
         199   20.000000000000000     
         200   20.000000000000000     
         201   20.000000000000000     
         202   20.000000000000000     
         203   20.000000000000000     
         204   20.000000000000000     
         205   20.000000000000000     
         206   20.000000000000000     
         207   20.000000000000000     
         208   20.808652046684813     
         209   20.808652046684813     
         210   21.633307652783937     
         211   22.203603311174518     
         212   22.203603311174518     
         213   22.203603311174518     
         214   22.203603311174518     
         215   22.203603311174518     
         216   22.203603311174518     
         217   22.203603311174518     
         218   22.203603311174518     
         219   22.203603311174518     
         220   22.203603311174518     
         221   22.203603311174518     
         222   22.203603311174518     
         223   22.203603311174518     
         224   22.203603311174518     
         225   22.203603311174518     
         226   22.203603311174518     
         227   22.203603311174518     
         228   22.203603311174518     
         229   22.203603311174518     
         230   22.203603311174518     
         231   22.803508501982758     
         232   22.803508501982758     
         233   22.803508501982758     
         234   22.803508501982758     
         235   22.803508501982758     
         236   22.803508501982758     
         237   22.803508501982758     
         238   22.803508501982758     
         239   22.803508501982758     
         240   22.803508501982758     
         241   22.803508501982758     
         242   22.803508501982758     
         243   22.803508501982758     
         244   22.803508501982758     
         245   22.803508501982758     
         246   23.600847442411894     
         247   23.600847442411894     
         248   23.600847442411894     
         249   23.600847442411894     
         250   23.600847442411894     
         251   23.600847442411894     
         252   23.600847442411894     
         253   23.600847442411894     
         254   23.600847442411894     
         255   23.600847442411894     
         256   23.600847442411894     
         257   23.600847442411894     
         258   23.600847442411894     
         259   23.600847442411894     
         260   23.600847442411894     
         261   23.706539182259394     
         262   23.706539182259394     
         263   24.166091947189145     
         264   24.166091947189145     
         265   24.166091947189145     
         266   24.166091947189145     
         267   24.166091947189145     
         268   24.166091947189145     
         269   24.166091947189145     
         270   24.166091947189145     
         271   24.166091947189145     
         272   24.166091947189145     
         273   24.166091947189145     
         274   24.166091947189145     
         275   24.207436873820409     
         276   24.207436873820409     
         277   25.079872407968907     
         278   25.079872407968907     
         279   25.079872407968907     
         280   25.079872407968907     
         281   25.079872407968907     
         282   25.079872407968907     
         283   25.079872407968907     
         284   25.079872407968907     
         285   25.079872407968907     
         286   25.079872407968907     
         287   25.079872407968907     
         288   25.079872407968907     
         289   25.079872407968907     
         290   25.079872407968907     
         291   25.079872407968907     
         292   25.079872407968907     
         293   25.079872407968907     
         294   25.079872407968907     
         295   25.079872407968907     
         296   25.079872407968907     
         297   25.079872407968907     
         298   25.079872407968907     
         299   25.079872407968907     
         300   25.079872407968907     
         301   25.079872407968907     
         302   25.079872407968907     
         303   25.079872407968907     
         304   25.079872407968907     
         305   25.079872407968907     
         306   25.079872407968907     
         307   25.079872407968907     
         308   25.079872407968907     
         309   25.079872407968907     
         310   25.079872407968907     
         311   25.942243542145693     
