           2   1.0000000000000000     
           3   2.0000000000000000     
           4   2.0000000000000000     
           5   2.0000000000000000     
           6   2.2360679774997898     
           7   2.2360679774997898     
           8   2.8284271247461903     
           9   3.0000000000000000     
          10   3.1622776601683795     
          11   4.0000000000000000     
          12   4.0000000000000000     
          13   4.1231056256176606     
          14   4.1231056256176606     
          15   5.0000000000000000     
          16   6.0000000000000000     
          17   6.0000000000000000     
          18   6.0827625302982193     
          19   6.0827625302982193     
          20   6.0827625302982193     
          21   6.0827625302982193     
          22   6.0827625302982193     
          23   6.0827625302982193     
          24   6.0827625302982193     
          25   6.0827625302982193     
          26   6.0827625302982193     
          27   6.3245553203367590     
          28   6.3245553203367590     
          29   6.4031242374328485     
          30   7.0710678118654755     
          31   7.0710678118654755     
          32   7.0710678118654755     
          33   7.0710678118654755     
          34   7.0710678118654755     
          35   7.2801098892805181     
          36   8.0000000000000000     
          37   8.0000000000000000     
          38   8.0000000000000000     
          39   8.4852813742385695     
          40   8.4852813742385695     
          41   8.4852813742385695     
          42   8.4852813742385695     
          43   9.2195444572928871     
          44   9.2195444572928871     
          45   9.2195444572928871     
          46   9.2195444572928871     
          47   9.2195444572928871     
          48   9.2195444572928871     
          49   9.2195444572928871     
          50   9.2195444572928871     
          51   9.2195444572928871     
          52   9.2195444572928871     
          53   9.2195444572928871     
          54   9.2195444572928871     
          55   10.000000000000000     
          56   10.630145812734650     
          57   10.816653826391969     
          58   10.816653826391969     
          59   10.816653826391969     
          60   10.816653826391969     
          61   10.816653826391969     
          62   10.816653826391969     
          63   10.816653826391969     
          64   10.816653826391969     
          65   10.816653826391969     
          66   10.816653826391969     
          67   10.816653826391969     
          68   10.816653826391969     
          69   10.816653826391969     
          70   10.816653826391969     
          71   10.816653826391969     
          72   10.816653826391969     
          73   10.816653826391969     
          74   10.816653826391969     
          75   10.816653826391969     
          76   11.313708498984761     
          77   11.704699910719626     
          78   11.704699910719626     
          79   11.704699910719626     
          80   11.704699910719626     
          81   12.083045973594572     
          82   13.000000000000000     
          83   13.928388277184119     
          84   13.928388277184119     
          85   14.866068747318506     
          86   15.811388300841896     
          87   15.811388300841896     
          88   15.811388300841896     
          89   15.811388300841896     
          90   15.811388300841896     
          91   15.811388300841896     
          92   15.811388300841896     
          93   15.811388300841896     
          94   15.811388300841896     
          95   15.811388300841896     
          96   15.811388300841896     
          97   15.811388300841896     
          98   16.492422502470642     
          99   16.492422502470642     
         100   16.763054614240211     
         101   16.763054614240211     
         102   16.763054614240211     
         103   16.763054614240211     
         104   16.763054614240211     
         105   16.763054614240211     
         106   16.763054614240211     
         107   17.720045146669349     
         108   17.720045146669349     
         109   18.681541692269406     
         110   18.681541692269406     
         111   18.681541692269406     
         112   18.681541692269406     
         113   18.681541692269406     
         114   18.681541692269406     
         115   19.646882704388499     
         116   19.646882704388499     
         117   19.646882704388499     
         118   19.646882704388499     
         119   19.646882704388499     
         120   19.646882704388499     
         121   19.646882704388499     
         122   19.646882704388499     
         123   19.646882704388499     
         124   19.646882704388499     
         125   19.646882704388499     
         126   19.646882704388499     
         127   19.646882704388499     
         128   19.646882704388499     
         129   19.646882704388499     
         130   19.646882704388499     
         131   19.646882704388499     
         132   20.615528128088304     
         133   20.615528128088304     
         134   20.615528128088304     
         135   20.615528128088304     
         136   20.615528128088304     
         137   20.615528128088304     
         138   20.615528128088304     
         139   20.615528128088304     
         140   20.615528128088304     
         141   20.615528128088304     
         142   20.615528128088304     
         143   20.615528128088304     
         144   20.615528128088304     
         145   20.615528128088304     
         146   20.880613017821101     
         147   20.880613017821101     
         148   20.880613017821101     
         149   20.880613017821101     
         150   20.880613017821101     
         151   20.880613017821101     
         152   20.880613017821101     
         153   20.880613017821101     
         154   20.880613017821101     
         155   20.880613017821101     
         156   20.880613017821101     
         157   20.880613017821101     
         158   20.880613017821101     
         159   20.880613017821101     
         160   21.587033144922902     
         161   21.587033144922902     
         162   21.587033144922902     
         163   22.561028345356956     
         164   22.803508501982758     
         165   22.803508501982758     
         166   22.803508501982758     
         167   22.803508501982758     
         168   22.803508501982758     
         169   22.803508501982758     
         170   23.769728648009426     
         171   23.769728648009426     
         172   23.769728648009426     
         173   24.041630560342615     
         174   24.041630560342615     
         175   24.041630560342615     
         176   24.041630560342615     
         177   24.041630560342615     
         178   24.041630560342615     
         179   24.351591323771842     
         180   24.351591323771842     
         181   24.351591323771842     
         182   24.351591323771842     
         183   24.351591323771842     
         184   24.351591323771842     
         185   24.351591323771842     
         186   24.351591323771842     
         187   24.351591323771842     
         188   24.351591323771842     
         189   24.351591323771842     
         190   24.351591323771842     
         191   24.738633753705962     
         192   24.738633753705962     
         193   24.738633753705962     
         194   25.709920264364882     
         195   25.961509971494340     
         196   25.961509971494340     
         197   25.961509971494340     
         198   25.961509971494340     
         199   25.961509971494340     
         200   25.961509971494340     
         201   25.961509971494340     
         202   25.961509971494340     
         203   25.961509971494340     
         204   25.961509971494340     
         205   26.925824035672520     
         206   27.892651361962706     
         207   27.892651361962706     
         208   27.892651361962706     
         209   27.892651361962706     
         210   27.892651361962706     
         211   27.892651361962706     
         212   27.892651361962706     
         213   27.892651361962706     
         214   27.892651361962706     
         215   27.892651361962706     
         216   27.892651361962706     
         217   28.635642126552707     
         218   28.635642126552707     
         219   28.635642126552707     
         220   29.614185789921695     
         221   29.614185789921695     
         222   29.614185789921695     
         223   29.614185789921695     
         224   29.614185789921695     
         225   30.594117081556711     
         226   31.575306807693888     
         227   31.575306807693888     
         228   31.575306807693888     
         229   32.557641192199412     
         230   32.557641192199412     
         231   32.557641192199412     
         232   32.557641192199412     
         233   32.557641192199412     
         234   32.557641192199412     
         235   32.557641192199412     
         236   32.557641192199412     
         237   32.557641192199412     
         238   32.557641192199412     
         239   32.557641192199412     
         240   32.557641192199412     
         241   32.557641192199412     
         242   32.557641192199412     
         243   32.557641192199412     
         244   32.557641192199412     
         245   32.557641192199412     
         246   32.557641192199412     
         247   32.557641192199412     
         248   32.557641192199412     
         249   32.557641192199412     
         250   32.557641192199412     
         251   32.557641192199412     
         252   32.557641192199412     
         253   32.557641192199412     
         254   32.557641192199412     
         255   32.557641192199412     
         256   32.557641192199412     
         257   32.557641192199412     
         258   32.557641192199412     
         259   32.557641192199412     
         260   32.557641192199412     
         261   32.557641192199412     
         262   32.557641192199412     
         263   32.557641192199412     
         264   32.557641192199412     
         265   32.557641192199412     
         266   32.557641192199412     
         267   32.557641192199412     
         268   32.557641192199412     
         269   32.557641192199412     
         270   32.557641192199412     
         271   32.557641192199412     
         272   32.557641192199412     
         273   32.557641192199412     
         274   32.557641192199412     
         275   32.557641192199412     
         276   32.557641192199412     
         277   32.557641192199412     
         278   32.557641192199412     
         279   32.557641192199412     
         280   32.557641192199412     
         281   32.557641192199412     
         282   32.557641192199412     
         283   32.557641192199412     
         284   32.557641192199412     
         285   32.557641192199412     
         286   32.557641192199412     
         287   32.557641192199412     
         288   32.557641192199412     
         289   32.557641192199412     
         290   32.557641192199412     
         291   32.557641192199412     
         292   32.557641192199412     
         293   32.557641192199412     
         294   32.557641192199412     
         295   32.557641192199412     
         296   32.557641192199412     
         297   32.557641192199412     
         298   32.557641192199412     
         299   32.557641192199412     
         300   32.557641192199412     
         301   32.557641192199412     
         302   32.557641192199412     
         303   32.557641192199412     
         304   32.557641192199412     
         305   32.557641192199412     
         306   32.557641192199412     
         307   32.557641192199412     
         308   32.557641192199412     
         309   32.572994949804659     
         310   32.572994949804659     
         311   32.572994949804659     
         312   32.893768406797051     
         313   32.893768406797051     
         314   32.893768406797051     
         315   32.893768406797051     
         316   32.893768406797051     
         317   32.893768406797051     
         318   32.893768406797051     
         319   32.893768406797051     
         320   32.893768406797051     
         321   32.893768406797051     
         322   32.893768406797051     
         323   32.893768406797051     
         324   32.893768406797051     
         325   32.893768406797051     
         326   32.893768406797051     
         327   32.893768406797051     
         328   32.893768406797051     
         329   32.893768406797051     
         330   32.893768406797051     
         331   32.893768406797051     
         332   32.893768406797051     
         333   32.893768406797051     
         334   32.893768406797051     
