           2   1.0000000000000000     
           3   2.0000000000000000     
           4   2.0000000000000000     
           5   2.0000000000000000     
           6   2.2360679774997898     
           7   3.1622776601683795     
           8   3.1622776601683795     
           9   3.1622776601683795     
          10   3.1622776601683795     
          11   3.1622776601683795     
          12   3.1622776601683795     
          13   4.1231056256176606     
          14   4.1231056256176606     
          15   4.1231056256176606     
          16   5.0990195135927845     
          17   5.0990195135927845     
          18   5.0990195135927845     
          19   5.0990195135927845     
          20   5.0990195135927845     
          21   5.0990195135927845     
          22   5.0990195135927845     
          23   5.0990195135927845     
          24   5.0990195135927845     
          25   6.0827625302982193     
          26   7.0710678118654755     
          27   7.0710678118654755     
          28   7.0710678118654755     
          29   7.0710678118654755     
          30   7.0710678118654755     
          31   7.0710678118654755     
          32   7.0710678118654755     
          33   7.0710678118654755     
          34   7.0710678118654755     
          35   7.0710678118654755     
          36   7.2801098892805181     
          37   8.2462112512353212     
          38   8.2462112512353212     
          39   8.2462112512353212     
          40   8.2462112512353212     
          41   8.2462112512353212     
          42   8.2462112512353212     
          43   8.2462112512353212     
          44   8.2462112512353212     
          45   8.2462112512353212     
          46   8.2462112512353212     
          47   9.2195444572928871     
          48   9.2195444572928871     
          49   9.2195444572928871     
          50   9.2195444572928871     
          51   9.2195444572928871     
          52   9.2195444572928871     
          53   9.2195444572928871     
          54   9.2195444572928871     
          55   9.2195444572928871     
          56   9.2195444572928871     
          57   9.2195444572928871     
          58   9.2195444572928871     
          59   9.2195444572928871     
          60   9.2195444572928871     
          61   9.2195444572928871     
          62   9.8488578017961039     
          63   10.000000000000000     
          64   10.630145812734650     
          65   11.313708498984761     
          66   11.401754250991379     
          67   11.401754250991379     
          68   11.401754250991379     
          69   11.401754250991379     
          70   12.041594578792296     
          71   12.041594578792296     
          72   12.041594578792296     
          73   12.041594578792296     
          74   12.041594578792296     
          75   12.041594578792296     
          76   12.041594578792296     
          77   12.041594578792296     
          78   12.041594578792296     
          79   12.041594578792296     
          80   12.041594578792296     
          81   12.041594578792296     
          82   12.041594578792296     
          83   12.041594578792296     
          84   12.041594578792296     
          85   12.041594578792296     
          86   12.041594578792296     
          87   12.806248474865697     
          88   13.453624047073710     
          89   13.453624047073710     
          90   13.453624047073710     
          91   13.453624047073710     
          92   13.453624047073710     
          93   13.453624047073710     
          94   13.453624047073710     
          95   14.142135623730951     
          96   14.142135623730951     
          97   14.866068747318506     
          98   14.866068747318506     
          99   14.866068747318506     
         100   14.866068747318506     
         101   14.866068747318506     
         102   14.866068747318506     
         103   14.866068747318506     
         104   14.866068747318506     
         105   14.866068747318506     
         106   14.866068747318506     
         107   14.866068747318506     
         108   14.866068747318506     
         109   14.866068747318506     
         110   14.866068747318506     
         111   14.866068747318506     
         112   15.620499351813308     
         113   15.620499351813308     
         114   16.401219466856727     
         115   16.401219466856727     
         116   16.401219466856727     
         117   16.401219466856727     
         118   16.401219466856727     
         119   16.401219466856727     
         120   16.401219466856727     
         121   16.401219466856727     
         122   16.401219466856727     
         123   16.401219466856727     
         124   16.401219466856727     
         125   16.401219466856727     
         126   16.401219466856727     
         127   16.401219466856727     
         128   17.204650534085253     
         129   17.204650534085253     
         130   18.027756377319946     
         131   18.601075237738275     
         132   18.601075237738275     
         133   18.601075237738275     
         134   18.601075237738275     
         135   18.601075237738275     
         136   18.601075237738275     
         137   18.601075237738275     
         138   18.601075237738275     
         139   18.601075237738275     
         140   18.601075237738275     
         141   18.601075237738275     
         142   18.601075237738275     
         143   18.601075237738275     
         144   18.601075237738275     
         145   18.601075237738275     
         146   18.601075237738275     
         147   18.601075237738275     
         148   18.788294228055936     
         149   19.697715603592208     
         150   19.697715603592208     
         151   19.697715603592208     
         152   19.697715603592208     
         153   19.697715603592208     
         154   19.697715603592208     
         155   19.697715603592208     
         156   19.697715603592208     
         157   19.697715603592208     
         158   19.697715603592208     
         159   19.697715603592208     
         160   19.697715603592208     
         161   19.697715603592208     
         162   19.723082923316021     
         163   20.591260281974002     
         164   20.591260281974002     
         165   21.470910553583888     
         166   22.360679774997898     
         167   22.360679774997898     
         168   22.360679774997898     
         169   22.825424421026653     
         170   23.259406699226016     
         171   23.259406699226016     
         172   23.259406699226016     
         173   23.259406699226016     
         174   23.259406699226016     
         175   23.259406699226016     
         176   23.259406699226016     
         177   23.259406699226016     
         178   23.259406699226016     
         179   24.166091947189145     
         180   24.166091947189145     
         181   24.166091947189145     
         182   24.186773244895647     
         183   24.186773244895647     
         184   24.596747752497688     
         185   25.059928172283335     
         186   25.059928172283335     
         187   25.059928172283335     
         188   25.059928172283335     
         189   25.059928172283335     
         190   25.059928172283335     
         191   25.059928172283335     
         192   25.059928172283335     
         193   25.059928172283335     
         194   25.495097567963924     
         195   26.400757564888170     
         196   26.400757564888170     
         197   26.400757564888170     
         198   26.400757564888170     
         199   26.832815729997478     
         200   26.832815729997478     
         201   27.313000567495326     
         202   27.313000567495326     
         203   27.313000567495326     
         204   27.313000567495326     
         205   27.313000567495326     
         206   27.313000567495326     
         207   27.313000567495326     
         208   27.313000567495326     
         209   27.313000567495326     
         210   27.313000567495326     
         211   27.313000567495326     
         212   27.313000567495326     
         213   27.313000567495326     
         214   27.313000567495326     
         215   27.313000567495326     
         216   27.313000567495326     
         217   27.856776554368238     
         218   28.792360097775937     
