           2   1.0000000000000000     
           3   1.0000000000000000     
           4   1.0000000000000000     
           5   1.4142135623730951     
           6   2.2360679774997898     
           7   2.2360679774997898     
           8   2.2360679774997898     
           9   2.2360679774997898     
          10   3.1622776601683795     
          11   3.1622776601683795     
          12   3.1622776601683795     
          13   3.1622776601683795     
          14   3.6055512754639891     
          15   3.6055512754639891     
          16   4.0000000000000000     
          17   4.1231056256176606     
          18   4.2426406871192848     
          19   5.0000000000000000     
          20   6.0000000000000000     
          21   6.0000000000000000     
          22   6.0000000000000000     
          23   6.0000000000000000     
          24   7.0000000000000000     
          25   7.0000000000000000     
          26   7.0000000000000000     
          27   7.0000000000000000     
          28   7.0000000000000000     
          29   8.0000000000000000     
          30   8.0000000000000000     
          31   8.0000000000000000     
          32   8.0000000000000000     
          33   8.0000000000000000     
          34   8.0000000000000000     
          35   8.0000000000000000     
          36   8.0000000000000000     
          37   8.0622577482985491     
          38   8.0622577482985491     
          39   8.0622577482985491     
          40   8.0622577482985491     
          41   8.0622577482985491     
          42   9.0553851381374173     
          43   9.0553851381374173     
          44   9.2195444572928871     
          45   9.2195444572928871     
          46   9.2195444572928871     
          47   9.2195444572928871     
          48   9.2195444572928871     
          49   9.2195444572928871     
          50   9.2195444572928871     
          51   9.2195444572928871     
          52   9.2195444572928871     
          53   9.2195444572928871     
          54   9.2195444572928871     
          55   9.2195444572928871     
          56   9.2195444572928871     
          57   9.2195444572928871     
          58   9.2195444572928871     
          59   9.2195444572928871     
          60   9.2195444572928871     
          61   9.2195444572928871     
          62   9.2195444572928871     
          63   9.2195444572928871     
          64   9.4868329805051381     
          65   9.4868329805051381     
          66   9.4868329805051381     
          67   9.4868329805051381     
          68   9.4868329805051381     
          69   9.4868329805051381     
          70   9.4868329805051381     
          71   9.4868329805051381     
          72   9.4868329805051381     
          73   9.4868329805051381     
          74   9.4868329805051381     
          75   9.4868329805051381     
          76   9.4868329805051381     
          77   9.4868329805051381     
          78   9.4868329805051381     
          79   9.4868329805051381     
          80   9.4868329805051381     
          81   9.4868329805051381     
          82   9.4868329805051381     
          83   9.4868329805051381     
          84   9.4868329805051381     
          85   9.4868329805051381     
          86   9.4868329805051381     
          87   9.4868329805051381     
          88   10.440306508910551     
          89   10.770329614269007     
          90   10.770329614269007     
          91   11.180339887498949     
          92   11.661903789690601     
          93   11.661903789690601     
          94   11.661903789690601     
          95   11.661903789690601     
          96   11.661903789690601     
          97   11.661903789690601     
          98   11.661903789690601     
          99   11.661903789690601     
         100   11.661903789690601     
         101   11.661903789690601     
         102   12.529964086141668     
         103   13.416407864998739     
         104   13.416407864998739     
         105   13.416407864998739     
         106   13.416407864998739     
         107   13.416407864998739     
         108   13.416407864998739     
         109   13.416407864998739     
         110   13.416407864998739     
         111   13.416407864998739     
         112   13.416407864998739     
         113   14.317821063276353     
         114   14.317821063276353     
         115   14.560219778561036     
         116   14.866068747318506     
         117   15.231546211727817     
         118   15.231546211727817     
         119   15.231546211727817     
         120   15.231546211727817     
         121   15.231546211727817     
         122   15.231546211727817     
         123   15.231546211727817     
         124   15.524174696260024     
         125   16.492422502470642     
         126   16.763054614240211     
         127   17.464249196572979     
         128   17.464249196572979     
         129   17.464249196572979     
         130   18.439088914585774     
         131   19.416487838947599     
         132   19.416487838947599     
         133   19.416487838947599     
         134   19.416487838947599     
         135   19.416487838947599     
         136   19.416487838947599     
         137   19.416487838947599     
         138   19.416487838947599     
         139   19.416487838947599     
         140   19.416487838947599     
         141   19.416487838947599     
         142   19.416487838947599     
         143   19.416487838947599     
         144   19.416487838947599     
         145   20.223748416156685     
         146   20.223748416156685     
         147   20.223748416156685     
         148   20.223748416156685     
         149   20.223748416156685     
         150   20.223748416156685     
         151   20.223748416156685     
         152   20.223748416156685     
         153   20.223748416156685     
         154   20.223748416156685     
         155   20.223748416156685     
         156   20.223748416156685     
         157   20.223748416156685     
         158   20.223748416156685     
         159   20.223748416156685     
         160   20.223748416156685     
         161   20.223748416156685     
         162   20.223748416156685     
         163   20.223748416156685     
         164   20.223748416156685     
         165   20.223748416156685     
         166   20.223748416156685     
         167   20.223748416156685     
         168   20.223748416156685     
         169   20.223748416156685     
         170   20.223748416156685     
         171   20.223748416156685     
         172   20.223748416156685     
         173   20.223748416156685     
         174   20.223748416156685     
         175   20.223748416156685     
         176   20.223748416156685     
         177   20.223748416156685     
         178   20.223748416156685     
         179   20.223748416156685     
         180   20.223748416156685     
         181   20.223748416156685     
         182   20.223748416156685     
         183   20.223748416156685     
         184   20.223748416156685     
         185   20.223748416156685     
         186   20.223748416156685     
         187   20.223748416156685     
         188   20.223748416156685     
         189   20.223748416156685     
         190   20.223748416156685     
         191   20.223748416156685     
         192   20.223748416156685     
         193   20.223748416156685     
         194   20.223748416156685     
         195   20.223748416156685     
         196   20.223748416156685     
         197   20.223748416156685     
         198   20.223748416156685     
         199   20.223748416156685     
         200   20.223748416156685     
         201   20.223748416156685     
         202   20.223748416156685     
         203   20.223748416156685     
         204   20.223748416156685     
         205   20.223748416156685     
         206   20.223748416156685     
         207   20.223748416156685     
         208   20.223748416156685     
         209   20.223748416156685     
         210   20.223748416156685     
         211   20.223748416156685     
         212   20.223748416156685     
         213   20.223748416156685     
         214   20.223748416156685     
