           2   1.0000000000000000     
           3   1.0000000000000000     
           4   1.4142135623730951     
           5   2.2360679774997898     
           6   2.2360679774997898     
           7   2.2360679774997898     
           8   2.8284271247461903     
           9   2.8284271247461903     
          10   3.1622776601683795     
          11   4.1231056256176606     
          12   5.0990195135927845     
          13   5.0990195135927845     
          14   5.0990195135927845     
          15   5.0990195135927845     
          16   5.0990195135927845     
          17   6.0827625302982193     
          18   7.0710678118654755     
          19   7.0710678118654755     
          20   7.0710678118654755     
          21   7.0710678118654755     
          22   7.0710678118654755     
          23   7.0710678118654755     
          24   7.0710678118654755     
          25   7.0710678118654755     
          26   7.0710678118654755     
          27   7.0710678118654755     
          28   7.0710678118654755     
          29   7.0710678118654755     
          30   7.0710678118654755     
          31   7.0710678118654755     
          32   7.0710678118654755     
          33   7.0710678118654755     
          34   7.0710678118654755     
          35   7.0710678118654755     
          36   7.0710678118654755     
          37   7.0710678118654755     
          38   7.0710678118654755     
          39   8.0000000000000000     
          40   8.0000000000000000     
          41   8.0000000000000000     
          42   9.0000000000000000     
          43   9.0553851381374173     
          44   9.2195444572928871     
          45   9.2195444572928871     
          46   9.2195444572928871     
          47   9.2195444572928871     
          48   9.2195444572928871     
          49   9.2195444572928871     
          50   9.2195444572928871     
          51   9.2195444572928871     
          52   9.2195444572928871     
          53   9.2195444572928871     
          54   9.2195444572928871     
          55   9.2195444572928871     
          56   9.2195444572928871     
          57   9.2195444572928871     
          58   9.2195444572928871     
          59   9.2195444572928871     
          60   9.2195444572928871     
          61   10.198039027185569     
          62   11.180339887498949     
          63   12.165525060596439     
          64   12.165525060596439     
          65   12.165525060596439     
          66   12.165525060596439     
          67   12.165525060596439     
          68   12.165525060596439     
          69   12.165525060596439     
          70   12.165525060596439     
          71   12.165525060596439     
          72   12.165525060596439     
          73   12.165525060596439     
          74   12.165525060596439     
          75   12.165525060596439     
          76   12.165525060596439     
          77   12.165525060596439     
          78   12.165525060596439     
          79   12.165525060596439     
          80   12.165525060596439     
          81   12.165525060596439     
          82   12.165525060596439     
          83   12.165525060596439     
          84   12.165525060596439     
          85   12.165525060596439     
          86   12.165525060596439     
          87   12.165525060596439     
          88   12.165525060596439     
          89   12.165525060596439     
          90   12.165525060596439     
          91   12.165525060596439     
          92   12.165525060596439     
          93   12.165525060596439     
          94   12.165525060596439     
          95   12.165525060596439     
          96   12.165525060596439     
          97   12.165525060596439     
          98   12.649110640673518     
          99   13.000000000000000     
         100   13.928388277184119     
         101   13.928388277184119     
         102   13.928388277184119     
         103   13.928388277184119     
         104   13.928388277184119     
         105   13.928388277184119     
         106   13.928388277184119     
         107   13.928388277184119     
         108   13.928388277184119     
         109   13.928388277184119     
         110   13.928388277184119     
         111   13.928388277184119     
         112   13.928388277184119     
         113   14.866068747318506     
         114   14.866068747318506     
         115   14.866068747318506     
         116   14.866068747318506     
         117   14.866068747318506     
         118   15.811388300841896     
         119   15.811388300841896     
         120   15.811388300841896     
         121   15.811388300841896     
         122   15.811388300841896     
         123   15.811388300841896     
         124   15.811388300841896     
         125   15.811388300841896     
         126   15.811388300841896     
         127   15.811388300841896     
         128   15.811388300841896     
         129   15.811388300841896     
         130   15.811388300841896     
         131   15.811388300841896     
         132   15.811388300841896     
         133   15.811388300841896     
         134   15.811388300841896     
         135   15.811388300841896     
         136   15.811388300841896     
         137   15.811388300841896     
         138   15.811388300841896     
         139   15.811388300841896     
         140   16.155494421403510     
         141   16.155494421403510     
         142   16.155494421403510     
         143   16.155494421403510     
         144   16.155494421403510     
         145   16.155494421403510     
         146   16.155494421403510     
         147   16.155494421403510     
         148   16.155494421403510     
         149   16.155494421403510     
         150   16.155494421403510     
         151   16.155494421403510     
         152   16.155494421403510     
         153   16.155494421403510     
         154   16.155494421403510     
         155   16.155494421403510     
         156   16.155494421403510     
         157   16.155494421403510     
         158   16.155494421403510     
         159   17.088007490635061     
         160   18.027756377319946     
         161   18.027756377319946     
         162   18.027756377319946     
         163   18.027756377319946     
         164   18.027756377319946     
         165   18.027756377319946     
         166   18.384776310850235     
         167   18.384776310850235     
         168   18.384776310850235     
         169   18.384776310850235     
         170   18.384776310850235     
         171   18.384776310850235     
         172   18.384776310850235     
         173   18.384776310850235     
         174   18.384776310850235     
         175   18.384776310850235     
         176   18.384776310850235     
         177   18.384776310850235     
         178   18.384776310850235     
         179   18.384776310850235     
         180   18.384776310850235     
         181   18.384776310850235     
         182   19.313207915827967     
         183   19.313207915827967     
         184   19.313207915827967     
         185   19.313207915827967     
         186   20.248456731316587     
         187   20.248456731316587     
         188   20.248456731316587     
         189   20.248456731316587     
         190   20.248456731316587     
         191   20.248456731316587     
         192   20.248456731316587     
         193   20.615528128088304     
         194   20.615528128088304     
         195   21.189620100417091     
         196   21.189620100417091     
         197   21.189620100417091     
         198   21.189620100417091     
         199   21.189620100417091     
         200   21.189620100417091     
         201   21.189620100417091     
         202   21.189620100417091     
         203   21.189620100417091     
         204   21.189620100417091     
         205   21.189620100417091     
         206   21.189620100417091     
         207   21.189620100417091     
         208   21.189620100417091     
         209   21.189620100417091     
         210   21.189620100417091     
         211   21.189620100417091     
         212   21.189620100417091     
         213   21.189620100417091     
         214   21.840329667841555     
         215   21.840329667841555     
         216   21.840329667841555     
         217   21.840329667841555     
         218   21.931712199461309     
         219   21.931712199461309     
         220   22.847319317591726     
         221   22.847319317591726     
         222   22.847319317591726     
         223   22.847319317591726     
         224   22.847319317591726     
         225   22.847319317591726     
         226   22.847319317591726     
         227   22.847319317591726     
         228   22.847319317591726     
         229   22.847319317591726     
         230   22.847319317591726     
         231   22.847319317591726     
         232   22.847319317591726     
         233   22.847319317591726     
         234   22.847319317591726     
         235   22.847319317591726     
         236   22.847319317591726     
         237   22.847319317591726     
         238   22.847319317591726     
         239   22.847319317591726     
         240   23.259406699226016     
         241   23.259406699226016     
         242   23.259406699226016     
         243   23.259406699226016     
         244   23.259406699226016     
         245   23.259406699226016     
         246   23.259406699226016     
         247   23.259406699226016     
         248   23.259406699226016     
         249   24.166091947189145     
         250   25.079872407968907     
         251   25.079872407968907     
         252   25.079872407968907     
         253   25.079872407968907     
         254   25.079872407968907     
         255   25.079872407968907     
         256   25.079872407968907     
         257   25.079872407968907     
         258   25.079872407968907     
         259   25.079872407968907     
         260   25.079872407968907     
         261   25.079872407968907     
         262   25.079872407968907     
         263   25.079872407968907     
         264   25.079872407968907     
         265   25.079872407968907     
         266   25.079872407968907     
         267   25.079872407968907     
         268   25.079872407968907     
         269   25.079872407968907     
         270   25.079872407968907     
         271   25.079872407968907     
         272   25.079872407968907     
         273   25.079872407968907     
         274   25.298221281347036     
         275   25.298221281347036     
         276   25.298221281347036     
         277   25.298221281347036     
         278   25.298221281347036     
         279   25.298221281347036     
         280   25.298221281347036     
         281   25.298221281347036     
         282   25.298221281347036     
         283   25.298221281347036     
         284   25.298221281347036     
         285   25.298221281347036     
         286   25.298221281347036     
         287   25.298221281347036     
         288   25.298221281347036     
         289   25.298221281347036     
         290   25.298221281347036     
         291   25.298221281347036     
         292   25.298221281347036     
         293   25.298221281347036     
         294   25.298221281347036     
         295   25.298221281347036     
         296   25.298221281347036     
         297   25.298221281347036     
         298   25.298221281347036     
         299   25.298221281347036     
         300   25.298221281347036     
         301   25.298221281347036     
         302   25.298221281347036     
         303   25.298221281347036     
         304   25.298221281347036     
         305   26.000000000000000     
         306   26.000000000000000     
         307   26.000000000000000     
         308   26.000000000000000     
         309   26.000000000000000     
         310   26.000000000000000     
         311   26.925824035672520     
         312   26.925824035672520     
         313   26.925824035672520     
         314   26.925824035672520     
         315   26.925824035672520     
         316   26.925824035672520     
         317   26.925824035672520     
         318   26.925824035672520     
         319   26.925824035672520     
         320   26.925824035672520     
         321   26.925824035672520     
         322   26.925824035672520     
         323   26.925824035672520     
         324   26.925824035672520     
         325   26.925824035672520     
         326   26.925824035672520     
         327   26.925824035672520     
         328   26.925824035672520     
         329   26.925824035672520     
         330   26.925824035672520     
         331   26.925824035672520     
         332   26.925824035672520     
         333   26.925824035672520     
         334   26.925824035672520     
         335   26.925824035672520     
         336   26.925824035672520     
         337   26.925824035672520     
         338   26.925824035672520     
         339   26.925824035672520     
         340   26.925824035672520     
         341   26.925824035672520     
         342   26.925824035672520     
         343   26.925824035672520     
         344   26.925824035672520     
         345   26.925824035672520     
         346   26.925824035672520     
         347   26.925824035672520     
         348   26.925824035672520     
         349   26.925824035672520     
         350   26.925824035672520     
         351   26.925824035672520     
         352   26.925824035672520     
         353   26.925824035672520     
         354   26.925824035672520     
         355   26.925824035672520     
         356   26.925824035672520     
         357   26.925824035672520     
         358   26.925824035672520     
         359   26.925824035672520     
         360   26.925824035672520     
         361   26.925824035672520     
         362   26.925824035672520     
         363   26.925824035672520     
         364   26.925824035672520     
         365   26.925824035672520     
         366   26.925824035672520     
         367   26.925824035672520     
         368   26.925824035672520     
         369   26.925824035672520     
         370   26.925824035672520     
         371   26.925824035672520     
         372   26.925824035672520     
         373   26.925824035672520     
         374   26.925824035672520     
         375   26.925824035672520     
         376   26.925824035672520     
         377   26.925824035672520     
         378   26.925824035672520     
         379   26.925824035672520     
         380   26.925824035672520     
         381   26.925824035672520     
         382   26.925824035672520     
         383   26.925824035672520     
         384   26.925824035672520     
         385   26.925824035672520     
         386   26.925824035672520     
         387   26.925824035672520     
         388   26.925824035672520     
         389   26.925824035672520     
         390   27.202941017470888     
         391   28.160255680657446     
         392   28.160255680657446     
         393   28.160255680657446     
         394   28.160255680657446     
         395   28.160255680657446     
         396   28.160255680657446     
         397   28.160255680657446     
         398   29.120439557122072     
         399   29.120439557122072     
         400   29.120439557122072     
         401   29.120439557122072     
         402   29.120439557122072     
         403   29.120439557122072     
         404   29.120439557122072     
         405   29.120439557122072     
         406   29.120439557122072     
         407   29.120439557122072     
         408   29.120439557122072     
         409   29.120439557122072     
         410   29.120439557122072     
         411   29.120439557122072     
         412   29.120439557122072     
         413   29.120439557122072     
         414   29.120439557122072     
         415   29.120439557122072     
         416   29.120439557122072     
         417   29.120439557122072     
         418   29.120439557122072     
         419   29.120439557122072     
         420   29.120439557122072     
         421   29.120439557122072     
         422   29.120439557122072     
         423   29.120439557122072     
         424   29.120439557122072     
         425   29.120439557122072     
         426   29.120439557122072     
         427   29.120439557122072     
         428   29.120439557122072     
         429   29.120439557122072     
         430   29.120439557122072     
         431   29.120439557122072     
         432   29.120439557122072     
         433   29.120439557122072     
         434   29.120439557122072     
         435   29.120439557122072     
         436   29.120439557122072     
         437   29.120439557122072     
         438   29.120439557122072     
         439   29.120439557122072     
         440   29.120439557122072     
         441   29.120439557122072     
         442   29.120439557122072     
         443   29.120439557122072     
         444   29.120439557122072     
         445   29.120439557122072     
         446   29.120439557122072     
         447   29.120439557122072     
         448   29.120439557122072     
         449   29.120439557122072     
         450   29.120439557122072     
         451   29.120439557122072     
         452   29.120439557122072     
         453   29.120439557122072     
         454   29.120439557122072     
         455   29.120439557122072     
         456   29.120439557122072     
         457   29.120439557122072     
         458   29.120439557122072     
         459   29.120439557122072     
         460   29.120439557122072     
         461   29.120439557122072     
         462   29.120439557122072     
         463   29.120439557122072     
         464   29.120439557122072     
         465   29.120439557122072     
         466   29.120439557122072     
         467   29.120439557122072     
         468   29.120439557122072     
         469   29.120439557122072     
         470   29.120439557122072     
         471   29.120439557122072     
