           2   1.0000000000000000     
           3   1.4142135623730951     
           4   2.2360679774997898     
           5   3.1622776601683795     
           6   3.1622776601683795     
           7   3.1622776601683795     
           8   3.1622776601683795     
           9   3.6055512754639891     
          10   4.1231056256176606     
          11   4.1231056256176606     
          12   4.4721359549995796     
          13   4.4721359549995796     
          14   4.4721359549995796     
          15   4.4721359549995796     
          16   5.0990195135927845     
          17   5.0990195135927845     
          18   5.8309518948453007     
          19   5.8309518948453007     
          20   6.0827625302982193     
          21   7.0710678118654755     
          22   7.2801098892805181     
          23   8.2462112512353212     
          24   8.2462112512353212     
          25   8.2462112512353212     
          26   8.2462112512353212     
          27   9.2195444572928871     
          28   9.2195444572928871     
          29   9.2195444572928871     
          30   9.4868329805051381     
          31   10.440306508910551     
          32   10.440306508910551     
          33   10.440306508910551     
          34   10.770329614269007     
          35   11.401754250991379     
          36   11.401754250991379     
          37   11.661903789690601     
          38   11.661903789690601     
          39   11.661903789690601     
          40   11.661903789690601     
          41   11.661903789690601     
          42   11.661903789690601     
          43   12.369316876852981     
          44   13.341664064126334     
          45   13.601470508735444     
          46   13.928388277184119     
          47   14.317821063276353     
          48   14.866068747318506     
          49   14.866068747318506     
          50   14.866068747318506     
          51   14.866068747318506     
          52   14.866068747318506     
          53   15.811388300841896     
          54   15.811388300841896     
          55   15.811388300841896     
          56   15.811388300841896     
          57   15.811388300841896     
          58   15.811388300841896     
          59   15.811388300841896     
          60   15.811388300841896     
          61   15.811388300841896     
          62   16.031219541881399     
          63   16.492422502470642     
          64   16.492422502470642     
          65   16.492422502470642     
          66   16.492422502470642     
          67   16.492422502470642     
          68   17.464249196572979     
          69   17.464249196572979     
          70   17.464249196572979     
          71   17.464249196572979     
          72   17.464249196572979     
          73   18.439088914585774     
          74   19.416487838947599     
          75   20.396078054371138     
          76   20.396078054371138     
          77   20.396078054371138     
          78   20.396078054371138     
          79   20.396078054371138     
          80   20.396078054371138     
          81   20.396078054371138     
          82   20.396078054371138     
          83   20.396078054371138     
          84   20.396078054371138     
          85   21.377558326431949     
          86   21.377558326431949     
          87   21.377558326431949     
          88   22.360679774997898     
          89   22.360679774997898     
          90   22.360679774997898     
          91   22.360679774997898     
          92   22.360679774997898     
          93   22.360679774997898     
          94   22.360679774997898     
          95   22.360679774997898     
          96   22.360679774997898     
          97   22.360679774997898     
          98   23.345235059857504     
          99   23.345235059857504     
         100   23.345235059857504     
         101   23.345235059857504     
         102   23.345235059857504     
         103   23.345235059857504     
         104   23.345235059857504     
         105   24.331050121192877     
         106   24.331050121192877     
         107   24.331050121192877     
         108   24.331050121192877     
         109   24.331050121192877     
         110   24.331050121192877     
         111   24.331050121192877     
         112   24.331050121192877     
         113   24.331050121192877     
         114   24.331050121192877     
         115   24.331050121192877     
         116   24.331050121192877     
         117   24.331050121192877     
         118   24.331050121192877     
         119   24.331050121192877     
         120   25.317977802344327     
         121   26.305892875931811     
         122   26.305892875931811     
         123   26.305892875931811     
         124   26.305892875931811     
         125   26.305892875931811     
         126   26.305892875931811     
         127   26.305892875931811     
         128   26.305892875931811     
         129   26.305892875931811     
         130   26.305892875931811     
         131   26.305892875931811     
         132   26.305892875931811     
         133   26.305892875931811     
         134   26.305892875931811     
         135   26.305892875931811     
         136   26.305892875931811     
         137   26.305892875931811     
         138   26.305892875931811     
         139   27.294688127912362     
         140   27.294688127912362     
         141   27.294688127912362     
         142   27.294688127912362     
         143   27.294688127912362     
         144   28.284271247461902     
         145   29.274562336608895     
         146   29.274562336608895     
         147   29.274562336608895     
         148   29.274562336608895     
         149   29.274562336608895     
         150   29.274562336608895     
         151   29.427877939124322     
         152   30.413812651491099     
         153   30.413812651491099     
         154   30.413812651491099     
         155   30.413812651491099     
         156   30.413812651491099     
         157   30.413812651491099     
         158   30.413812651491099     
         159   30.413812651491099     
         160   30.413812651491099     
         161   30.413812651491099     
         162   30.413812651491099     
         163   30.413812651491099     
         164   30.413812651491099     
         165   30.413812651491099     
         166   30.413812651491099     
         167   30.413812651491099     
         168   30.413812651491099     
         169   30.413812651491099     
         170   30.413812651491099     
         171   30.413812651491099     
         172   30.413812651491099     
         173   30.413812651491099     
         174   30.413812651491099     
         175   30.413812651491099     
         176   30.413812651491099     
         177   30.413812651491099     
         178   30.413812651491099     
         179   30.413812651491099     
         180   30.413812651491099     
         181   30.413812651491099     
         182   30.413812651491099     
         183   30.413812651491099     
         184   30.594117081556711     
         185   30.805843601498726     
         186   30.805843601498726     
         187   30.805843601498726     
         188   30.805843601498726     
         189   30.805843601498726     
         190   30.805843601498726     
         191   30.805843601498726     
         192   30.805843601498726     
         193   30.805843601498726     
         194   30.805843601498726     
         195   30.805843601498726     
         196   30.805843601498726     
         197   30.805843601498726     
         198   30.805843601498726     
         199   31.575306807693888     
         200   31.575306807693888     
         201   31.575306807693888     
         202   31.575306807693888     
         203   31.575306807693888     
         204   31.575306807693888     
         205   31.575306807693888     
         206   31.575306807693888     
         207   31.575306807693888     
         208   32.557641192199412     
         209   32.557641192199412     
         210   32.557641192199412     
         211   32.557641192199412     
         212   32.557641192199412     
         213   32.557641192199412     
         214   32.557641192199412     
         215   32.557641192199412     
         216   32.557641192199412     
         217   32.557641192199412     
         218   32.557641192199412     
         219   32.557641192199412     
         220   32.557641192199412     
         221   32.557641192199412     
         222   32.557641192199412     
         223   32.557641192199412     
         224   32.557641192199412     
         225   32.557641192199412     
         226   32.557641192199412     
         227   32.557641192199412     
         228   32.557641192199412     
         229   33.541019662496844     
         230   33.541019662496844     
         231   33.541019662496844     
         232   33.541019662496844     
         233   33.541019662496844     
         234   33.541019662496844     
         235   33.541019662496844     
         236   33.541019662496844     
         237   33.541019662496844     
         238   33.541019662496844     
         239   33.541019662496844     
         240   33.541019662496844     
         241   33.541019662496844     
         242   33.541019662496844     
         243   33.541019662496844     
         244   33.541019662496844     
         245   33.541019662496844     
         246   33.541019662496844     
         247   33.541019662496844     
         248   33.541019662496844     
         249   33.541019662496844     
         250   33.541019662496844     
         251   33.541019662496844     
         252   33.541019662496844     
         253   33.541019662496844     
         254   33.541019662496844     
         255   33.541019662496844     
         256   33.541019662496844     
         257   33.541019662496844     
         258   33.541019662496844     
         259   33.541019662496844     
         260   33.541019662496844     
         261   33.541019662496844     
         262   33.541019662496844     
         263   33.541019662496844     
         264   33.541019662496844     
         265   33.541019662496844     
         266   33.541019662496844     
         267   33.541019662496844     
         268   33.541019662496844     
         269   33.541019662496844     
         270   33.541019662496844     
         271   33.541019662496844     
         272   33.541019662496844     
         273   33.541019662496844     
         274   33.541019662496844     
         275   33.541019662496844     
         276   33.541019662496844     
         277   33.541019662496844     
         278   33.541019662496844     
         279   33.541019662496844     
         280   33.541019662496844     
         281   33.541019662496844     
         282   33.541019662496844     
         283   33.541019662496844     
         284   33.541019662496844     
         285   33.541019662496844     
         286   34.205262752974143     
         287   34.205262752974143     
         288   34.205262752974143     
         289   34.205262752974143     
         290   34.205262752974143     
         291   34.205262752974143     
         292   34.205262752974143     
         293   34.205262752974143     
         294   34.205262752974143     
         295   34.713109915419565     
         296   34.713109915419565     
         297   35.383612025908263     
         298   36.069377593742864     
         299   36.069377593742864     
         300   36.069377593742864     
         301   36.069377593742864     
         302   36.069377593742864     
         303   36.069377593742864     
         304   36.124783736376884     
         305   36.124783736376884     
         306   36.124783736376884     
         307   36.124783736376884     
         308   36.878177829171548     
         309   36.878177829171548     
         310   36.878177829171548     
         311   36.878177829171548     
         312   36.878177829171548     
         313   36.878177829171548     
         314   36.878177829171548     
         315   36.878177829171548     
         316   37.536648758246919     
         317   37.536648758246919     
         318   37.643060449437421     
         319   37.643060449437421     
         320   37.643060449437421     
         321   37.643060449437421     
         322   37.643060449437421     
         323   38.418745424597091     
         324   39.051248379533270     
         325   39.051248379533270     
         326   39.051248379533270     
         327   39.051248379533270     
         328   39.051248379533270     
         329   39.051248379533270     
         330   39.051248379533270     
         331   39.698866482558415     
         332   40.360872141221130     
         333   40.360872141221130     
         334   40.360872141221130     
         335   40.360872141221130     
         336   40.459856648287818     
         337   40.459856648287818     
         338   40.459856648287818     
         339   40.459856648287818     
         340   40.459856648287818     
         341   40.459856648287818     
         342   40.459856648287818     
         343   40.459856648287818     
         344   40.459856648287818     
         345   40.459856648287818     
         346   40.459856648287818     
         347   40.459856648287818     
         348   40.459856648287818     
         349   40.459856648287818     
         350   40.459856648287818     
         351   40.459856648287818     
         352   40.459856648287818     
         353   40.459856648287818     
         354   40.459856648287818     
         355   41.036569057366385     
         356   41.773197148410844     
         357   42.449970553582247     
         358   42.449970553582247     
         359   42.449970553582247     
         360   42.449970553582247     
         361   42.449970553582247     
         362   42.449970553582247     
         363   42.449970553582247     
         364   42.449970553582247     
         365   42.449970553582247     
         366   42.449970553582247     
         367   42.449970553582247     
         368   42.449970553582247     
         369   42.449970553582247     
         370   42.449970553582247     
         371   42.449970553582247     
         372   42.449970553582247     
         373   42.449970553582247     
         374   42.449970553582247     
         375   42.449970553582247     
         376   42.449970553582247     
         377   42.449970553582247     
         378   42.449970553582247     
         379   42.449970553582247     
         380   42.449970553582247     
         381   42.449970553582247     
         382   42.449970553582247     
         383   42.449970553582247     
         384   42.449970553582247     
         385   42.449970553582247     
         386   42.449970553582247     
         387   42.449970553582247     
         388   42.449970553582247     
         389   42.449970553582247     
         390   42.449970553582247     
         391   42.449970553582247     
         392   42.449970553582247     
         393   42.449970553582247     
         394   42.449970553582247     
         395   42.449970553582247     
         396   42.449970553582247     
         397   42.449970553582247     
         398   42.449970553582247     
         399   42.449970553582247     
         400   42.449970553582247     
         401   42.449970553582247     
         402   42.449970553582247     
         403   42.449970553582247     
         404   42.449970553582247     
         405   42.449970553582247     
         406   42.449970553582247     
         407   42.449970553582247     
         408   42.449970553582247     
         409   42.449970553582247     
         410   42.449970553582247     
         411   42.449970553582247     
         412   42.449970553582247     
         413   42.449970553582247     
         414   42.449970553582247     
         415   42.449970553582247     
         416   42.449970553582247     
         417   42.449970553582247     
         418   42.720018726587654     
         419   42.720018726587654     
         420   42.720018726587654     
         421   42.720018726587654     
         422   42.720018726587654     
         423   42.720018726587654     
         424   42.720018726587654     
         425   42.720018726587654     
         426   42.720018726587654     
         427   42.720018726587654     
         428   42.720018726587654     
         429   42.720018726587654     
         430   42.720018726587654     
         431   42.720018726587654     
         432   42.720018726587654     
         433   42.720018726587654     
         434   42.720018726587654     
         435   42.720018726587654     
         436   42.720018726587654     
         437   42.720018726587654     
         438   42.720018726587654     
