           2   1.0000000000000000     
           3   1.0000000000000000     
           4   2.0000000000000000     
           5   2.0000000000000000     
           6   3.0000000000000000     
           7   3.0000000000000000     
           8   3.0000000000000000     
           9   3.0000000000000000     
          10   3.1622776601683795     
          11   3.1622776601683795     
          12   4.0000000000000000     
          13   4.0000000000000000     
          14   4.0000000000000000     
          15   4.1231056256176606     
          16   4.4721359549995796     
          17   5.0000000000000000     
          18   5.0990195135927845     
          19   5.0990195135927845     
          20   5.0990195135927845     
          21   5.0990195135927845     
          22   5.3851648071345037     
          23   6.0827625302982193     
          24   7.0710678118654755     
          25   7.0710678118654755     
          26   7.0710678118654755     
          27   7.0710678118654755     
          28   7.0710678118654755     
          29   7.0710678118654755     
          30   7.0710678118654755     
          31   7.0710678118654755     
          32   7.0710678118654755     
          33   7.0710678118654755     
          34   7.0710678118654755     
          35   7.0710678118654755     
          36   7.2801098892805181     
          37   7.2801098892805181     
          38   7.2801098892805181     
          39   7.2801098892805181     
          40   7.2801098892805181     
          41   7.2801098892805181     
          42   7.2801098892805181     
          43   7.2801098892805181     
          44   8.0622577482985491     
          45   8.0622577482985491     
          46   9.0553851381374173     
          47   9.0553851381374173     
          48   9.0553851381374173     
          49   10.049875621120890     
          50   10.049875621120890     
          51   10.049875621120890     
          52   10.049875621120890     
          53   10.049875621120890     
          54   10.198039027185569     
          55   10.440306508910551     
          56   10.440306508910551     
          57   10.440306508910551     
          58   10.440306508910551     
          59   10.440306508910551     
          60   10.440306508910551     
          61   10.440306508910551     
          62   10.440306508910551     
          63   10.440306508910551     
          64   11.045361017187261     
          65   11.045361017187261     
          66   11.045361017187261     
          67   11.045361017187261     
          68   11.045361017187261     
          69   11.045361017187261     
          70   11.045361017187261     
          71   11.045361017187261     
          72   11.045361017187261     
          73   11.045361017187261     
          74   11.045361017187261     
          75   11.045361017187261     
          76   11.045361017187261     
          77   11.045361017187261     
          78   11.045361017187261     
          79   11.045361017187261     
          80   11.045361017187261     
          81   11.045361017187261     
          82   11.045361017187261     
          83   11.045361017187261     
          84   11.045361017187261     
          85   11.045361017187261     
          86   11.180339887498949     
          87   12.041594578792296     
          88   12.041594578792296     
          89   12.041594578792296     
          90   12.041594578792296     
          91   12.041594578792296     
          92   12.041594578792296     
          93   12.041594578792296     
          94   12.041594578792296     
          95   12.041594578792296     
          96   12.041594578792296     
          97   12.041594578792296     
          98   12.369316876852981     
          99   12.369316876852981     
         100   12.369316876852981     
         101   13.341664064126334     
         102   13.341664064126334     
         103   13.341664064126334     
         104   13.341664064126334     
         105   13.341664064126334     
         106   13.601470508735444     
         107   13.601470508735444     
         108   13.928388277184119     
         109   13.928388277184119     
         110   13.928388277184119     
         111   14.317821063276353     
         112   14.317821063276353     
         113   14.317821063276353     
         114   14.317821063276353     
         115   14.317821063276353     
         116   14.317821063276353     
         117   14.317821063276353     
         118   14.764823060233400     
         119   14.764823060233400     
         120   14.764823060233400     
         121   15.652475842498529     
         122   16.552945357246848     
         123   16.552945357246848     
         124   16.552945357246848     
         125   16.552945357246848     
         126   16.552945357246848     
         127   16.552945357246848     
         128   16.552945357246848     
         129   16.552945357246848     
         130   16.552945357246848     
         131   16.552945357246848     
         132   16.552945357246848     
         133   16.552945357246848     
         134   16.552945357246848     
         135   16.552945357246848     
         136   16.552945357246848     
         137   16.552945357246848     
         138   16.552945357246848     
         139   17.000000000000000     
         140   17.000000000000000     
         141   17.029386365926403     
         142   17.029386365926403     
         143   17.029386365926403     
         144   17.464249196572979     
         145   17.464249196572979     
         146   17.464249196572979     
         147   17.464249196572979     
         148   17.464249196572979     
         149   17.464249196572979     
         150   17.464249196572979     
         151   17.464249196572979     
         152   18.110770276274835     
         153   18.110770276274835     
         154   18.110770276274835     
         155   18.110770276274835     
         156   18.110770276274835     
         157   18.110770276274835     
         158   18.110770276274835     
         159   18.110770276274835     
         160   18.110770276274835     
         161   18.110770276274835     
         162   18.110770276274835     
         163   18.110770276274835     
         164   18.110770276274835     
         165   18.110770276274835     
         166   18.110770276274835     
         167   18.110770276274835     
         168   18.110770276274835     
         169   18.110770276274835     
         170   18.110770276274835     
         171   18.110770276274835     
         172   18.110770276274835     
         173   18.110770276274835     
         174   18.110770276274835     
         175   18.110770276274835     
         176   18.110770276274835     
         177   18.110770276274835     
         178   18.110770276274835     
         179   18.110770276274835     
         180   18.110770276274835     
         181   18.110770276274835     
         182   18.110770276274835     
         183   18.110770276274835     
         184   18.110770276274835     
         185   18.110770276274835     
         186   18.110770276274835     
         187   18.110770276274835     
         188   18.110770276274835     
         189   18.110770276274835     
         190   18.110770276274835     
         191   18.110770276274835     
         192   18.110770276274835     
         193   18.110770276274835     
         194   18.110770276274835     
         195   18.110770276274835     
         196   18.110770276274835     
         197   18.110770276274835     
         198   18.110770276274835     
         199   18.110770276274835     
         200   18.110770276274835     
         201   18.110770276274835     
         202   18.110770276274835     
         203   18.110770276274835     
         204   18.110770276274835     
         205   18.110770276274835     
         206   18.110770276274835     
         207   18.110770276274835     
         208   18.110770276274835     
         209   18.110770276274835     
         210   18.110770276274835     
         211   18.110770276274835     
         212   18.110770276274835     
         213   18.110770276274835     
         214   18.110770276274835     
         215   18.110770276274835     
         216   18.110770276274835     
         217   18.110770276274835     
         218   18.110770276274835     
         219   18.110770276274835     
         220   18.110770276274835     
         221   18.110770276274835     
         222   18.110770276274835     
         223   18.110770276274835     
         224   18.110770276274835     
         225   18.110770276274835     
         226   18.110770276274835     
         227   18.110770276274835     
         228   18.110770276274835     
         229   18.110770276274835     
         230   18.110770276274835     
         231   18.110770276274835     
         232   18.110770276274835     
         233   18.110770276274835     
         234   18.110770276274835     
         235   18.110770276274835     
         236   18.110770276274835     
         237   18.110770276274835     
         238   18.110770276274835     
         239   18.110770276274835     
         240   18.110770276274835     
         241   18.110770276274835     
         242   18.110770276274835     
         243   18.110770276274835     
         244   18.110770276274835     
         245   18.110770276274835     
         246   18.110770276274835     
         247   18.110770276274835     
         248   18.110770276274835     
         249   18.110770276274835     
         250   18.110770276274835     
         251   18.110770276274835     
         252   18.110770276274835     
         253   18.110770276274835     
         254   18.110770276274835     
         255   18.110770276274835     
         256   18.110770276274835     
         257   18.601075237738275     
         258   18.601075237738275     
         259   18.601075237738275     
         260   18.601075237738275     
         261   18.601075237738275     
         262   18.601075237738275     
         263   18.601075237738275     
         264   18.601075237738275     
         265   19.416487838947599     
         266   19.416487838947599     
         267   20.248456731316587     
         268   20.248456731316587     
         269   20.248456731316587     
         270   20.248456731316587     
         271   20.248456731316587     
         272   20.248456731316587     
         273   20.248456731316587     
         274   20.248456731316587     
         275   20.248456731316587     
         276   21.095023109728988     
         277   21.095023109728988     
         278   21.470910553583888     
         279   21.470910553583888     
         280   21.470910553583888     
         281   21.470910553583888     
         282   21.470910553583888     
         283   21.470910553583888     
         284   21.470910553583888     
         285   21.470910553583888     
         286   21.470910553583888     
         287   21.470910553583888     
         288   21.470910553583888     
         289   21.470910553583888     
         290   21.470910553583888     
         291   21.470910553583888     
         292   21.470910553583888     
         293   21.470910553583888     
         294   21.470910553583888     
         295   21.470910553583888     
         296   21.470910553583888     
         297   21.470910553583888     
         298   21.470910553583888     
         299   21.470910553583888     
         300   21.470910553583888     
         301   21.470910553583888     
         302   21.470910553583888     
         303   22.135943621178654     
         304   22.135943621178654     
         305   23.086792761230392     
         306   23.086792761230392     
         307   23.086792761230392     
         308   23.086792761230392     
         309   23.086792761230392     
         310   23.086792761230392     
         311   23.086792761230392     
         312   23.086792761230392     
         313   23.086792761230392     
         314   23.086792761230392     
         315   23.086792761230392     
         316   23.086792761230392     
         317   23.086792761230392     
         318   23.086792761230392     
         319   23.086792761230392     
         320   23.086792761230392     
         321   23.086792761230392     
         322   23.086792761230392     
         323   23.086792761230392     
         324   23.086792761230392     
         325   23.086792761230392     
         326   23.086792761230392     
         327   23.086792761230392     
         328   23.086792761230392     
         329   23.086792761230392     
         330   23.086792761230392     
         331   23.086792761230392     
         332   23.600847442411894     
         333   24.413111231467404     
         334   24.413111231467404     
         335   24.413111231467404     
         336   24.413111231467404     
         337   24.413111231467404     
         338   24.413111231467404     
         339   24.413111231467404     
         340   24.413111231467404     
         341   24.413111231467404     
         342   24.413111231467404     
         343   24.413111231467404     
         344   24.413111231467404     
         345   24.413111231467404     
         346   24.413111231467404     
         347   24.413111231467404     
         348   24.413111231467404     
         349   25.000000000000000     
         350   25.000000000000000     
         351   25.000000000000000     
         352   25.000000000000000     
         353   25.000000000000000     
         354   25.000000000000000     
         355   25.000000000000000     
         356   25.000000000000000     
