           2   1.0000000000000000     
           3   1.0000000000000000     
           4   1.4142135623730951     
           5   1.4142135623730951     
           6   2.2360679774997898     
           7   2.2360679774997898     
           8   2.8284271247461903     
           9   3.1622776601683795     
          10   3.1622776601683795     
          11   3.1622776601683795     
          12   4.1231056256176606     
          13   4.1231056256176606     
          14   4.1231056256176606     
          15   4.1231056256176606     
          16   4.1231056256176606     
          17   4.1231056256176606     
          18   4.1231056256176606     
          19   4.1231056256176606     
          20   4.1231056256176606     
          21   4.1231056256176606     
          22   4.2426406871192848     
          23   4.4721359549995796     
          24   5.3851648071345037     
          25   5.3851648071345037     
          26   5.3851648071345037     
          27   5.3851648071345037     
          28   5.3851648071345037     
          29   6.0827625302982193     
          30   6.3245553203367590     
          31   6.7082039324993694     
          32   7.0710678118654755     
          33   7.2801098892805181     
          34   7.2801098892805181     
          35   7.2801098892805181     
          36   7.2801098892805181     
          37   7.2801098892805181     
          38   7.2801098892805181     
          39   8.2462112512353212     
          40   8.2462112512353212     
          41   8.2462112512353212     
          42   8.2462112512353212     
          43   8.2462112512353212     
          44   8.2462112512353212     
          45   8.2462112512353212     
          46   8.6023252670426267     
          47   8.6023252670426267     
          48   9.0000000000000000     
          49   9.0553851381374173     
          50   10.049875621120890     
          51   10.049875621120890     
          52   10.049875621120890     
          53   10.049875621120890     
          54   11.045361017187261     
          55   11.045361017187261     
          56   11.045361017187261     
          57   11.313708498984761     
          58   12.041594578792296     
          59   12.041594578792296     
          60   12.041594578792296     
          61   12.041594578792296     
          62   12.041594578792296     
          63   12.041594578792296     
          64   12.041594578792296     
          65   12.041594578792296     
          66   12.041594578792296     
          67   12.041594578792296     
          68   12.041594578792296     
          69   12.727922061357855     
          70   12.727922061357855     
          71   12.727922061357855     
          72   12.727922061357855     
          73   12.727922061357855     
          74   12.727922061357855     
          75   12.727922061357855     
          76   12.727922061357855     
          77   12.727922061357855     
          78   12.727922061357855     
          79   12.727922061357855     
          80   12.727922061357855     
          81   12.727922061357855     
          82   12.727922061357855     
          83   12.727922061357855     
          84   12.727922061357855     
          85   12.727922061357855     
          86   12.727922061357855     
          87   12.727922061357855     
          88   12.727922061357855     
          89   12.727922061357855     
          90   12.727922061357855     
          91   12.727922061357855     
          92   12.727922061357855     
          93   12.727922061357855     
          94   12.727922061357855     
          95   12.806248474865697     
          96   12.806248474865697     
          97   12.806248474865697     
          98   12.806248474865697     
          99   12.806248474865697     
         100   12.806248474865697     
         101   12.806248474865697     
         102   12.806248474865697     
         103   12.806248474865697     
         104   12.806248474865697     
         105   12.806248474865697     
         106   12.806248474865697     
         107   12.806248474865697     
         108   12.806248474865697     
         109   12.806248474865697     
         110   12.806248474865697     
         111   12.806248474865697     
         112   12.806248474865697     
         113   12.806248474865697     
         114   12.806248474865697     
         115   12.806248474865697     
         116   12.806248474865697     
         117   12.806248474865697     
         118   12.806248474865697     
         119   12.806248474865697     
         120   12.806248474865697     
         121   12.806248474865697     
         122   12.806248474865697     
         123   12.806248474865697     
         124   12.806248474865697     
         125   12.806248474865697     
         126   12.806248474865697     
         127   12.806248474865697     
         128   12.806248474865697     
         129   12.806248474865697     
         130   12.806248474865697     
         131   12.806248474865697     
         132   12.806248474865697     
         133   12.806248474865697     
         134   12.806248474865697     
         135   13.601470508735444     
         136   13.601470508735444     
         137   13.601470508735444     
         138   14.212670403551895     
         139   14.212670403551895     
         140   14.212670403551895     
         141   14.212670403551895     
         142   14.212670403551895     
         143   14.212670403551895     
         144   14.212670403551895     
         145   14.560219778561036     
         146   14.560219778561036     
         147   14.560219778561036     
         148   14.560219778561036     
         149   14.560219778561036     
         150   15.264337522473747     
         151   15.264337522473747     
         152   15.264337522473747     
         153   15.264337522473747     
         154   15.264337522473747     
         155   15.264337522473747     
         156   15.264337522473747     
         157   15.264337522473747     
         158   15.264337522473747     
         159   15.264337522473747     
         160   15.264337522473747     
         161   15.264337522473747     
         162   15.264337522473747     
         163   15.264337522473747     
         164   15.264337522473747     
         165   15.264337522473747     
         166   15.264337522473747     
         167   15.264337522473747     
         168   15.297058540778355     
         169   15.297058540778355     
         170   15.297058540778355     
         171   15.297058540778355     
         172   15.297058540778355     
         173   15.297058540778355     
         174   15.297058540778355     
         175   15.297058540778355     
         176   15.297058540778355     
         177   15.297058540778355     
         178   15.297058540778355     
         179   15.297058540778355     
         180   15.297058540778355     
         181   15.297058540778355     
         182   15.297058540778355     
         183   15.297058540778355     
         184   15.297058540778355     
         185   15.297058540778355     
         186   15.297058540778355     
         187   16.124515496597098     
         188   16.124515496597098     
         189   16.124515496597098     
         190   16.124515496597098     
         191   16.124515496597098     
         192   16.124515496597098     
         193   16.124515496597098     
         194   16.124515496597098     
         195   16.124515496597098     
         196   16.124515496597098     
         197   16.124515496597098     
         198   17.117242768623690     
         199   17.117242768623690     
         200   17.117242768623690     
         201   17.117242768623690     
         202   17.117242768623690     
         203   17.117242768623690     
         204   17.117242768623690     
         205   17.117242768623690     
         206   17.117242768623690     
         207   17.117242768623690     
         208   17.117242768623690     
         209   17.117242768623690     
         210   17.262676501632068     
         211   17.262676501632068     
         212   17.804493814764857     
         213   18.248287590894659     
         214   18.248287590894659     
         215   18.248287590894659     
         216   18.248287590894659     
         217   18.248287590894659     
         218   18.248287590894659     
         219   18.248287590894659     
         220   18.248287590894659     
         221   18.248287590894659     
         222   18.248287590894659     
         223   18.248287590894659     
         224   18.248287590894659     
         225   18.248287590894659     
         226   18.248287590894659     
         227   18.439088914585774     
         228   18.439088914585774     
         229   18.439088914585774     
         230   18.439088914585774     
         231   18.439088914585774     
         232   18.439088914585774     
         233   18.439088914585774     
         234   18.439088914585774     
         235   18.439088914585774     
         236   18.439088914585774     
         237   18.439088914585774     
         238   18.439088914585774     
         239   18.439088914585774     
         240   18.439088914585774     
         241   18.439088914585774     
         242   18.439088914585774     
         243   18.439088914585774     
         244   18.439088914585774     
         245   18.439088914585774     
         246   18.439088914585774     
         247   18.439088914585774     
         248   18.439088914585774     
         249   18.439088914585774     
         250   18.439088914585774     
         251   18.439088914585774     
         252   18.439088914585774     
         253   18.439088914585774     
         254   18.439088914585774     
         255   18.973665961010276     
         256   18.973665961010276     
         257   19.026297590440446     
         258   19.924858845171276     
         259   20.880613017821101     
         260   20.880613017821101     
         261   21.587033144922902     
         262   22.561028345356956     
         263   22.803508501982758     
         264   22.803508501982758     
         265   23.537204591879640     
         266   23.537204591879640     
         267   23.537204591879640     
         268   23.537204591879640     
         269   23.537204591879640     
         270   23.537204591879640     
         271   23.537204591879640     
         272   23.537204591879640     
         273   23.537204591879640     
         274   23.537204591879640     
         275   23.537204591879640     
         276   24.515301344262525     
         277   24.515301344262525     
         278   24.515301344262525     
         279   24.515301344262525     
         280   24.515301344262525     
         281   24.515301344262525     
         282   24.515301344262525     
         283   24.515301344262525     
         284   24.515301344262525     
         285   24.515301344262525     
         286   24.515301344262525     
         287   24.515301344262525     
         288   24.515301344262525     
         289   24.515301344262525     
         290   24.515301344262525     
         291   24.515301344262525     
         292   24.515301344262525     
         293   24.515301344262525     
         294   24.515301344262525     
         295   24.515301344262525     
         296   24.515301344262525     
         297   24.515301344262525     
         298   24.515301344262525     
         299   24.515301344262525     
         300   24.515301344262525     
         301   24.515301344262525     
         302   24.515301344262525     
         303   24.515301344262525     
         304   24.515301344262525     
         305   24.515301344262525     
         306   24.515301344262525     
         307   24.515301344262525     
         308   24.515301344262525     
         309   24.515301344262525     
         310   24.515301344262525     
         311   25.079872407968907     
         312   26.076809620810597     
         313   26.076809620810597     
         314   26.076809620810597     
         315   27.073972741361768     
         316   27.073972741361768     
         317   27.073972741361768     
         318   27.073972741361768     
         319   27.073972741361768     
         320   27.073972741361768     
         321   27.073972741361768     
         322   27.073972741361768     
         323   27.073972741361768     
         324   27.073972741361768     
         325   27.073972741361768     
         326   27.073972741361768     
         327   27.073972741361768     
         328   27.166155414412248     
         329   27.166155414412248     
         330   27.166155414412248     
         331   27.166155414412248     
         332   27.166155414412248     
         333   27.166155414412248     
         334   27.166155414412248     
         335   27.166155414412248     
         336   27.166155414412248     
         337   27.166155414412248     
         338   27.166155414412248     
         339   27.166155414412248     
         340   27.166155414412248     
         341   27.166155414412248     
         342   27.166155414412248     
         343   27.166155414412248     
         344   27.166155414412248     
         345   27.166155414412248     
         346   27.166155414412248     
         347   27.166155414412248     
         348   27.166155414412248     
         349   27.166155414412248     
         350   27.166155414412248     
         351   27.166155414412248     
         352   27.166155414412248     
         353   27.658633371878661     
         354   27.658633371878661     
         355   27.658633371878661     
         356   27.658633371878661     
         357   27.658633371878661     
         358   27.658633371878661     
         359   27.658633371878661     
         360   27.658633371878661     
         361   28.442925306655784     
         362   28.442925306655784     
         363   28.442925306655784     
         364   28.442925306655784     
         365   28.442925306655784     
         366   28.442925306655784     
         367   28.442925306655784     
         368   28.442925306655784     
         369   29.427877939124322     
         370   29.427877939124322     
         371   29.427877939124322     
         372   29.427877939124322     
         373   29.427877939124322     
         374   29.427877939124322     
         375   29.427877939124322     
         376   30.413812651491099     
         377   30.413812651491099     
         378   30.594117081556711     
         379   30.594117081556711     
         380   30.594117081556711     
         381   30.594117081556711     
         382   30.594117081556711     
         383   30.594117081556711     
         384   30.594117081556711     
         385   30.594117081556711     
         386   30.594117081556711     
         387   30.594117081556711     
         388   30.594117081556711     
         389   30.594117081556711     
