           2   1.0000000000000000     
           3   1.4142135623730951     
           4   1.4142135623730951     
           5   1.4142135623730951     
           6   2.0000000000000000     
           7   2.0000000000000000     
           8   2.2360679774997898     
           9   2.2360679774997898     
          10   3.0000000000000000     
          11   3.0000000000000000     
          12   4.0000000000000000     
          13   4.0000000000000000     
          14   4.0000000000000000     
          15   4.1231056256176606     
          16   4.1231056256176606     
          17   4.4721359549995796     
          18   4.4721359549995796     
          19   4.4721359549995796     
          20   5.0000000000000000     
          21   6.0000000000000000     
          22   6.0000000000000000     
          23   6.0000000000000000     
          24   7.0000000000000000     
          25   7.0000000000000000     
          26   7.0000000000000000     
          27   7.0000000000000000     
          28   7.0000000000000000     
          29   8.0000000000000000     
          30   8.0000000000000000     
          31   8.0000000000000000     
          32   8.0000000000000000     
          33   8.0000000000000000     
          34   8.0622577482985491     
          35   8.0622577482985491     
          36   8.0622577482985491     
          37   9.0000000000000000     
          38   9.0000000000000000     
          39   10.000000000000000     
          40   10.000000000000000     
          41   10.049875621120890     
          42   11.045361017187261     
          43   11.045361017187261     
          44   11.045361017187261     
          45   11.045361017187261     
          46   11.045361017187261     
          47   11.045361017187261     
          48   11.045361017187261     
          49   11.045361017187261     
          50   11.180339887498949     
          51   11.180339887498949     
          52   11.180339887498949     
          53   11.180339887498949     
          54   11.180339887498949     
          55   11.180339887498949     
          56   11.180339887498949     
          57   11.180339887498949     
          58   11.180339887498949     
          59   12.041594578792296     
          60   12.041594578792296     
          61   12.041594578792296     
          62   12.369316876852981     
          63   12.369316876852981     
          64   12.369316876852981     
          65   12.369316876852981     
          66   13.038404810405298     
          67   13.038404810405298     
          68   13.341664064126334     
          69   13.341664064126334     
          70   13.341664064126334     
          71   13.341664064126334     
          72   14.317821063276353     
          73   14.317821063276353     
          74   14.317821063276353     
          75   14.317821063276353     
          76   15.033296378372908     
          77   15.132745950421556     
          78   15.132745950421556     
          79   15.132745950421556     
          80   16.124515496597098     
          81   16.124515496597098     
          82   16.124515496597098     
          83   16.124515496597098     
          84   16.124515496597098     
          85   16.124515496597098     
          86   16.124515496597098     
          87   16.124515496597098     
          88   16.124515496597098     
          89   16.124515496597098     
          90   16.124515496597098     
          91   16.124515496597098     
          92   16.124515496597098     
          93   16.124515496597098     
          94   16.124515496597098     
          95   16.278820596099706     
          96   16.278820596099706     
          97   16.278820596099706     
          98   16.278820596099706     
          99   16.278820596099706     
         100   16.278820596099706     
         101   16.278820596099706     
         102   16.278820596099706     
         103   16.278820596099706     
         104   16.278820596099706     
         105   16.278820596099706     
         106   16.278820596099706     
         107   16.278820596099706     
         108   16.278820596099706     
         109   16.278820596099706     
         110   16.278820596099706     
         111   17.262676501632068     
         112   18.248287590894659     
         113   18.439088914585774     
         114   18.681541692269406     
         115   18.681541692269406     
         116   18.681541692269406     
         117   18.681541692269406     
         118   18.681541692269406     
         119   18.681541692269406     
         120   18.681541692269406     
         121   18.681541692269406     
         122   18.681541692269406     
         123   18.681541692269406     
         124   18.681541692269406     
         125   18.681541692269406     
         126   18.681541692269406     
         127   18.681541692269406     
         128   18.681541692269406     
         129   18.681541692269406     
         130   18.681541692269406     
         131   19.416487838947599     
         132   19.416487838947599     
         133   19.416487838947599     
         134   19.416487838947599     
         135   19.416487838947599     
         136   19.416487838947599     
         137   19.416487838947599     
         138   19.416487838947599     
         139   19.416487838947599     
         140   19.416487838947599     
         141   19.416487838947599     
         142   19.416487838947599     
         143   19.416487838947599     
         144   19.416487838947599     
         145   19.416487838947599     
         146   19.416487838947599     
         147   19.416487838947599     
         148   19.416487838947599     
         149   19.416487838947599     
         150   20.248456731316587     
         151   21.189620100417091     
         152   21.189620100417091     
         153   21.189620100417091     
         154   21.189620100417091     
         155   21.189620100417091     
         156   21.189620100417091     
         157   21.189620100417091     
         158   21.189620100417091     
         159   21.189620100417091     
         160   21.189620100417091     
         161   21.189620100417091     
         162   21.189620100417091     
         163   22.135943621178654     
         164   22.135943621178654     
         165   22.135943621178654     
         166   22.135943621178654     
         167   22.135943621178654     
         168   22.135943621178654     
         169   22.803508501982758     
         170   22.803508501982758     
         171   22.803508501982758     
         172   22.803508501982758     
         173   22.803508501982758     
         174   22.803508501982758     
         175   22.803508501982758     
         176   22.803508501982758     
         177   22.803508501982758     
         178   22.803508501982758     
         179   22.803508501982758     
         180   22.803508501982758     
         181   22.803508501982758     
         182   22.803508501982758     
         183   22.803508501982758     
         184   22.803508501982758     
         185   22.803508501982758     
         186   23.194827009486403     
         187   23.194827009486403     
         188   23.194827009486403     
         189   23.194827009486403     
         190   23.194827009486403     
         191   23.194827009486403     
         192   23.194827009486403     
         193   23.194827009486403     
         194   23.194827009486403     
         195   23.194827009486403     
         196   23.194827009486403     
         197   23.194827009486403     
         198   23.194827009486403     
         199   23.259406699226016     
         200   23.259406699226016     
         201   23.259406699226016     
         202   23.259406699226016     
         203   23.259406699226016     
         204   23.259406699226016     
         205   23.259406699226016     
         206   24.166091947189145     
         207   25.079872407968907     
         208   25.079872407968907     
         209   25.079872407968907     
         210   25.079872407968907     
         211   25.079872407968907     
         212   25.079872407968907     
         213   25.079872407968907     
         214   26.000000000000000     
         215   26.000000000000000     
         216   26.000000000000000     
         217   26.000000000000000     
         218   26.000000000000000     
         219   26.000000000000000     
         220   26.000000000000000     
         221   26.000000000000000     
         222   26.925824035672520     
         223   26.925824035672520     
         224   26.925824035672520     
         225   26.925824035672520     
         226   26.925824035672520     
         227   26.925824035672520     
         228   26.925824035672520     
         229   26.925824035672520     
         230   26.925824035672520     
         231   26.925824035672520     
         232   27.856776554368238     
         233   28.231188426986208     
         234   28.231188426986208     
         235   28.231188426986208     
         236   28.231188426986208     
         237   28.231188426986208     
         238   28.231188426986208     
         239   28.231188426986208     
         240   28.792360097775937     
         241   28.792360097775937     
         242   28.792360097775937     
         243   28.792360097775937     
         244   28.792360097775937     
         245   28.792360097775937     
         246   28.792360097775937     
         247   28.792360097775937     
         248   28.792360097775937     
         249   28.792360097775937     
         250   28.792360097775937     
         251   28.792360097775937     
         252   28.792360097775937     
         253   28.792360097775937     
         254   29.732137494637012     
         255   29.732137494637012     
         256   29.732137494637012     
         257   29.732137494637012     
         258   30.675723300355934     
         259   30.675723300355934     
         260   30.675723300355934     
         261   30.675723300355934     
         262   30.675723300355934     
         263   30.675723300355934     
         264   30.675723300355934     
         265   30.675723300355934     
         266   30.675723300355934     
         267   30.675723300355934     
         268   30.675723300355934     
         269   30.675723300355934     
         270   30.675723300355934     
         271   31.622776601683793     
         272   31.622776601683793     
         273   31.622776601683793     
         274   31.622776601683793     
         275   31.622776601683793     
         276   31.622776601683793     
         277   31.622776601683793     
         278   31.622776601683793     
         279   31.622776601683793     
         280   31.622776601683793     
         281   32.572994949804659     
         282   32.572994949804659     
         283   32.572994949804659     
         284   32.572994949804659     
         285   32.572994949804659     
         286   32.572994949804659     
         287   32.572994949804659     
         288   32.572994949804659     
         289   32.572994949804659     
         290   32.572994949804659     
         291   32.572994949804659     
         292   32.572994949804659     
         293   32.572994949804659     
         294   32.572994949804659     
         295   32.572994949804659     
         296   32.572994949804659     
         297   32.572994949804659     
         298   32.572994949804659     
         299   32.572994949804659     
         300   32.572994949804659     
         301   32.893768406797051     
         302   32.893768406797051     
         303   32.893768406797051     
         304   32.893768406797051     
         305   32.893768406797051     
         306   32.893768406797051     
         307   32.893768406797051     
         308   32.893768406797051     
         309   32.893768406797051     
         310   32.893768406797051     
         311   32.893768406797051     
         312   32.893768406797051     
         313   32.893768406797051     
         314   32.893768406797051     
         315   32.893768406797051     
         316   32.893768406797051     
         317   32.893768406797051     
         318   32.893768406797051     
         319   32.893768406797051     
         320   32.893768406797051     
         321   32.893768406797051     
         322   32.893768406797051     
         323   32.893768406797051     
         324   32.893768406797051     
         325   32.893768406797051     
         326   32.893768406797051     
         327   32.893768406797051     
         328   32.893768406797051     
         329   32.893768406797051     
         330   32.893768406797051     
         331   32.893768406797051     
         332   32.893768406797051     
         333   32.893768406797051     
         334   32.893768406797051     
         335   32.893768406797051     
         336   32.893768406797051     
         337   33.837848631377263     
         338   34.785054261852174     
         339   35.114099732158877     
         340   35.468295701936398     
         341   35.468295701936398     
         342   35.468295701936398     
         343   35.468295701936398     
         344   35.468295701936398     
         345   35.468295701936398     
         346   35.735136770411273     
         347   36.055512754639892     
         348   37.000000000000000     
         349   37.000000000000000     
         350   37.000000000000000     
         351   37.000000000000000     
         352   37.000000000000000     
         353   37.000000000000000     
         354   37.000000000000000     
         355   37.000000000000000     
         356   37.000000000000000     
         357   37.000000000000000     
         358   37.000000000000000     
         359   37.000000000000000     
         360   37.000000000000000     
         361   37.000000000000000     
         362   37.000000000000000     
         363   37.000000000000000     
         364   37.947331922020552     
