           2   1.0000000000000000     
           3   1.4142135623730951     
           4   2.2360679774997898     
           5   2.2360679774997898     
           6   3.0000000000000000     
           7   3.1622776601683795     
           8   3.1622776601683795     
           9   3.1622776601683795     
          10   3.1622776601683795     
          11   3.1622776601683795     
          12   3.1622776601683795     
          13   4.1231056256176606     
          14   4.1231056256176606     
          15   4.1231056256176606     
          16   4.4721359549995796     
          17   4.4721359549995796     
          18   4.4721359549995796     
          19   4.4721359549995796     
          20   5.3851648071345037     
          21   6.3245553203367590     
          22   6.3245553203367590     
          23   6.3245553203367590     
          24   6.3245553203367590     
          25   6.3245553203367590     
          26   6.3245553203367590     
          27   6.7082039324993694     
          28   6.7082039324993694     
          29   7.2111025509279782     
          30   7.2111025509279782     
          31   7.2801098892805181     
          32   7.2801098892805181     
          33   7.2801098892805181     
          34   7.6157731058639087     
          35   7.6157731058639087     
          36   7.6157731058639087     
          37   7.6157731058639087     
          38   7.6157731058639087     
          39   7.6157731058639087     
          40   7.6157731058639087     
          41   8.2462112512353212     
          42   8.2462112512353212     
          43   8.2462112512353212     
          44   8.5440037453175304     
          45   9.4868329805051381     
          46   9.4868329805051381     
          47   10.440306508910551     
          48   10.440306508910551     
          49   10.440306508910551     
          50   10.440306508910551     
          51   10.440306508910551     
          52   10.440306508910551     
          53   10.440306508910551     
          54   10.440306508910551     
          55   10.440306508910551     
          56   10.440306508910551     
          57   10.440306508910551     
          58   10.440306508910551     
          59   10.440306508910551     
          60   10.440306508910551     
          61   10.440306508910551     
          62   10.440306508910551     
          63   10.440306508910551     
          64   10.440306508910551     
          65   10.440306508910551     
          66   10.440306508910551     
          67   10.440306508910551     
          68   10.440306508910551     
          69   10.440306508910551     
          70   10.440306508910551     
          71   10.440306508910551     
          72   10.440306508910551     
          73   10.440306508910551     
          74   10.440306508910551     
          75   10.440306508910551     
          76   10.440306508910551     
          77   10.440306508910551     
          78   10.440306508910551     
          79   10.440306508910551     
          80   10.440306508910551     
          81   10.440306508910551     
          82   10.440306508910551     
          83   10.440306508910551     
          84   10.440306508910551     
          85   10.440306508910551     
          86   10.440306508910551     
          87   10.440306508910551     
          88   10.440306508910551     
          89   10.440306508910551     
          90   10.440306508910551     
          91   10.440306508910551     
          92   10.440306508910551     
          93   10.440306508910551     
          94   10.440306508910551     
          95   10.816653826391969     
          96   10.816653826391969     
          97   11.180339887498949     
          98   11.401754250991379     
          99   11.401754250991379     
         100   12.206555615733702     
         101   12.206555615733702     
         102   12.206555615733702     
         103   12.206555615733702     
         104   12.206555615733702     
         105   12.206555615733702     
         106   12.206555615733702     
         107   12.206555615733702     
         108   12.206555615733702     
         109   12.206555615733702     
         110   12.206555615733702     
         111   12.206555615733702     
         112   12.206555615733702     
         113   12.206555615733702     
         114   12.206555615733702     
         115   12.206555615733702     
         116   12.206555615733702     
         117   12.206555615733702     
         118   12.206555615733702     
         119   13.000000000000000     
         120   13.000000000000000     
         121   14.000000000000000     
         122   14.000000000000000     
         123   14.000000000000000     
         124   14.000000000000000     
         125   14.000000000000000     
         126   14.000000000000000     
         127   14.000000000000000     
         128   14.035668847618199     
         129   14.035668847618199     
         130   14.035668847618199     
         131   14.035668847618199     
         132   14.035668847618199     
         133   15.033296378372908     
         134   15.033296378372908     
         135   15.132745950421556     
         136   16.031219541881399     
         137   16.124515496597098     
         138   16.124515496597098     
         139   16.124515496597098     
         140   16.124515496597098     
         141   16.124515496597098     
         142   16.124515496597098     
         143   16.124515496597098     
         144   16.124515496597098     
         145   16.124515496597098     
         146   16.124515496597098     
         147   16.124515496597098     
         148   17.029386365926403     
         149   17.029386365926403     
         150   17.029386365926403     
         151   17.029386365926403     
         152   17.029386365926403     
         153   17.029386365926403     
         154   17.029386365926403     
         155   17.029386365926403     
         156   17.029386365926403     
         157   17.029386365926403     
         158   17.029386365926403     
         159   17.029386365926403     
         160   17.029386365926403     
         161   17.029386365926403     
         162   17.029386365926403     
         163   17.029386365926403     
         164   17.029386365926403     
         165   17.029386365926403     
         166   17.029386365926403     
         167   17.029386365926403     
         168   17.029386365926403     
         169   17.029386365926403     
         170   17.029386365926403     
         171   17.029386365926403     
         172   17.029386365926403     
         173   17.029386365926403     
         174   17.029386365926403     
         175   17.029386365926403     
         176   17.029386365926403     
         177   17.029386365926403     
         178   18.027756377319946     
         179   18.027756377319946     
         180   18.027756377319946     
         181   18.027756377319946     
         182   18.110770276274835     
         183   18.110770276274835     
         184   18.110770276274835     
         185   18.110770276274835     
         186   18.110770276274835     
         187   18.248287590894659     
         188   18.248287590894659     
         189   18.248287590894659     
         190   18.248287590894659     
         191   18.248287590894659     
         192   19.235384061671343     
         193   19.235384061671343     
         194   20.223748416156685     
         195   20.223748416156685     
         196   20.223748416156685     
         197   20.223748416156685     
         198   20.223748416156685     
         199   20.223748416156685     
         200   20.223748416156685     
         201   20.223748416156685     
         202   20.223748416156685     
         203   20.223748416156685     
         204   20.223748416156685     
         205   20.223748416156685     
         206   20.223748416156685     
         207   20.223748416156685     
         208   20.223748416156685     
         209   20.396078054371138     
         210   20.396078054371138     
         211   20.615528128088304     
         212   20.615528128088304     
         213   20.615528128088304     
         214   21.213203435596427     
         215   21.213203435596427     
         216   21.213203435596427     
         217   21.213203435596427     
         218   21.213203435596427     
         219   21.213203435596427     
         220   21.213203435596427     
         221   21.213203435596427     
         222   21.213203435596427     
         223   21.213203435596427     
         224   21.213203435596427     
         225   21.213203435596427     
         226   21.213203435596427     
         227   21.213203435596427     
         228   21.213203435596427     
         229   21.213203435596427     
         230   21.213203435596427     
         231   21.213203435596427     
         232   21.213203435596427     
         233   21.213203435596427     
         234   21.587033144922902     
         235   21.587033144922902     
         236   21.587033144922902     
         237   21.587033144922902     
         238   21.587033144922902     
         239   21.587033144922902     
         240   21.587033144922902     
         241   22.203603311174518     
         242   22.203603311174518     
         243   22.203603311174518     
         244   22.203603311174518     
         245   22.203603311174518     
         246   22.203603311174518     
         247   22.203603311174518     
         248   22.203603311174518     
         249   22.203603311174518     
         250   22.203603311174518     
         251   22.203603311174518     
         252   22.561028345356956     
         253   22.561028345356956     
         254   22.561028345356956     
         255   23.537204591879640     
         256   23.537204591879640     
         257   23.537204591879640     
         258   23.537204591879640     
         259   23.537204591879640     
         260   23.537204591879640     
         261   23.537204591879640     
         262   23.537204591879640     
         263   24.515301344262525     
         264   24.515301344262525     
         265   24.515301344262525     
         266   24.515301344262525     
         267   24.515301344262525     
         268   24.515301344262525     
         269   24.515301344262525     
         270   24.515301344262525     
         271   24.515301344262525     
         272   24.515301344262525     
         273   24.515301344262525     
         274   24.515301344262525     
         275   24.515301344262525     
         276   24.515301344262525     
         277   24.515301344262525     
         278   24.515301344262525     
         279   24.515301344262525     
         280   24.515301344262525     
         281   24.515301344262525     
         282   24.515301344262525     
         283   24.515301344262525     
         284   24.515301344262525     
         285   24.515301344262525     
         286   24.515301344262525     
         287   24.515301344262525     
         288   24.515301344262525     
         289   24.515301344262525     
         290   24.515301344262525     
         291   24.515301344262525     
         292   25.495097567963924     
         293   25.495097567963924     
         294   25.495097567963924     
         295   25.495097567963924     
         296   25.495097567963924     
         297   25.495097567963924     
         298   25.495097567963924     
         299   25.495097567963924     
         300   25.495097567963924     
         301   25.495097567963924     
         302   25.495097567963924     
         303   25.495097567963924     
         304   25.495097567963924     
         305   25.495097567963924     
         306   25.495097567963924     
         307   25.495097567963924     
         308   25.495097567963924     
         309   25.495097567963924     
         310   25.495097567963924     
         311   25.495097567963924     
         312   25.495097567963924     
         313   25.495097567963924     
         314   25.495097567963924     
         315   25.495097567963924     
         316   25.495097567963924     
         317   25.495097567963924     
         318   25.495097567963924     
         319   25.495097567963924     
         320   25.495097567963924     
         321   25.495097567963924     
         322   25.495097567963924     
         323   25.495097567963924     
         324   25.495097567963924     
         325   25.495097567963924     
         326   25.495097567963924     
         327   26.476404589747453     
         328   26.476404589747453     
         329   26.476404589747453     
         330   26.476404589747453     
         331   26.476404589747453     
         332   26.476404589747453     
         333   26.476404589747453     
         334   26.476404589747453     
