           2   1.0000000000000000     
           3   1.0000000000000000     
           4   1.4142135623730951     
           5   1.4142135623730951     
           6   2.0000000000000000     
           7   3.0000000000000000     
           8   3.1622776601683795     
           9   4.1231056256176606     
          10   5.0990195135927845     
          11   6.0827625302982193     
          12   7.0710678118654755     
          13   7.0710678118654755     
          14   7.0710678118654755     
          15   7.0710678118654755     
          16   7.0710678118654755     
          17   7.0710678118654755     
          18   7.0710678118654755     
          19   7.0710678118654755     
          20   7.0710678118654755     
          21   7.0710678118654755     
          22   7.0710678118654755     
          23   7.0710678118654755     
          24   7.0710678118654755     
          25   7.0710678118654755     
          26   7.0710678118654755     
          27   7.0710678118654755     
          28   7.0710678118654755     
          29   7.0710678118654755     
          30   7.0710678118654755     
          31   7.0710678118654755     
          32   7.0710678118654755     
          33   7.0710678118654755     
          34   7.0710678118654755     
          35   7.0710678118654755     
          36   7.0710678118654755     
          37   7.0710678118654755     
          38   7.0710678118654755     
          39   7.0710678118654755     
          40   7.0710678118654755     
          41   7.0710678118654755     
          42   7.0710678118654755     
          43   7.0710678118654755     
          44   8.0000000000000000     
          45   8.0000000000000000     
          46   8.0000000000000000     
          47   8.0000000000000000     
          48   8.0000000000000000     
          49   8.0000000000000000     
          50   8.0000000000000000     
          51   8.0000000000000000     
          52   9.0000000000000000     
          53   9.0000000000000000     
          54   10.000000000000000     
          55   10.049875621120890     
          56   10.049875621120890     
          57   10.049875621120890     
          58   10.049875621120890     
          59   11.000000000000000     
          60   11.000000000000000     
          61   11.000000000000000     
          62   11.000000000000000     
          63   11.000000000000000     
          64   11.000000000000000     
          65   11.000000000000000     
          66   11.000000000000000     
          67   11.000000000000000     
          68   11.000000000000000     
          69   11.000000000000000     
          70   11.000000000000000     
          71   11.000000000000000     
          72   11.000000000000000     
          73   11.000000000000000     
          74   11.000000000000000     
          75   11.000000000000000     
          76   11.000000000000000     
          77   11.000000000000000     
          78   11.000000000000000     
          79   11.000000000000000     
          80   11.000000000000000     
          81   12.000000000000000     
          82   12.000000000000000     
          83   12.000000000000000     
          84   12.000000000000000     
          85   12.000000000000000     
          86   12.000000000000000     
          87   12.000000000000000     
          88   12.000000000000000     
          89   12.000000000000000     
          90   12.000000000000000     
          91   12.000000000000000     
          92   12.206555615733702     
          93   12.206555615733702     
          94   12.206555615733702     
          95   12.206555615733702     
          96   12.206555615733702     
          97   12.206555615733702     
          98   12.206555615733702     
          99   12.206555615733702     
         100   13.038404810405298     
         101   13.038404810405298     
         102   13.038404810405298     
         103   13.038404810405298     
         104   13.038404810405298     
         105   13.038404810405298     
         106   13.038404810405298     
         107   13.038404810405298     
         108   13.038404810405298     
         109   13.152946437965905     
         110   13.152946437965905     
         111   13.152946437965905     
         112   13.152946437965905     
         113   13.152946437965905     
         114   13.892443989449804     
         115   13.892443989449804     
         116   13.892443989449804     
         117   13.892443989449804     
         118   13.892443989449804     
         119   13.892443989449804     
         120   13.892443989449804     
         121   13.892443989449804     
         122   13.892443989449804     
         123   13.892443989449804     
         124   13.892443989449804     
         125   13.892443989449804     
         126   13.892443989449804     
         127   13.892443989449804     
         128   13.892443989449804     
         129   13.892443989449804     
         130   13.892443989449804     
         131   13.892443989449804     
         132   13.892443989449804     
         133   13.892443989449804     
         134   13.892443989449804     
         135   13.892443989449804     
         136   13.892443989449804     
         137   14.035668847618199     
         138   14.035668847618199     
         139   14.212670403551895     
         140   14.212670403551895     
         141   14.212670403551895     
         142   14.866068747318506     
         143   15.620499351813308     
         144   15.620499351813308     
         145   15.620499351813308     
         146   15.620499351813308     
         147   15.620499351813308     
         148   15.620499351813308     
         149   16.401219466856727     
         150   17.204650534085253     
         151   17.204650534085253     
         152   17.204650534085253     
         153   17.492855684535900     
         154   17.492855684535900     
         155   17.492855684535900     
         156   17.492855684535900     
         157   17.492855684535900     
         158   18.027756377319946     
         159   18.867962264113206     
         160   18.867962264113206     
         161   18.867962264113206     
         162   18.867962264113206     
         163   18.867962264113206     
         164   18.867962264113206     
         165   18.867962264113206     
         166   19.104973174542799     
         167   19.104973174542799     
         168   19.104973174542799     
         169   19.104973174542799     
         170   19.104973174542799     
         171   19.104973174542799     
         172   19.104973174542799     
         173   19.798989873223331     
         174   20.518284528683193     
         175   20.518284528683193     
         176   20.518284528683193     
         177   20.518284528683193     
         178   20.518284528683193     
         179   20.518284528683193     
         180   20.518284528683193     
         181   20.518284528683193     
         182   21.260291625469300     
         183   21.260291625469300     
         184   21.260291625469300     
         185   21.260291625469300     
         186   21.931712199461309     
         187   21.931712199461309     
         188   21.931712199461309     
         189   21.931712199461309     
         190   21.931712199461309     
         191   22.022715545545239     
         192   22.803508501982758     
         193   22.803508501982758     
         194   22.803508501982758     
         195   23.430749027719962     
         196   23.430749027719962     
         197   24.083189157584592     
         198   24.207436873820409     
         199   24.207436873820409     
         200   24.207436873820409     
         201   24.207436873820409     
         202   24.207436873820409     
         203   24.758836806279895     
         204   24.758836806279895     
         205   24.758836806279895     
         206   24.758836806279895     
         207   24.758836806279895     
         208   24.758836806279895     
         209   24.758836806279895     
         210   24.758836806279895     
         211   24.758836806279895     
         212   24.758836806279895     
         213   24.758836806279895     
         214   24.758836806279895     
         215   24.758836806279895     
         216   24.758836806279895     
         217   24.758836806279895     
         218   24.758836806279895     
         219   24.758836806279895     
         220   24.758836806279895     
         221   24.758836806279895     
         222   24.758836806279895     
         223   24.758836806279895     
         224   24.758836806279895     
         225   24.758836806279895     
         226   24.758836806279895     
         227   24.758836806279895     
         228   24.758836806279895     
         229   24.758836806279895     
         230   24.758836806279895     
         231   24.758836806279895     
         232   24.758836806279895     
         233   24.758836806279895     
         234   24.758836806279895     
         235   24.758836806279895     
         236   24.758836806279895     
         237   24.758836806279895     
         238   24.758836806279895     
         239   24.758836806279895     
         240   24.758836806279895     
         241   24.758836806279895     
         242   24.758836806279895     
         243   24.758836806279895     
         244   24.758836806279895     
         245   24.758836806279895     
         246   24.758836806279895     
         247   24.758836806279895     
         248   24.758836806279895     
         249   24.758836806279895     
         250   24.758836806279895     
         251   24.758836806279895     
         252   24.758836806279895     
         253   24.758836806279895     
         254   24.758836806279895     
         255   24.758836806279895     
         256   24.758836806279895     
         257   24.758836806279895     
         258   24.758836806279895     
         259   24.758836806279895     
         260   24.758836806279895     
         261   24.758836806279895     
         262   24.758836806279895     
         263   24.758836806279895     
         264   24.758836806279895     
         265   24.758836806279895     
         266   25.079872407968907     
         267   25.079872407968907     
         268   25.079872407968907     
         269   25.079872407968907     
         270   26.019223662515376     
         271   26.076809620810597     
         272   26.076809620810597     
         273   26.076809620810597     
         274   26.076809620810597     
         275   26.076809620810597     
         276   26.076809620810597     
         277   26.076809620810597     
         278   26.076809620810597     
         279   26.076809620810597     
         280   26.076809620810597     
         281   26.076809620810597     
         282   26.076809620810597     
         283   26.076809620810597     
         284   26.076809620810597     
         285   26.076809620810597     
         286   26.076809620810597     
         287   26.076809620810597     
         288   26.076809620810597     
         289   26.076809620810597     
         290   26.076809620810597     
         291   26.076809620810597     
         292   26.076809620810597     
         293   26.076809620810597     
         294   26.076809620810597     
         295   26.076809620810597     
         296   26.076809620810597     
         297   26.076809620810597     
         298   26.076809620810597     
         299   26.172504656604801     
         300   26.172504656604801     
         301   27.018512172212592     
         302   27.018512172212592     
         303   27.018512172212592     
         304   27.018512172212592     
         305   27.018512172212592     
         306   27.018512172212592     
         307   27.166155414412248     
         308   27.294688127912362     
         309   27.294688127912362     
         310   27.294688127912362     
         311   27.294688127912362     
         312   27.294688127912362     
         313   27.294688127912362     
         314   28.284271247461902     
         315   28.284271247461902     
         316   28.442925306655784     
         317   28.442925306655784     
