           2   1.0000000000000000     
           3   1.0000000000000000     
           4   2.0000000000000000     
           5   3.0000000000000000     
           6   3.0000000000000000     
           7   3.0000000000000000     
           8   3.0000000000000000     
           9   3.1622776601683795     
          10   3.1622776601683795     
          11   3.6055512754639891     
          12   4.2426406871192848     
          13   4.2426406871192848     
          14   4.2426406871192848     
          15   4.2426406871192848     
          16   4.2426406871192848     
          17   4.2426406871192848     
          18   4.2426406871192848     
          19   4.2426406871192848     
          20   4.2426406871192848     
          21   4.2426406871192848     
          22   4.2426406871192848     
          23   4.2426406871192848     
          24   4.2426406871192848     
          25   4.2426406871192848     
          26   5.0000000000000000     
          27   5.0000000000000000     
          28   5.0990195135927845     
          29   5.0990195135927845     
          30   5.0990195135927845     
          31   5.0990195135927845     
          32   5.3851648071345037     
          33   6.0827625302982193     
          34   7.0710678118654755     
          35   7.0710678118654755     
          36   7.2801098892805181     
          37   8.2462112512353212     
          38   8.2462112512353212     
          39   8.5440037453175304     
          40   8.5440037453175304     
          41   8.5440037453175304     
          42   8.5440037453175304     
          43   9.2195444572928871     
          44   10.198039027185569     
          45   10.198039027185569     
          46   10.198039027185569     
          47   10.198039027185569     
          48   10.198039027185569     
          49   11.180339887498949     
          50   11.401754250991379     
          51   12.165525060596439     
          52   13.152946437965905     
          53   13.152946437965905     
          54   13.152946437965905     
          55   13.152946437965905     
          56   13.152946437965905     
          57   13.152946437965905     
          58   13.152946437965905     
          59   13.152946437965905     
          60   13.152946437965905     
          61   13.152946437965905     
          62   13.152946437965905     
          63   13.152946437965905     
          64   13.152946437965905     
          65   13.152946437965905     
          66   14.142135623730951     
          67   14.142135623730951     
          68   14.142135623730951     
          69   14.142135623730951     
          70   14.142135623730951     
          71   14.142135623730951     
          72   14.142135623730951     
          73   14.142135623730951     
          74   14.142135623730951     
          75   15.033296378372908     
          76   16.031219541881399     
          77   16.031219541881399     
          78   16.031219541881399     
          79   16.031219541881399     
          80   16.031219541881399     
          81   16.031219541881399     
          82   16.031219541881399     
          83   16.031219541881399     
          84   16.031219541881399     
          85   16.031219541881399     
          86   16.031219541881399     
          87   16.031219541881399     
          88   16.031219541881399     
          89   16.031219541881399     
          90   16.031219541881399     
          91   16.031219541881399     
          92   16.031219541881399     
          93   16.031219541881399     
          94   16.031219541881399     
          95   16.031219541881399     
          96   16.031219541881399     
          97   16.031219541881399     
          98   16.031219541881399     
          99   17.029386365926403     
         100   17.029386365926403     
         101   17.029386365926403     
         102   18.027756377319946     
         103   18.027756377319946     
         104   18.027756377319946     
         105   19.026297590440446     
         106   19.026297590440446     
         107   19.026297590440446     
         108   19.026297590440446     
         109   19.026297590440446     
         110   19.026297590440446     
         111   19.026297590440446     
         112   19.026297590440446     
         113   19.026297590440446     
         114   19.026297590440446     
         115   19.026297590440446     
         116   19.026297590440446     
         117   19.026297590440446     
         118   19.026297590440446     
         119   19.026297590440446     
         120   19.026297590440446     
         121   19.026297590440446     
         122   19.026297590440446     
         123   19.026297590440446     
         124   19.026297590440446     
         125   19.026297590440446     
         126   19.026297590440446     
         127   19.026297590440446     
         128   19.026297590440446     
         129   19.026297590440446     
         130   19.026297590440446     
         131   19.026297590440446     
         132   19.416487838947599     
         133   19.416487838947599     
         134   19.849433241279208     
         135   20.615528128088304     
         136   20.615528128088304     
         137   20.615528128088304     
         138   21.400934559032695     
         139   21.400934559032695     
         140   21.400934559032695     
         141   21.931712199461309     
         142   21.931712199461309     
         143   22.671568097509269     
         144   23.430749027719962     
         145   23.430749027719962     
         146   24.207436873820409     
         147   24.207436873820409     
         148   24.207436873820409     
         149   24.207436873820409     
         150   24.207436873820409     
         151   24.207436873820409     
         152   24.207436873820409     
         153   24.207436873820409     
         154   24.207436873820409     
         155   24.207436873820409     
         156   24.207436873820409     
         157   24.839484696748443     
         158   24.839484696748443     
         159   24.839484696748443     
         160   25.000000000000000     
         161   25.000000000000000     
         162   25.000000000000000     
         163   25.000000000000000     
         164   25.000000000000000     
         165   25.000000000000000     
         166   25.000000000000000     
         167   25.000000000000000     
         168   25.000000000000000     
         169   25.000000000000000     
         170   25.000000000000000     
         171   25.000000000000000     
         172   25.000000000000000     
         173   25.000000000000000     
         174   25.806975801127880     
         175   25.806975801127880     
         176   25.806975801127880     
         177   25.806975801127880     
         178   25.806975801127880     
         179   25.806975801127880     
         180   25.806975801127880     
         181   25.806975801127880     
         182   25.806975801127880     
         183   25.806975801127880     
         184   25.806975801127880     
         185   25.806975801127880     
         186   25.806975801127880     
         187   25.806975801127880     
         188   25.806975801127880     
         189   26.400757564888170     
         190   26.400757564888170     
         191   26.400757564888170     
         192   26.400757564888170     
         193   26.400757564888170     
         194   27.018512172212592     
         195   27.202941017470888     
         196   27.202941017470888     
         197   27.202941017470888     
         198   27.202941017470888     
         199   27.202941017470888     
         200   27.202941017470888     
         201   28.017851452243800     
         202   28.844410203711913     
         203   28.844410203711913     
         204   28.844410203711913     
         205   28.844410203711913     
         206   28.844410203711913     
         207   28.844410203711913     
         208   28.844410203711913     
         209   28.844410203711913     
         210   28.844410203711913     
         211   28.844410203711913     
         212   28.844410203711913     
         213   28.844410203711913     
         214   28.844410203711913     
         215   28.844410203711913     
         216   28.844410203711913     
         217   28.844410203711913     
         218   28.844410203711913     
         219   28.844410203711913     
         220   28.844410203711913     
         221   28.844410203711913     
         222   28.844410203711913     
         223   28.844410203711913     
         224   28.844410203711913     
         225   28.844410203711913     
         226   28.844410203711913     
         227   28.844410203711913     
         228   28.844410203711913     
         229   28.844410203711913     
         230   28.844410203711913     
         231   28.844410203711913     
         232   28.844410203711913     
         233   28.844410203711913     
         234   28.844410203711913     
         235   29.154759474226502     
         236   30.016662039607269     
         237   30.016662039607269     
         238   30.016662039607269     
         239   30.016662039607269     
         240   30.016662039607269     
         241   30.016662039607269     
         242   30.016662039607269     
         243   30.016662039607269     
         244   30.016662039607269     
         245   30.016662039607269     
         246   30.016662039607269     
         247   30.016662039607269     
         248   30.016662039607269     
         249   30.016662039607269     
         250   30.016662039607269     
         251   30.016662039607269     
         252   30.016662039607269     
         253   30.016662039607269     
         254   30.016662039607269     
         255   30.016662039607269     
         256   30.016662039607269     
         257   30.016662039607269     
         258   30.016662039607269     
         259   30.886890422961002     
         260   30.886890422961002     
         261   30.886890422961002     
         262   30.886890422961002     
         263   30.886890422961002     
         264   30.886890422961002     
         265   30.886890422961002     
         266   30.886890422961002     
         267   30.886890422961002     
         268   30.886890422961002     
         269   30.886890422961002     
         270   31.764760348537180     
         271   31.764760348537180     
         272   31.764760348537180     
         273   31.764760348537180     
         274   31.764760348537180     
         275   31.764760348537180     
         276   31.764760348537180     
         277   31.764760348537180     
         278   31.764760348537180     
         279   31.764760348537180     
         280   31.764760348537180     
         281   31.764760348537180     
         282   31.764760348537180     
         283   31.764760348537180     
         284   31.764760348537180     
         285   31.764760348537180     
         286   31.764760348537180     
         287   31.764760348537180     
         288   31.764760348537180     
         289   31.764760348537180     
         290   31.764760348537180     
         291   31.764760348537180     
         292   31.764760348537180     
         293   31.764760348537180     
         294   31.764760348537180     
         295   31.764760348537180     
         296   32.249030993194197     
         297   32.249030993194197     
         298   32.756678708318397     
         299   32.756678708318397     
         300   32.756678708318397     
         301   32.756678708318397     
         302   32.756678708318397     
         303   33.120990323358392     
         304   33.120990323358392     
         305   33.120990323358392     
         306   33.120990323358392     
         307   33.120990323358392     
         308   33.120990323358392     
         309   33.120990323358392     
         310   33.120990323358392     
         311   33.120990323358392     
         312   33.120990323358392     
         313   33.120990323358392     
         314   33.120990323358392     
         315   33.120990323358392     
         316   33.120990323358392     
