           2   1.0000000000000000     
           3   1.4142135623730951     
           4   1.4142135623730951     
           5   1.4142135623730951     
           6   2.2360679774997898     
           7   2.2360679774997898     
           8   2.2360679774997898     
           9   2.2360679774997898     
          10   2.2360679774997898     
          11   3.1622776601683795     
          12   3.1622776601683795     
          13   3.6055512754639891     
          14   3.6055512754639891     
          15   3.6055512754639891     
          16   3.6055512754639891     
          17   3.6055512754639891     
          18   3.6055512754639891     
          19   3.6055512754639891     
          20   3.6055512754639891     
          21   4.0000000000000000     
          22   4.0000000000000000     
          23   4.4721359549995796     
          24   4.4721359549995796     
          25   4.4721359549995796     
          26   5.0000000000000000     
          27   5.0000000000000000     
          28   5.0990195135927845     
          29   5.0990195135927845     
          30   5.0990195135927845     
          31   5.0990195135927845     
          32   5.0990195135927845     
          33   6.0827625302982193     
          34   6.0827625302982193     
          35   6.0827625302982193     
          36   7.0710678118654755     
          37   7.0710678118654755     
          38   8.0622577482985491     
          39   8.0622577482985491     
          40   8.0622577482985491     
          41   8.0622577482985491     
          42   8.0622577482985491     
          43   8.0622577482985491     
          44   8.0622577482985491     
          45   8.0622577482985491     
          46   8.0622577482985491     
          47   8.5440037453175304     
          48   8.5440037453175304     
          49   8.9442719099991592     
          50   9.0553851381374173     
          51   9.4868329805051381     
          52   9.4868329805051381     
          53   9.4868329805051381     
          54   10.049875621120890     
          55   10.049875621120890     
          56   10.049875621120890     
          57   10.049875621120890     
          58   10.049875621120890     
          59   10.049875621120890     
          60   10.049875621120890     
          61   10.049875621120890     
          62   10.049875621120890     
          63   10.049875621120890     
          64   11.045361017187261     
          65   11.045361017187261     
          66   11.045361017187261     
          67   12.041594578792296     
          68   12.041594578792296     
          69   12.041594578792296     
          70   12.041594578792296     
          71   13.038404810405298     
          72   13.038404810405298     
          73   13.038404810405298     
          74   14.035668847618199     
          75   14.142135623730951     
          76   14.142135623730951     
          77   14.317821063276353     
          78   14.317821063276353     
          79   14.317821063276353     
          80   14.317821063276353     
          81   14.317821063276353     
          82   14.317821063276353     
          83   14.317821063276353     
          84   14.560219778561036     
          85   14.866068747318506     
          86   15.524174696260024     
          87   15.524174696260024     
          88   15.524174696260024     
          89   16.492422502470642     
          90   16.492422502470642     
          91   16.492422502470642     
          92   16.492422502470642     
          93   16.492422502470642     
          94   16.492422502470642     
          95   16.492422502470642     
          96   16.492422502470642     
          97   17.464249196572979     
          98   17.464249196572979     
          99   17.720045146669349     
         100   18.027756377319946     
         101   18.681541692269406     
         102   18.681541692269406     
         103   18.681541692269406     
         104   18.681541692269406     
         105   18.681541692269406     
         106   18.681541692269406     
         107   18.681541692269406     
         108   18.681541692269406     
         109   18.681541692269406     
         110   19.646882704388499     
         111   19.646882704388499     
         112   19.646882704388499     
         113   19.646882704388499     
         114   19.646882704388499     
         115   19.646882704388499     
         116   19.646882704388499     
         117   19.646882704388499     
         118   19.646882704388499     
         119   19.646882704388499     
         120   19.646882704388499     
         121   19.646882704388499     
         122   19.646882704388499     
         123   19.646882704388499     
         124   19.646882704388499     
         125   19.646882704388499     
         126   19.646882704388499     
         127   19.646882704388499     
         128   19.646882704388499     
         129   19.646882704388499     
         130   19.646882704388499     
         131   19.646882704388499     
         132   19.646882704388499     
         133   19.646882704388499     
         134   19.646882704388499     
         135   19.646882704388499     
         136   19.646882704388499     
         137   19.646882704388499     
         138   19.646882704388499     
         139   19.646882704388499     
         140   19.646882704388499     
         141   19.646882704388499     
         142   19.646882704388499     
         143   19.646882704388499     
         144   19.646882704388499     
         145   19.646882704388499     
         146   19.646882704388499     
         147   19.646882704388499     
         148   19.646882704388499     
         149   19.646882704388499     
         150   19.646882704388499     
         151   19.646882704388499     
         152   19.646882704388499     
         153   19.646882704388499     
         154   19.646882704388499     
         155   19.646882704388499     
         156   19.646882704388499     
         157   19.646882704388499     
         158   19.646882704388499     
         159   19.646882704388499     
         160   19.646882704388499     
         161   19.646882704388499     
         162   19.646882704388499     
         163   19.646882704388499     
         164   19.646882704388499     
         165   19.646882704388499     
         166   20.024984394500787     
         167   20.099751242241780     
         168   21.023796041628639     
         169   22.022715545545239     
         170   22.022715545545239     
         171   23.021728866442675     
         172   24.020824298928627     
         173   24.020824298928627     
         174   24.020824298928627     
         175   24.020824298928627     
         176   24.020824298928627     
         177   24.020824298928627     
         178   24.020824298928627     
         179   24.020824298928627     
         180   24.020824298928627     
         181   24.020824298928627     
         182   24.020824298928627     
         183   24.020824298928627     
         184   24.020824298928627     
         185   24.020824298928627     
         186   24.020824298928627     
         187   24.020824298928627     
         188   24.020824298928627     
         189   24.020824298928627     
         190   24.020824298928627     
         191   24.020824298928627     
         192   24.020824298928627     
         193   24.020824298928627     
         194   24.020824298928627     
         195   24.020824298928627     
         196   24.020824298928627     
         197   24.020824298928627     
         198   24.020824298928627     
         199   24.020824298928627     
         200   24.020824298928627     
         201   24.020824298928627     
         202   24.020824298928627     
         203   24.020824298928627     
         204   24.020824298928627     
         205   24.020824298928627     
         206   24.020824298928627     
         207   24.738633753705962     
         208   24.738633753705962     
         209   24.738633753705962     
         210   24.738633753705962     
         211   24.738633753705962     
         212   24.738633753705962     
         213   24.738633753705962     
         214   24.738633753705962     
         215   24.738633753705962     
         216   24.738633753705962     
         217   24.738633753705962     
         218   24.738633753705962     
         219   24.738633753705962     
         220   24.738633753705962     
         221   24.738633753705962     
         222   24.738633753705962     
         223   24.738633753705962     
         224   24.738633753705962     
         225   24.738633753705962     
         226   24.738633753705962     
         227   24.738633753705962     
         228   24.738633753705962     
         229   24.738633753705962     
         230   24.738633753705962     
         231   24.738633753705962     
         232   24.738633753705962     
         233   24.738633753705962     
         234   24.839484696748443     
         235   24.839484696748443     
         236   24.839484696748443     
         237   24.839484696748443     
         238   25.612496949731394     
         239   25.612496949731394     
         240   25.612496949731394     
         241   25.612496949731394     
         242   25.806975801127880     
         243   25.806975801127880     
         244   25.806975801127880     
         245   25.806975801127880     
         246   25.961509971494340     
         247   25.961509971494340     
         248   25.961509971494340     
         249   25.961509971494340     
         250   25.961509971494340     
         251   25.961509971494340     
         252   25.961509971494340     
         253   25.961509971494340     
         254   26.627053911388696     
         255   26.627053911388696     
         256   26.627053911388696     
         257   26.627053911388696     
         258   26.627053911388696     
         259   26.627053911388696     
         260   26.627053911388696     
         261   26.627053911388696     
         262   26.627053911388696     
         263   27.459060435491963     
         264   27.459060435491963     
         265   27.459060435491963     
         266   27.459060435491963     
         267   27.459060435491963     
         268   27.459060435491963     
         269   27.459060435491963     
         270   27.459060435491963     
         271   27.459060435491963     
         272   27.459060435491963     
         273   27.459060435491963     
         274   27.459060435491963     
         275   27.459060435491963     
         276   27.459060435491963     
         277   27.459060435491963     
         278   28.017851452243800     
         279   28.017851452243800     
         280   28.017851452243800     
         281   28.017851452243800     
         282   28.017851452243800     
         283   28.017851452243800     
         284   28.017851452243800     
         285   28.017851452243800     
         286   28.017851452243800     
         287   28.017851452243800     
         288   28.017851452243800     
         289   28.017851452243800     
         290   28.017851452243800     
         291   28.017851452243800     
         292   28.017851452243800     
         293   28.017851452243800     
         294   28.017851452243800     
         295   28.017851452243800     
         296   28.017851452243800     
         297   28.017851452243800     
         298   28.017851452243800     
         299   28.017851452243800     
         300   28.017851452243800     
         301   28.017851452243800     
         302   28.017851452243800     
         303   28.017851452243800     
         304   28.017851452243800     
         305   28.017851452243800     
         306   28.017851452243800     
         307   28.017851452243800     
         308   28.017851452243800     
         309   28.017851452243800     
         310   28.017851452243800     
         311   28.017851452243800     
         312   28.844410203711913     
         313   28.844410203711913     
         314   28.844410203711913     
         315   28.844410203711913     
         316   28.844410203711913     
         317   28.844410203711913     
         318   28.844410203711913     
         319   28.844410203711913     
         320   28.844410203711913     
         321   28.844410203711913     
         322   28.844410203711913     
         323   29.681644159311659     
         324   29.681644159311659     
         325   29.681644159311659     
         326   29.681644159311659     
         327   29.681644159311659     
         328   29.681644159311659     
         329   29.681644159311659     
         330   29.681644159311659     
         331   29.681644159311659     
         332   29.681644159311659     
         333   29.681644159311659     
         334   29.681644159311659     
         335   29.681644159311659     
         336   29.681644159311659     
         337   30.528675044947494     
         338   30.528675044947494     
         339   30.528675044947494     
         340   30.528675044947494     
         341   30.528675044947494     
         342   30.528675044947494     
         343   30.528675044947494     
         344   30.528675044947494     
         345   30.528675044947494     
         346   30.528675044947494     
         347   30.528675044947494     
         348   30.528675044947494     
         349   30.528675044947494     
         350   30.528675044947494     
         351   30.805843601498726     
         352   30.805843601498726     
         353   30.805843601498726     
         354   30.805843601498726     
         355   30.805843601498726     
         356   31.384709652950431     
         357   31.384709652950431     
         358   31.384709652950431     
         359   31.384709652950431     
         360   31.384709652950431     
         361   31.384709652950431     
         362   31.384709652950431     
         363   31.384709652950431     
         364   32.249030993194197     
         365   32.249030993194197     
         366   32.249030993194197     
         367   32.249030993194197     
