           2   1.0000000000000000     
           3   1.4142135623730951     
           4   2.2360679774997898     
           5   2.2360679774997898     
           6   3.1622776601683795     
           7   4.1231056256176606     
           8   4.1231056256176606     
           9   4.1231056256176606     
          10   5.0990195135927845     
          11   5.0990195135927845     
          12   5.0990195135927845     
          13   5.0990195135927845     
          14   5.0990195135927845     
          15   5.0990195135927845     
          16   5.0990195135927845     
          17   5.0990195135927845     
          18   6.0827625302982193     
          19   7.0710678118654755     
          20   7.2801098892805181     
          21   8.2462112512353212     
          22   8.2462112512353212     
          23   8.2462112512353212     
          24   8.2462112512353212     
          25   8.2462112512353212     
          26   8.2462112512353212     
          27   8.2462112512353212     
          28   8.2462112512353212     
          29   8.2462112512353212     
          30   8.2462112512353212     
          31   8.2462112512353212     
          32   9.2195444572928871     
          33   9.2195444572928871     
          34   9.2195444572928871     
          35   9.2195444572928871     
          36   9.2195444572928871     
          37   9.8488578017961039     
          38   9.8488578017961039     
          39   9.8488578017961039     
          40   10.770329614269007     
          41   10.770329614269007     
          42   11.704699910719626     
          43   11.704699910719626     
          44   11.704699910719626     
          45   11.704699910719626     
          46   11.704699910719626     
          47   11.704699910719626     
          48   11.704699910719626     
          49   11.704699910719626     
          50   11.704699910719626     
          51   11.704699910719626     
          52   11.704699910719626     
          53   11.704699910719626     
          54   11.704699910719626     
          55   11.704699910719626     
          56   12.165525060596439     
          57   12.165525060596439     
          58   12.165525060596439     
          59   12.165525060596439     
          60   12.165525060596439     
          61   12.649110640673518     
          62   12.649110640673518     
          63   12.649110640673518     
          64   12.649110640673518     
          65   12.649110640673518     
          66   12.649110640673518     
          67   12.649110640673518     
          68   12.649110640673518     
          69   12.649110640673518     
          70   12.649110640673518     
          71   12.806248474865697     
          72   12.806248474865697     
          73   12.806248474865697     
          74   13.453624047073710     
          75   13.453624047073710     
          76   14.212670403551895     
          77   14.212670403551895     
          78   15.000000000000000     
          79   15.000000000000000     
          80   15.556349186104045     
          81   15.811388300841896     
          82   16.278820596099706     
          83   16.278820596099706     
          84   16.643316977093239     
          85   16.970562748477139     
          86   16.970562748477139     
          87   16.970562748477139     
          88   16.970562748477139     
          89   17.492855684535900     
          90   17.492855684535900     
          91   17.492855684535900     
          92   17.492855684535900     
          93   17.492855684535900     
          94   17.492855684535900     
          95   17.492855684535900     
          96   17.492855684535900     
          97   17.492855684535900     
          98   17.492855684535900     
          99   17.492855684535900     
         100   17.492855684535900     
         101   17.492855684535900     
         102   17.492855684535900     
         103   17.492855684535900     
         104   17.492855684535900     
         105   17.492855684535900     
         106   17.492855684535900     
         107   17.492855684535900     
         108   17.492855684535900     
         109   17.492855684535900     
         110   17.492855684535900     
         111   17.492855684535900     
         112   17.492855684535900     
         113   17.492855684535900     
         114   17.492855684535900     
         115   17.492855684535900     
         116   17.492855684535900     
         117   17.492855684535900     
         118   18.027756377319946     
         119   18.027756377319946     
         120   18.027756377319946     
         121   18.027756377319946     
         122   18.027756377319946     
         123   18.027756377319946     
         124   18.027756377319946     
         125   18.027756377319946     
         126   18.027756377319946     
         127   18.027756377319946     
         128   18.027756377319946     
         129   18.027756377319946     
         130   18.027756377319946     
         131   18.027756377319946     
         132   18.027756377319946     
         133   18.027756377319946     
         134   18.027756377319946     
         135   18.027756377319946     
         136   18.027756377319946     
         137   18.027756377319946     
         138   18.027756377319946     
         139   18.027756377319946     
         140   18.027756377319946     
         141   18.027756377319946     
         142   18.027756377319946     
         143   18.027756377319946     
         144   18.027756377319946     
         145   18.027756377319946     
         146   18.027756377319946     
         147   18.027756377319946     
         148   18.027756377319946     
         149   18.027756377319946     
         150   18.027756377319946     
         151   18.027756377319946     
         152   18.027756377319946     
         153   18.027756377319946     
         154   18.027756377319946     
         155   18.027756377319946     
         156   18.027756377319946     
         157   18.027756377319946     
         158   18.027756377319946     
         159   18.027756377319946     
         160   18.027756377319946     
         161   18.027756377319946     
         162   18.027756377319946     
         163   18.027756377319946     
         164   18.027756377319946     
         165   18.027756377319946     
         166   18.027756377319946     
         167   18.027756377319946     
         168   18.027756377319946     
         169   18.027756377319946     
         170   18.027756377319946     
         171   18.027756377319946     
         172   18.027756377319946     
         173   18.027756377319946     
         174   18.027756377319946     
         175   18.027756377319946     
         176   18.027756377319946     
         177   18.027756377319946     
         178   18.027756377319946     
         179   18.027756377319946     
         180   18.027756377319946     
         181   18.027756377319946     
         182   18.027756377319946     
         183   18.027756377319946     
         184   18.027756377319946     
         185   18.027756377319946     
         186   18.027756377319946     
         187   18.027756377319946     
         188   18.027756377319946     
         189   18.027756377319946     
         190   18.027756377319946     
         191   18.027756377319946     
         192   18.027756377319946     
         193   18.027756377319946     
         194   18.027756377319946     
         195   18.027756377319946     
         196   18.027756377319946     
         197   18.027756377319946     
         198   18.027756377319946     
         199   18.027756377319946     
         200   18.027756377319946     
         201   18.027756377319946     
         202   18.027756377319946     
