           2   1.0000000000000000     
           3   1.0000000000000000     
           4   2.0000000000000000     
           5   3.0000000000000000     
           6   3.1622776601683795     
           7   4.1231056256176606     
           8   5.0990195135927845     
           9   5.0990195135927845     
          10   6.0000000000000000     
          11   6.0000000000000000     
          12   7.0000000000000000     
          13   7.0000000000000000     
          14   7.0000000000000000     
          15   7.0000000000000000     
          16   7.2111025509279782     
          17   7.2111025509279782     
          18   7.2111025509279782     
          19   7.8102496759066540     
          20   7.8102496759066540     
          21   7.8102496759066540     
          22   8.0622577482985491     
          23   9.0553851381374173     
          24   9.0553851381374173     
          25   9.0553851381374173     
          26   9.0553851381374173     
          27   9.0553851381374173     
          28   9.0553851381374173     
          29   9.2195444572928871     
          30   9.8994949366116654     
          31   9.8994949366116654     
          32   9.8994949366116654     
          33   9.8994949366116654     
          34   9.8994949366116654     
          35   9.8994949366116654     
          36   9.8994949366116654     
          37   9.8994949366116654     
          38   9.8994949366116654     
          39   9.8994949366116654     
          40   10.000000000000000     
          41   10.000000000000000     
          42   10.000000000000000     
          43   10.630145812734650     
          44   10.630145812734650     
          45   10.630145812734650     
          46   11.313708498984761     
          47   11.313708498984761     
          48   11.313708498984761     
          49   11.401754250991379     
          50   11.401754250991379     
          51   11.401754250991379     
          52   11.401754250991379     
          53   11.401754250991379     
          54   11.401754250991379     
          55   11.401754250991379     
          56   11.401754250991379     
          57   11.401754250991379     
          58   11.401754250991379     
          59   12.041594578792296     
          60   12.041594578792296     
          61   12.041594578792296     
          62   12.041594578792296     
          63   12.041594578792296     
          64   12.206555615733702     
          65   13.038404810405298     
          66   13.038404810405298     
          67   13.038404810405298     
          68   13.892443989449804     
          69   13.892443989449804     
          70   13.892443989449804     
          71   13.892443989449804     
          72   13.892443989449804     
          73   13.892443989449804     
          74   14.422205101855956     
          75   14.422205101855956     
          76   14.422205101855956     
          77   14.422205101855956     
          78   14.422205101855956     
          79   14.422205101855956     
          80   14.422205101855956     
          81   14.422205101855956     
          82   14.422205101855956     
          83   14.422205101855956     
          84   14.422205101855956     
          85   14.422205101855956     
          86   14.764823060233400     
          87   14.764823060233400     
          88   14.764823060233400     
          89   14.764823060233400     
          90   14.764823060233400     
          91   15.000000000000000     
          92   15.000000000000000     
          93   15.000000000000000     
          94   15.000000000000000     
          95   15.652475842498529     
          96   16.124515496597098     
          97   16.124515496597098     
          98   17.000000000000000     
          99   17.000000000000000     
         100   17.888543819998318     
         101   18.788294228055936     
         102   18.788294228055936     
         103   18.788294228055936     
         104   18.788294228055936     
         105   18.788294228055936     
         106   18.788294228055936     
         107   18.788294228055936     
         108   18.788294228055936     
         109   18.788294228055936     
         110   18.788294228055936     
         111   19.235384061671343     
         112   19.697715603592208     
         113   19.697715603592208     
         114   19.697715603592208     
         115   19.697715603592208     
         116   19.697715603592208     
         117   19.697715603592208     
         118   19.697715603592208     
         119   19.697715603592208     
         120   20.124611797498108     
         121   20.591260281974002     
         122   20.591260281974002     
         123   20.591260281974002     
         124   20.591260281974002     
         125   20.591260281974002     
         126   20.591260281974002     
         127   20.591260281974002     
         128   20.591260281974002     
         129   20.591260281974002     
         130   20.591260281974002     
         131   21.023796041628639     
         132   21.470910553583888     
         133   21.470910553583888     
         134   21.470910553583888     
         135   21.470910553583888     
         136   21.470910553583888     
         137   21.470910553583888     
         138   21.931712199461309     
         139   21.931712199461309     
         140   21.931712199461309     
         141   21.931712199461309     
         142   21.931712199461309     
         143   21.931712199461309     
         144   21.931712199461309     
         145   21.931712199461309     
         146   21.931712199461309     
         147   21.931712199461309     
         148   21.931712199461309     
         149   21.931712199461309     
         150   21.931712199461309     
         151   21.931712199461309     
         152   21.931712199461309     
         153   21.931712199461309     
         154   21.931712199461309     
         155   21.931712199461309     
         156   21.931712199461309     
         157   21.931712199461309     
         158   21.931712199461309     
         159   21.931712199461309     
         160   21.931712199461309     
         161   21.931712199461309     
         162   21.931712199461309     
         163   21.931712199461309     
         164   21.931712199461309     
         165   21.931712199461309     
         166   21.931712199461309     
         167   21.931712199461309     
         168   21.931712199461309     
         169   21.931712199461309     
         170   21.931712199461309     
         171   21.931712199461309     
         172   21.931712199461309     
         173   21.931712199461309     
         174   21.931712199461309     
         175   21.931712199461309     
         176   21.931712199461309     
         177   21.931712199461309     
         178   21.931712199461309     
         179   21.931712199461309     
         180   21.931712199461309     
         181   21.931712199461309     
         182   21.931712199461309     
         183   21.931712199461309     
         184   21.931712199461309     
         185   21.931712199461309     
         186   21.931712199461309     
         187   21.954498400100150     
         188   21.954498400100150     
         189   21.954498400100150     
         190   21.954498400100150     
         191   21.954498400100150     
         192   22.561028345356956     
         193   22.561028345356956     
         194   22.825424421026653     
         195   22.825424421026653     
         196   22.825424421026653     
         197   22.825424421026653     
         198   22.825424421026653     
         199   22.825424421026653     
         200   22.825424421026653     
         201   22.825424421026653     
         202   22.825424421026653     
         203   22.825424421026653     
         204   22.825424421026653     
         205   22.825424421026653     
         206   22.825424421026653     
         207   22.825424421026653     
         208   22.847319317591726     
         209   22.847319317591726     
         210   22.847319317591726     
         211   22.847319317591726     
         212   22.847319317591726     
         213   22.847319317591726     
         214   22.847319317591726     
         215   22.847319317591726     
         216   22.847319317591726     
         217   22.847319317591726     
         218   22.847319317591726     
         219   22.847319317591726     
         220   22.847319317591726     
