           2   1.0000000000000000     
           3   1.0000000000000000     
           4   1.4142135623730951     
           5   1.4142135623730951     
           6   2.0000000000000000     
           7   2.0000000000000000     
           8   2.2360679774997898     
           9   2.2360679774997898     
          10   2.2360679774997898     
          11   2.2360679774997898     
          12   2.8284271247461903     
          13   3.1622776601683795     
          14   3.6055512754639891     
          15   4.2426406871192848     
          16   5.0000000000000000     
          17   5.0000000000000000     
          18   5.0000000000000000     
          19   5.6568542494923806     
          20   5.6568542494923806     
          21   6.4031242374328485     
          22   6.4031242374328485     
          23   6.4031242374328485     
          24   6.4031242374328485     
          25   6.4031242374328485     
          26   6.4031242374328485     
          27   6.4031242374328485     
          28   7.2111025509279782     
          29   7.2111025509279782     
          30   7.2111025509279782     
          31   7.2111025509279782     
          32   7.2111025509279782     
          33   7.2111025509279782     
          34   7.2111025509279782     
          35   7.2111025509279782     
          36   8.0622577482985491     
          37   8.0622577482985491     
          38   8.0622577482985491     
          39   8.0622577482985491     
          40   8.0622577482985491     
          41   8.0622577482985491     
          42   8.0622577482985491     
          43   8.0622577482985491     
          44   8.0622577482985491     
          45   8.0622577482985491     
          46   8.0622577482985491     
          47   8.0622577482985491     
          48   8.0622577482985491     
          49   8.0622577482985491     
          50   8.0622577482985491     
          51   8.0622577482985491     
          52   8.0622577482985491     
          53   8.0622577482985491     
          54   8.0622577482985491     
          55   8.0622577482985491     
          56   8.9442719099991592     
          57   9.8488578017961039     
          58   9.8488578017961039     
          59   10.295630140987001     
          60   10.295630140987001     
          61   10.295630140987001     
          62   10.295630140987001     
          63   10.295630140987001     
          64   10.295630140987001     
          65   11.000000000000000     
          66   11.000000000000000     
          67   11.000000000000000     
          68   11.000000000000000     
          69   11.045361017187261     
          70   11.045361017187261     
          71   11.704699910719626     
          72   11.704699910719626     
          73   11.704699910719626     
          74   11.704699910719626     
          75   11.704699910719626     
          76   11.704699910719626     
          77   11.704699910719626     
          78   11.704699910719626     
          79   11.704699910719626     
          80   11.704699910719626     
          81   11.704699910719626     
          82   12.649110640673518     
          83   12.649110640673518     
          84   12.649110640673518     
          85   12.649110640673518     
          86   12.649110640673518     
          87   12.649110640673518     
          88   12.649110640673518     
          89   12.649110640673518     
          90   12.649110640673518     
          91   12.649110640673518     
          92   12.649110640673518     
          93   12.649110640673518     
          94   12.649110640673518     
          95   12.649110640673518     
          96   12.649110640673518     
          97   12.649110640673518     
          98   12.649110640673518     
          99   12.649110640673518     
         100   12.649110640673518     
         101   13.341664064126334     
         102   13.341664064126334     
         103   13.341664064126334     
         104   14.317821063276353     
         105   14.317821063276353     
         106   15.297058540778355     
         107   15.297058540778355     
         108   15.297058540778355     
         109   15.297058540778355     
         110   15.297058540778355     
         111   15.297058540778355     
         112   15.297058540778355     
         113   15.297058540778355     
         114   15.297058540778355     
         115   15.297058540778355     
         116   15.297058540778355     
         117   15.297058540778355     
         118   15.297058540778355     
         119   15.297058540778355     
         120   15.297058540778355     
         121   15.297058540778355     
         122   15.297058540778355     
         123   15.297058540778355     
         124   15.297058540778355     
         125   15.297058540778355     
         126   15.297058540778355     
         127   15.297058540778355     
         128   15.297058540778355     
         129   15.297058540778355     
         130   15.297058540778355     
         131   15.297058540778355     
         132   15.297058540778355     
         133   15.297058540778355     
         134   15.297058540778355     
         135   15.297058540778355     
         136   15.297058540778355     
         137   15.297058540778355     
         138   15.297058540778355     
         139   15.297058540778355     
         140   15.297058540778355     
         141   15.297058540778355     
         142   15.297058540778355     
         143   15.297058540778355     
         144   15.297058540778355     
         145   15.297058540778355     
         146   15.297058540778355     
         147   15.297058540778355     
         148   15.297058540778355     
         149   15.297058540778355     
         150   15.297058540778355     
         151   15.297058540778355     
         152   15.297058540778355     
         153   15.811388300841896     
         154   16.000000000000000     
         155   17.000000000000000     
         156   18.000000000000000     
         157   18.027756377319946     
         158   18.027756377319946     
         159   18.027756377319946     
         160   18.027756377319946     
         161   18.110770276274835     
         162   18.110770276274835     
         163   19.104973174542799     
         164   19.104973174542799     
         165   19.104973174542799     
         166   20.024984394500787     
         167   20.024984394500787     
         168   20.024984394500787     
         169   20.024984394500787     
         170   20.024984394500787     
         171   20.024984394500787     
         172   20.024984394500787     
         173   20.024984394500787     
         174   21.023796041628639     
         175   21.023796041628639     
         176   21.023796041628639     
         177   21.023796041628639     
         178   21.023796041628639     
         179   21.023796041628639     
         180   21.023796041628639     
         181   21.023796041628639     
         182   21.023796041628639     
         183   21.023796041628639     
         184   21.023796041628639     
         185   21.023796041628639     
         186   21.023796041628639     
         187   21.023796041628639     
         188   21.023796041628639     
         189   21.023796041628639     
         190   21.023796041628639     
         191   21.023796041628639     
         192   21.023796041628639     
         193   21.023796041628639     
         194   21.023796041628639     
         195   21.095023109728988     
         196   21.213203435596427     
         197   21.377558326431949     
         198   22.360679774997898     
         199   22.360679774997898     
         200   23.345235059857504     
         201   23.537204591879640     
         202   23.769728648009426     
         203   23.769728648009426     
         204   23.769728648009426     
         205   23.769728648009426     
         206   23.769728648009426     
         207   23.769728648009426     
         208   23.769728648009426     
         209   24.041630560342615     
         210   24.351591323771842     
         211   24.351591323771842     
         212   24.351591323771842     
         213   24.351591323771842     
         214   24.351591323771842     
         215   24.351591323771842     
         216   24.351591323771842     
         217   24.351591323771842     
         218   24.351591323771842     
         219   24.351591323771842     
         220   24.351591323771842     
         221   24.351591323771842     
         222   24.351591323771842     
         223   25.298221281347036     
         224   26.248809496813376     
         225   26.248809496813376     
         226   26.570660511172846     
         227   26.570660511172846     
         228   26.570660511172846     
         229   26.570660511172846     
         230   26.570660511172846     
         231   26.570660511172846     
         232   26.570660511172846     
         233   26.570660511172846     
         234   26.570660511172846     
         235   26.570660511172846     
         236   26.570660511172846     
         237   26.570660511172846     
         238   26.570660511172846     
         239   26.570660511172846     
         240   26.570660511172846     
         241   26.570660511172846     
         242   27.513632984395208     
         243   27.513632984395208     
         244   27.513632984395208     
         245   27.513632984395208     
         246   27.856776554368238     
         247   27.856776554368238     
         248   27.856776554368238     
         249   27.856776554368238     
         250   28.460498941515414     
         251   28.460498941515414     
         252   28.460498941515414     
         253   28.460498941515414     
         254   28.460498941515414     
         255   28.460498941515414     
         256   28.460498941515414     
         257   28.460498941515414     
         258   28.460498941515414     
         259   28.460498941515414     
         260   28.460498941515414     
         261   28.460498941515414     
         262   28.460498941515414     
         263   28.460498941515414     
         264   28.460498941515414     
         265   28.460498941515414     
         266   28.460498941515414     
         267   28.460498941515414     
         268   28.460498941515414     
         269   28.460498941515414     
         270   29.120439557122072     
         271   29.120439557122072     
         272   29.120439557122072     
         273   29.120439557122072     
         274   30.083217912982647     
         275   30.083217912982647     
         276   30.083217912982647     
         277   30.083217912982647     
         278   30.083217912982647     
         279   30.083217912982647     
         280   30.083217912982647     
         281   30.083217912982647     
         282   30.083217912982647     
         283   30.083217912982647     
         284   30.083217912982647     
         285   30.364452901377952     
         286   31.048349392520048     
         287   31.048349392520048     
         288   31.048349392520048     
         289   31.048349392520048     
         290   31.048349392520048     
         291   31.048349392520048     
