           2   1.0000000000000000     
           3   2.0000000000000000     
           4   2.2360679774997898     
           5   3.1622776601683795     
           6   3.6055512754639891     
           7   3.6055512754639891     
           8   3.6055512754639891     
           9   3.6055512754639891     
          10   3.6055512754639891     
          11   4.1231056256176606     
          12   4.1231056256176606     
          13   5.0990195135927845     
          14   5.3851648071345037     
          15   5.3851648071345037     
          16   5.3851648071345037     
          17   5.3851648071345037     
          18   5.3851648071345037     
          19   6.0827625302982193     
          20   6.0827625302982193     
          21   6.0827625302982193     
          22   6.0827625302982193     
          23   6.0827625302982193     
          24   6.0827625302982193     
          25   6.0827625302982193     
          26   6.0827625302982193     
          27   6.0827625302982193     
          28   6.0827625302982193     
          29   6.0827625302982193     
          30   6.0827625302982193     
          31   6.0827625302982193     
          32   6.0827625302982193     
          33   6.0827625302982193     
          34   6.0827625302982193     
          35   6.0827625302982193     
          36   6.0827625302982193     
          37   6.7082039324993694     
          38   6.7082039324993694     
          39   6.7082039324993694     
          40   6.7082039324993694     
          41   6.7082039324993694     
          42   6.7082039324993694     
          43   6.7082039324993694     
          44   7.6157731058639087     
          45   7.6157731058639087     
          46   7.6157731058639087     
          47   7.6157731058639087     
          48   7.6157731058639087     
          49   8.0622577482985491     
          50   8.0622577482985491     
          51   8.0622577482985491     
          52   8.0622577482985491     
          53   8.9442719099991592     
          54   9.8488578017961039     
          55   9.8488578017961039     
          56   9.8488578017961039     
          57   9.8488578017961039     
          58   9.8488578017961039     
          59   9.8488578017961039     
          60   9.8488578017961039     
          61   9.8488578017961039     
          62   10.770329614269007     
          63   10.770329614269007     
          64   10.770329614269007     
          65   10.770329614269007     
          66   10.770329614269007     
          67   10.770329614269007     
          68   10.770329614269007     
          69   10.770329614269007     
          70   10.770329614269007     
          71   10.770329614269007     
          72   10.770329614269007     
          73   10.770329614269007     
          74   10.770329614269007     
          75   10.770329614269007     
          76   10.770329614269007     
          77   10.770329614269007     
          78   10.770329614269007     
          79   11.180339887498949     
          80   11.180339887498949     
          81   11.180339887498949     
          82   11.180339887498949     
          83   11.180339887498949     
          84   11.180339887498949     
          85   11.180339887498949     
          86   11.180339887498949     
          87   11.180339887498949     
          88   11.180339887498949     
          89   11.180339887498949     
          90   12.083045973594572     
          91   12.083045973594572     
          92   12.083045973594572     
          93   12.083045973594572     
          94   12.083045973594572     
          95   12.083045973594572     
          96   12.083045973594572     
          97   12.083045973594572     
          98   12.083045973594572     
          99   12.083045973594572     
         100   12.083045973594572     
         101   12.083045973594572     
         102   12.083045973594572     
         103   12.083045973594572     
         104   12.083045973594572     
         105   12.165525060596439     
         106   12.165525060596439     
         107   12.369316876852981     
         108   12.369316876852981     
         109   12.369316876852981     
         110   12.369316876852981     
         111   12.369316876852981     
         112   12.369316876852981     
         113   12.369316876852981     
         114   12.369316876852981     
         115   12.369316876852981     
         116   12.369316876852981     
         117   13.000000000000000     
         118   13.000000000000000     
         119   13.000000000000000     
         120   13.000000000000000     
         121   13.928388277184119     
         122   14.866068747318506     
         123   15.811388300841896     
         124   16.763054614240211     
         125   17.720045146669349     
         126   17.720045146669349     
         127   18.027756377319946     
         128   18.027756377319946     
         129   18.027756377319946     
         130   18.681541692269406     
         131   18.681541692269406     
         132   18.681541692269406     
         133   18.681541692269406     
         134   18.681541692269406     
         135   18.681541692269406     
         136   18.788294228055936     
         137   18.788294228055936     
         138   19.235384061671343     
         139   19.235384061671343     
         140   19.235384061671343     
         141   19.723082923316021     
         142   19.723082923316021     
         143   19.723082923316021     
         144   19.723082923316021     
         145   19.723082923316021     
         146   19.723082923316021     
         147   19.723082923316021     
         148   19.723082923316021     
         149   19.723082923316021     
         150   19.723082923316021     
         151   19.723082923316021     
         152   19.723082923316021     
         153   19.723082923316021     
         154   19.723082923316021     
         155   19.723082923316021     
         156   19.723082923316021     
         157   19.723082923316021     
         158   19.723082923316021     
         159   19.723082923316021     
         160   19.723082923316021     
         161   19.723082923316021     
         162   19.723082923316021     
         163   19.723082923316021     
         164   19.924858845171276     
         165   19.924858845171276     
         166   19.924858845171276     
         167   19.924858845171276     
         168   19.924858845171276     
         169   19.924858845171276     
         170   19.924858845171276     
         171   19.924858845171276     
         172   19.924858845171276     
         173   19.924858845171276     
         174   19.924858845171276     
         175   19.924858845171276     
         176   19.924858845171276     
         177   19.924858845171276     
         178   19.924858845171276     
         179   19.924858845171276     
         180   19.924858845171276     
         181   19.924858845171276     
         182   19.924858845171276     
         183   19.924858845171276     
         184   19.924858845171276     
         185   19.924858845171276     
         186   19.924858845171276     
         187   19.924858845171276     
         188   19.924858845171276     
         189   19.924858845171276     
         190   19.924858845171276     
         191   19.924858845171276     
         192   19.924858845171276     
         193   19.924858845171276     
         194   19.924858845171276     
         195   19.924858845171276     
         196   19.924858845171276     
         197   19.924858845171276     
         198   19.924858845171276     
         199   19.924858845171276     
         200   19.924858845171276     
         201   19.924858845171276     
         202   19.924858845171276     
         203   19.924858845171276     
         204   19.924858845171276     
         205   19.924858845171276     
         206   19.924858845171276     
         207   19.924858845171276     
         208   19.924858845171276     
         209   19.924858845171276     
         210   19.924858845171276     
         211   19.924858845171276     
         212   19.924858845171276     
         213   19.924858845171276     
         214   19.924858845171276     
         215   19.924858845171276     
         216   19.924858845171276     
         217   19.924858845171276     
         218   19.924858845171276     
         219   19.924858845171276     
         220   19.924858845171276     
         221   19.924858845171276     
         222   19.924858845171276     
         223   19.924858845171276     
         224   19.924858845171276     
         225   19.924858845171276     
         226   20.591260281974002     
         227   21.095023109728988     
         228   21.095023109728988     
         229   21.095023109728988     
         230   21.095023109728988     
         231   21.954498400100150     
         232   21.954498400100150     
         233   21.954498400100150     
         234   22.472205054244231     
         235   22.472205054244231     
         236   22.472205054244231     
         237   22.472205054244231     
         238   22.472205054244231     
         239   22.472205054244231     
         240   22.472205054244231     
         241   22.472205054244231     
         242   22.472205054244231     
         243   22.472205054244231     
         244   22.472205054244231     
         245   22.472205054244231     
         246   22.472205054244231     
         247   22.472205054244231     
         248   22.472205054244231     
         249   22.472205054244231     
         250   22.472205054244231     
         251   22.472205054244231     
         252   22.472205054244231     
         253   22.472205054244231     
         254   22.472205054244231     
         255   22.472205054244231     
         256   22.472205054244231     
         257   22.472205054244231     
         258   22.472205054244231     
         259   22.472205054244231     
         260   22.472205054244231     
         261   22.472205054244231     
         262   22.472205054244231     
         263   22.472205054244231     
         264   22.472205054244231     
         265   22.472205054244231     
         266   22.472205054244231     
         267   22.472205054244231     
         268   22.472205054244231     
         269   22.472205054244231     
         270   22.472205054244231     
         271   22.472205054244231     
         272   22.472205054244231     
         273   22.472205054244231     
         274   22.472205054244231     
         275   22.472205054244231     
         276   22.472205054244231     
         277   22.472205054244231     
         278   22.472205054244231     
         279   22.472205054244231     
         280   22.671568097509269     
         281   22.671568097509269     
         282   22.671568097509269     
         283   22.671568097509269     
         284   22.671568097509269     
         285   22.671568097509269     
         286   22.671568097509269     
         287   22.671568097509269     
         288   22.671568097509269     
         289   22.671568097509269     
         290   23.345235059857504     
         291   24.083189157584592     
         292   24.083189157584592     
         293   24.758836806279895     
         294   24.758836806279895     
         295   24.758836806279895     
         296   24.758836806279895     
         297   24.758836806279895     
         298   25.495097567963924     
         299   25.495097567963924     
         300   25.495097567963924     
         301   25.495097567963924     
         302   25.495097567963924     
         303   25.495097567963924     
         304   25.495097567963924     
         305   25.495097567963924     
         306   25.495097567963924     
         307   25.495097567963924     
         308   25.495097567963924     
         309   25.495097567963924     
         310   25.495097567963924     
         311   25.495097567963924     
         312   25.495097567963924     
         313   25.495097567963924     
         314   25.495097567963924     
         315   25.495097567963924     
         316   25.495097567963924     
         317   25.495097567963924     
         318   25.495097567963924     
         319   25.495097567963924     
         320   25.495097567963924     
         321   25.495097567963924     
         322   25.495097567963924     
         323   25.495097567963924     
         324   26.172504656604801     
         325   26.172504656604801     
         326   26.172504656604801     
         327   26.172504656604801     
