           2   1.0000000000000000     
           3   1.0000000000000000     
           4   1.0000000000000000     
           5   2.0000000000000000     
           6   3.0000000000000000     
           7   3.0000000000000000     
           8   3.1622776601683795     
           9   3.6055512754639891     
          10   4.4721359549995796     
          11   4.4721359549995796     
          12   5.3851648071345037     
          13   5.3851648071345037     
          14   5.3851648071345037     
          15   5.3851648071345037     
          16   5.3851648071345037     
          17   5.3851648071345037     
          18   5.3851648071345037     
          19   5.3851648071345037     
          20   5.3851648071345037     
          21   5.3851648071345037     
          22   5.3851648071345037     
          23   5.3851648071345037     
          24   6.0827625302982193     
          25   6.0827625302982193     
          26   6.0827625302982193     
          27   6.0827625302982193     
          28   6.4031242374328485     
          29   7.0710678118654755     
          30   7.0710678118654755     
          31   7.0710678118654755     
          32   7.0710678118654755     
          33   7.0710678118654755     
          34   7.0710678118654755     
          35   7.0710678118654755     
          36   7.0710678118654755     
          37   7.0710678118654755     
          38   7.0710678118654755     
          39   7.0710678118654755     
          40   7.0710678118654755     
          41   7.0710678118654755     
          42   7.2801098892805181     
          43   7.2801098892805181     
          44   7.2801098892805181     
          45   7.2801098892805181     
          46   7.2801098892805181     
          47   7.2801098892805181     
          48   7.2801098892805181     
          49   7.2801098892805181     
          50   7.8102496759066540     
          51   7.8102496759066540     
          52   7.8102496759066540     
          53   8.4852813742385695     
          54   9.2195444572928871     
          55   9.2195444572928871     
          56   9.2195444572928871     
          57   9.2195444572928871     
          58   9.2195444572928871     
          59   9.2195444572928871     
          60   9.2195444572928871     
          61   9.2195444572928871     
          62   10.000000000000000     
          63   10.630145812734650     
          64   10.630145812734650     
          65   10.630145812734650     
          66   10.630145812734650     
          67   10.630145812734650     
          68   10.630145812734650     
          69   10.630145812734650     
          70   10.630145812734650     
          71   10.630145812734650     
          72   10.630145812734650     
          73   10.630145812734650     
          74   10.630145812734650     
          75   10.630145812734650     
          76   10.630145812734650     
          77   10.630145812734650     
          78   10.630145812734650     
          79   10.630145812734650     
          80   10.630145812734650     
          81   11.401754250991379     
          82   11.401754250991379     
          83   11.401754250991379     
          84   12.041594578792296     
          85   12.041594578792296     
          86   12.041594578792296     
          87   12.041594578792296     
          88   12.041594578792296     
          89   12.041594578792296     
          90   12.041594578792296     
          91   12.727922061357855     
          92   13.453624047073710     
          93   13.453624047073710     
          94   14.212670403551895     
          95   15.000000000000000     
          96   15.811388300841896     
          97   16.401219466856727     
          98   17.204650534085253     
          99   18.027756377319946     
         100   18.867962264113206     
         101   18.867962264113206     
         102   18.867962264113206     
         103   18.867962264113206     
         104   19.723082923316021     
         105   19.723082923316021     
         106   19.723082923316021     
         107   19.723082923316021     
         108   19.723082923316021     
         109   20.591260281974002     
         110   21.095023109728988     
         111   21.095023109728988     
         112   21.095023109728988     
         113   21.095023109728988     
         114   21.095023109728988     
         115   21.095023109728988     
         116   21.095023109728988     
         117   21.095023109728988     
         118   21.095023109728988     
         119   21.095023109728988     
         120   21.095023109728988     
         121   21.633307652783937     
         122   22.472205054244231     
         123   22.472205054244231     
         124   22.472205054244231     
         125   22.472205054244231     
         126   22.472205054244231     
         127   22.472205054244231     
         128   22.472205054244231     
         129   22.472205054244231     
         130   22.472205054244231     
         131   22.472205054244231     
         132   22.472205054244231     
         133   22.472205054244231     
         134   22.472205054244231     
         135   23.323807579381203     
         136   23.323807579381203     
         137   23.323807579381203     
         138   23.323807579381203     
         139   23.323807579381203     
         140   23.323807579381203     
         141   23.323807579381203     
         142   23.323807579381203     
         143   23.323807579381203     
         144   23.323807579381203     
         145   23.323807579381203     
         146   23.323807579381203     
         147   23.323807579381203     
         148   23.323807579381203     
         149   23.323807579381203     
         150   23.323807579381203     
         151   23.323807579381203     
         152   23.323807579381203     
         153   23.323807579381203     
         154   23.323807579381203     
         155   23.323807579381203     
         156   23.323807579381203     
         157   23.323807579381203     
         158   23.323807579381203     
         159   23.323807579381203     
         160   23.323807579381203     
         161   23.323807579381203     
         162   23.323807579381203     
         163   23.323807579381203     
         164   23.323807579381203     
         165   23.323807579381203     
         166   23.323807579381203     
         167   23.323807579381203     
         168   23.323807579381203     
         169   23.323807579381203     
         170   23.323807579381203     
         171   23.323807579381203     
         172   23.323807579381203     
         173   23.323807579381203     
         174   23.323807579381203     
         175   23.323807579381203     
         176   23.323807579381203     
         177   23.323807579381203     
         178   23.323807579381203     
         179   23.323807579381203     
         180   23.323807579381203     
         181   23.323807579381203     
         182   23.323807579381203     
         183   23.323807579381203     
         184   23.323807579381203     
         185   23.323807579381203     
         186   23.323807579381203     
         187   23.323807579381203     
         188   23.323807579381203     
         189   23.323807579381203     
         190   23.323807579381203     
         191   23.323807579381203     
         192   23.323807579381203     
         193   23.323807579381203     
         194   23.323807579381203     
         195   23.323807579381203     
         196   23.323807579381203     
         197   23.323807579381203     
         198   23.323807579381203     
         199   23.323807579381203     
         200   23.323807579381203     
         201   23.323807579381203     
         202   23.323807579381203     
         203   23.323807579381203     
         204   23.323807579381203     
         205   23.323807579381203     
         206   23.323807579381203     
         207   23.323807579381203     
         208   23.323807579381203     
         209   23.323807579381203     
         210   23.323807579381203     
         211   23.323807579381203     
         212   23.323807579381203     
         213   23.853720883753127     
         214   23.853720883753127     
         215   23.853720883753127     
         216   23.853720883753127     
         217   24.698178070456937     
         218   24.698178070456937     
         219   24.698178070456937     
         220   25.553864678361276     
         221   26.419689627245813     
         222   26.419689627245813     
         223   27.294688127912362     
         224   28.178005607210743     
         225   28.178005607210743     
         226   28.178005607210743     
         227   28.635642126552707     
