           2   1.0000000000000000     
           3   1.4142135623730951     
           4   2.2360679774997898     
           5   2.8284271247461903     
           6   3.6055512754639891     
           7   3.6055512754639891     
           8   3.6055512754639891     
           9   4.2426406871192848     
          10   4.4721359549995796     
          11   4.4721359549995796     
          12   4.4721359549995796     
          13   4.4721359549995796     
          14   4.4721359549995796     
          15   4.4721359549995796     
          16   5.3851648071345037     
          17   5.8309518948453007     
          18   5.8309518948453007     
          19   6.4031242374328485     
          20   6.4031242374328485     
          21   7.0710678118654755     
          22   7.0710678118654755     
          23   7.0710678118654755     
          24   7.0710678118654755     
          25   7.0710678118654755     
          26   7.0710678118654755     
          27   7.2801098892805181     
          28   7.2801098892805181     
          29   8.0622577482985491     
          30   8.2462112512353212     
          31   9.0553851381374173     
          32   9.0553851381374173     
          33   9.0553851381374173     
          34   9.0553851381374173     
          35   9.0553851381374173     
          36   9.0553851381374173     
          37   9.0553851381374173     
          38   9.0553851381374173     
          39   9.0553851381374173     
          40   9.0553851381374173     
          41   10.000000000000000     
          42   10.000000000000000     
          43   10.000000000000000     
          44   10.000000000000000     
          45   10.000000000000000     
          46   10.000000000000000     
          47   10.000000000000000     
          48   10.000000000000000     
          49   10.000000000000000     
          50   10.000000000000000     
          51   10.000000000000000     
          52   10.000000000000000     
          53   10.000000000000000     
          54   10.000000000000000     
          55   10.000000000000000     
          56   10.000000000000000     
          57   11.000000000000000     
          58   11.000000000000000     
          59   11.045361017187261     
          60   11.180339887498949     
          61   12.165525060596439     
          62   12.165525060596439     
          63   12.165525060596439     
          64   12.165525060596439     
          65   12.165525060596439     
          66   12.165525060596439     
          67   12.165525060596439     
          68   12.165525060596439     
          69   12.165525060596439     
          70   13.152946437965905     
          71   13.152946437965905     
          72   13.152946437965905     
          73   13.152946437965905     
          74   13.152946437965905     
          75   13.152946437965905     
          76   13.152946437965905     
          77   13.152946437965905     
          78   13.152946437965905     
          79   13.152946437965905     
          80   13.152946437965905     
          81   13.152946437965905     
          82   14.142135623730951     
          83   14.142135623730951     
          84   14.142135623730951     
          85   14.142135623730951     
          86   14.142135623730951     
          87   14.142135623730951     
          88   14.142135623730951     
          89   14.142135623730951     
          90   14.142135623730951     
          91   14.142135623730951     
          92   14.142135623730951     
          93   14.142135623730951     
          94   14.142135623730951     
          95   14.317821063276353     
          96   14.560219778561036     
          97   14.560219778561036     
          98   14.560219778561036     
          99   14.560219778561036     
         100   14.560219778561036     
         101   14.560219778561036     
         102   14.560219778561036     
         103   14.560219778561036     
         104   14.560219778561036     
         105   14.560219778561036     
         106   14.560219778561036     
         107   14.560219778561036     
         108   14.560219778561036     
         109   15.524174696260024     
         110   15.524174696260024     
         111   15.524174696260024     
         112   15.524174696260024     
         113   15.524174696260024     
         114   15.524174696260024     
         115   15.524174696260024     
         116   15.524174696260024     
         117   15.524174696260024     
         118   15.524174696260024     
         119   15.524174696260024     
         120   15.524174696260024     
         121   15.524174696260024     
         122   15.524174696260024     
         123   16.031219541881399     
         124   16.031219541881399     
         125   16.031219541881399     
         126   16.031219541881399     
         127   16.031219541881399     
         128   17.000000000000000     
         129   17.029386365926403     
         130   17.029386365926403     
         131   18.000000000000000     
         132   18.000000000000000     
         133   18.000000000000000     
         134   18.000000000000000     
         135   18.000000000000000     
         136   18.000000000000000     
         137   18.000000000000000     
         138   18.000000000000000     
         139   18.000000000000000     
         140   18.000000000000000     
         141   18.000000000000000     
         142   18.000000000000000     
         143   18.027756377319946     
         144   18.027756377319946     
         145   18.027756377319946     
         146   18.027756377319946     
         147   18.027756377319946     
         148   18.027756377319946     
         149   18.027756377319946     
         150   18.110770276274835     
         151   18.110770276274835     
         152   18.110770276274835     
         153   18.110770276274835     
         154   18.110770276274835     
         155   18.110770276274835     
         156   18.110770276274835     
         157   18.110770276274835     
         158   18.110770276274835     
         159   18.110770276274835     
         160   18.110770276274835     
         161   18.110770276274835     
         162   18.110770276274835     
         163   18.384776310850235     
         164   18.384776310850235     
         165   18.384776310850235     
         166   18.384776310850235     
         167   19.026297590440446     
         168   19.026297590440446     
         169   19.026297590440446     
         170   19.026297590440446     
         171   19.026297590440446     
         172   19.026297590440446     
         173   19.026297590440446     
         174   19.026297590440446     
         175   20.000000000000000     
         176   20.000000000000000     
         177   20.000000000000000     
         178   20.000000000000000     
         179   20.000000000000000     
         180   20.000000000000000     
         181   20.000000000000000     
         182   20.000000000000000     
         183   20.000000000000000     
         184   20.000000000000000     
         185   20.000000000000000     
         186   20.000000000000000     
         187   20.000000000000000     
         188   20.000000000000000     
         189   20.000000000000000     
         190   20.000000000000000     
         191   20.000000000000000     
         192   20.000000000000000     
         193   20.000000000000000     
         194   20.000000000000000     
         195   20.000000000000000     
         196   20.000000000000000     
         197   20.000000000000000     
         198   20.000000000000000     
         199   20.000000000000000     
         200   20.000000000000000     
         201   20.000000000000000     
         202   20.000000000000000     
         203   20.000000000000000     
         204   20.000000000000000     
         205   20.000000000000000     
         206   20.000000000000000     
         207   20.000000000000000     
         208   20.000000000000000     
         209   20.000000000000000     
         210   20.000000000000000     
         211   20.000000000000000     
         212   20.000000000000000     
         213   20.000000000000000     
         214   21.000000000000000     
         215   22.000000000000000     
         216   22.000000000000000     
         217   22.000000000000000     
         218   22.000000000000000     
         219   22.000000000000000     
         220   22.000000000000000     
         221   22.000000000000000     
         222   22.000000000000000     
         223   22.000000000000000     
         224   22.000000000000000     
         225   22.000000000000000     
         226   22.000000000000000     
         227   22.000000000000000     
         228   22.000000000000000     
         229   22.000000000000000     
         230   22.000000000000000     
         231   22.000000000000000     
         232   22.000000000000000     
         233   22.000000000000000     
         234   22.000000000000000     
         235   22.000000000000000     
         236   22.000000000000000     
         237   22.000000000000000     
         238   22.000000000000000     
         239   22.022715545545239     
         240   22.022715545545239     
         241   22.022715545545239     
         242   22.022715545545239     
         243   22.022715545545239     
         244   22.022715545545239     
         245   22.022715545545239     
         246   22.022715545545239     
         247   22.022715545545239     
         248   22.022715545545239     
         249   22.022715545545239     
         250   22.022715545545239     
         251   22.022715545545239     
         252   22.135943621178654     
         253   23.021728866442675     
         254   24.020824298928627     
         255   24.020824298928627     
         256   24.020824298928627     
         257   25.019992006393608     
         258   25.019992006393608     
         259   25.019992006393608     
         260   25.019992006393608     
         261   25.019992006393608     
         262   25.019992006393608     
         263   25.019992006393608     
         264   25.019992006393608     
         265   25.019992006393608     
         266   25.079872407968907     
         267   25.079872407968907     
         268   25.079872407968907     
         269   25.079872407968907     
         270   26.000000000000000     
         271   26.000000000000000     
         272   26.000000000000000     
         273   26.000000000000000     
         274   26.000000000000000     
         275   26.000000000000000     
         276   26.000000000000000     
         277   26.000000000000000     
         278   26.000000000000000     
         279   26.000000000000000     
         280   26.000000000000000     
         281   26.000000000000000     
         282   26.000000000000000     
         283   26.019223662515376     
         284   26.019223662515376     
         285   26.019223662515376     
         286   26.019223662515376     
         287   26.019223662515376     
         288   26.076809620810597     
         289   27.073972741361768     
         290   27.073972741361768     
         291   27.073972741361768     
         292   27.073972741361768     
         293   27.073972741361768     
         294   27.073972741361768     
         295   27.294688127912362     
         296   27.459060435491963     
         297   27.459060435491963     
         298   27.459060435491963     
         299   27.459060435491963     
         300   28.017851452243800     
         301   28.017851452243800     
         302   28.017851452243800     
         303   28.017851452243800     
         304   28.017851452243800     
         305   28.442925306655784     
         306   28.442925306655784     
         307   28.442925306655784     
         308   28.442925306655784     
         309   28.635642126552707     
         310   28.861739379323623     
         311   29.832867780352597     
         312   29.832867780352597     
         313   29.832867780352597     
         314   29.832867780352597     
         315   30.805843601498726     
         316   30.805843601498726     
         317   30.805843601498726     
         318   30.805843601498726     
         319   30.805843601498726     
         320   30.805843601498726     
         321   30.805843601498726     
         322   31.780497164141408     
         323   31.780497164141408     
         324   31.780497164141408     
         325   31.780497164141408     
         326   31.780497164141408     
         327   31.780497164141408     
         328   31.780497164141408     
         329   32.756678708318397     
         330   32.756678708318397     
         331   32.756678708318397     
         332   32.756678708318397     
         333   32.984845004941285     
         334   32.984845004941285     
         335   32.984845004941285     
         336   32.984845004941285     
         337   32.984845004941285     
         338   32.984845004941285     
         339   33.734255586865999     
         340   33.734255586865999     
         341   33.734255586865999     
         342   34.713109915419565     
         343   34.713109915419565     
         344   34.713109915419565     
         345   34.713109915419565     
         346   34.713109915419565     
         347   34.713109915419565     
         348   34.713109915419565     
         349   34.713109915419565     
         350   34.713109915419565     
         351   34.713109915419565     
         352   34.713109915419565     
         353   34.713109915419565     
         354   34.713109915419565     
         355   34.713109915419565     
         356   34.713109915419565     
         357   34.713109915419565     
         358   34.713109915419565     
         359   34.713109915419565     
         360   34.713109915419565     
         361   34.713109915419565     
         362   34.713109915419565     
         363   34.713109915419565     
         364   34.713109915419565     
         365   34.713109915419565     
         366   34.713109915419565     
         367   34.713109915419565     
         368   34.713109915419565     
         369   34.713109915419565     
         370   34.713109915419565     
         371   34.713109915419565     
         372   34.713109915419565     
         373   34.713109915419565     
         374   34.713109915419565     
         375   34.713109915419565     
         376   34.713109915419565     
         377   34.713109915419565     
         378   34.713109915419565     
         379   34.713109915419565     
         380   34.713109915419565     
         381   34.713109915419565     
         382   34.713109915419565     
         383   34.713109915419565     
         384   34.713109915419565     
         385   34.713109915419565     
         386   34.713109915419565     
         387   34.713109915419565     
         388   34.713109915419565     
         389   34.713109915419565     
