           2   1.0000000000000000     
           3   1.4142135623730951     
           4   2.2360679774997898     
           5   2.2360679774997898     
           6   2.2360679774997898     
           7   3.1622776601683795     
           8   3.1622776601683795     
           9   3.1622776601683795     
          10   3.1622776601683795     
          11   3.1622776601683795     
          12   3.1622776601683795     
          13   3.1622776601683795     
          14   3.1622776601683795     
          15   3.6055512754639891     
          16   4.1231056256176606     
          17   4.4721359549995796     
          18   4.4721359549995796     
          19   4.4721359549995796     
          20   4.4721359549995796     
          21   4.4721359549995796     
          22   4.4721359549995796     
          23   4.4721359549995796     
          24   4.4721359549995796     
          25   4.4721359549995796     
          26   4.4721359549995796     
          27   4.4721359549995796     
          28   4.4721359549995796     
          29   5.3851648071345037     
          30   5.3851648071345037     
          31   5.3851648071345037     
          32   5.3851648071345037     
          33   5.3851648071345037     
          34   5.3851648071345037     
          35   5.3851648071345037     
          36   5.3851648071345037     
          37   6.0000000000000000     
          38   6.0000000000000000     
          39   6.0000000000000000     
          40   6.0000000000000000     
          41   6.0827625302982193     
          42   6.0827625302982193     
          43   6.3245553203367590     
          44   7.0000000000000000     
          45   8.0000000000000000     
          46   8.0622577482985491     
          47   8.0622577482985491     
          48   8.0622577482985491     
          49   8.0622577482985491     
          50   8.0622577482985491     
          51   8.0622577482985491     
          52   8.0622577482985491     
          53   8.0622577482985491     
          54   8.0622577482985491     
          55   8.5440037453175304     
          56   8.5440037453175304     
          57   8.5440037453175304     
          58   9.0553851381374173     
          59   9.0553851381374173     
          60   9.8488578017961039     
          61   9.8488578017961039     
          62   9.8488578017961039     
          63   9.8488578017961039     
          64   9.8488578017961039     
          65   9.8488578017961039     
          66   9.8488578017961039     
          67   9.8488578017961039     
          68   10.000000000000000     
          69   10.000000000000000     
          70   10.000000000000000     
          71   10.000000000000000     
          72   10.000000000000000     
          73   10.000000000000000     
          74   10.000000000000000     
          75   10.000000000000000     
          76   10.000000000000000     
          77   10.295630140987001     
          78   10.816653826391969     
          79   10.816653826391969     
          80   10.816653826391969     
          81   10.816653826391969     
          82   10.816653826391969     
          83   10.816653826391969     
          84   10.816653826391969     
          85   11.401754250991379     
          86   11.401754250991379     
          87   11.704699910719626     
          88   11.704699910719626     
          89   12.529964086141668     
          90   12.529964086141668     
          91   13.038404810405298     
          92   13.601470508735444     
          93   13.601470508735444     
          94   13.601470508735444     
          95   13.601470508735444     
          96   13.601470508735444     
          97   13.601470508735444     
          98   13.601470508735444     
          99   14.422205101855956     
         100   14.422205101855956     
         101   14.422205101855956     
         102   14.422205101855956     
         103   14.422205101855956     
         104   14.422205101855956     
         105   14.422205101855956     
         106   14.422205101855956     
         107   14.422205101855956     
         108   14.422205101855956     
         109   14.422205101855956     
         110   14.422205101855956     
         111   14.422205101855956     
         112   14.422205101855956     
         113   15.000000000000000     
         114   15.000000000000000     
         115   15.000000000000000     
         116   15.000000000000000     
         117   15.000000000000000     
         118   15.000000000000000     
         119   15.620499351813308     
         120   15.620499351813308     
         121   15.620499351813308     
         122   15.811388300841896     
         123   15.811388300841896     
         124   15.811388300841896     
         125   15.811388300841896     
         126   15.811388300841896     
         127   16.401219466856727     
         128   16.401219466856727     
         129   16.401219466856727     
         130   16.401219466856727     
         131   16.401219466856727     
         132   16.401219466856727     
         133   16.401219466856727     
         134   17.029386365926403     
         135   17.029386365926403     
         136   17.029386365926403     
         137   17.029386365926403     
         138   17.029386365926403     
         139   17.029386365926403     
         140   17.029386365926403     
         141   17.029386365926403     
         142   17.029386365926403     
         143   17.029386365926403     
         144   17.029386365926403     
         145   17.029386365926403     
         146   17.029386365926403     
         147   17.029386365926403     
         148   17.029386365926403     
         149   17.029386365926403     
         150   17.029386365926403     
         151   17.029386365926403     
         152   17.029386365926403     
         153   17.029386365926403     
         154   17.204650534085253     
         155   17.204650534085253     
         156   17.204650534085253     
         157   17.204650534085253     
         158   17.204650534085253     
         159   17.204650534085253     
         160   17.204650534085253     
         161   17.204650534085253     
         162   17.204650534085253     
         163   17.204650534085253     
         164   17.204650534085253     
         165   17.204650534085253     
         166   17.204650534085253     
         167   17.204650534085253     
         168   17.204650534085253     
         169   17.804493814764857     
         170   17.804493814764857     
         171   17.804493814764857     
         172   17.804493814764857     
         173   17.804493814764857     
         174   17.804493814764857     
         175   18.384776310850235     
         176   19.313207915827967     
         177   19.313207915827967     
         178   19.313207915827967     
         179   19.313207915827967     
         180   19.313207915827967     
         181   19.313207915827967     
         182   19.313207915827967     
         183   19.697715603592208     
         184   19.697715603592208     
         185   19.697715603592208     
         186   19.697715603592208     
         187   19.697715603592208     
         188   19.697715603592208     
         189   20.615528128088304     
         190   20.615528128088304     
         191   20.615528128088304     
         192   20.615528128088304     
         193   20.615528128088304     
         194   20.615528128088304     
         195   20.615528128088304     
         196   20.615528128088304     
         197   20.615528128088304     
         198   20.615528128088304     
         199   20.615528128088304     
         200   20.615528128088304     
         201   20.615528128088304     
         202   21.540659228538015     
         203   21.540659228538015     
         204   21.540659228538015     
         205   21.540659228538015     
         206   21.540659228538015     
         207   21.540659228538015     
         208   22.472205054244231     
         209   22.472205054244231     
         210   22.472205054244231     
         211   22.472205054244231     
         212   22.472205054244231     
         213   22.472205054244231     
         214   22.472205054244231     
         215   22.472205054244231     
         216   22.472205054244231     
         217   22.671568097509269     
         218   22.671568097509269     
         219   22.671568097509269     
         220   22.671568097509269     
         221   22.671568097509269     
         222   23.409399821439251     
         223   23.409399821439251     
         224   23.409399821439251     
         225   23.409399821439251     
         226   23.409399821439251     
         227   23.409399821439251     
         228   23.409399821439251     
         229   24.041630560342615     
         230   24.041630560342615     
         231   24.041630560342615     
         232   24.041630560342615     
         233   24.041630560342615     
         234   24.041630560342615     
         235   24.041630560342615     
         236   24.041630560342615     
         237   24.041630560342615     
         238   24.041630560342615     
         239   24.041630560342615     
         240   24.041630560342615     
         241   24.041630560342615     
         242   24.041630560342615     
         243   24.041630560342615     
         244   24.041630560342615     
         245   24.041630560342615     
         246   24.041630560342615     
         247   24.186773244895647     
         248   24.186773244895647     
         249   24.186773244895647     
         250   24.186773244895647     
         251   24.186773244895647     
         252   24.186773244895647     
         253   24.186773244895647     
         254   24.186773244895647     
         255   24.186773244895647     
         256   24.186773244895647     
         257   24.186773244895647     
         258   24.186773244895647     
         259   24.186773244895647     
         260   24.698178070456937     
         261   24.698178070456937     
         262   25.553864678361276     
         263   26.076809620810597     
         264   26.076809620810597     
         265   26.076809620810597     
         266   26.076809620810597     
         267   26.925824035672520     
         268   26.925824035672520     
         269   26.925824035672520     
         270   26.925824035672520     
         271   26.925824035672520     
         272   26.925824035672520     
         273   26.925824035672520     
         274   26.925824035672520     
         275   26.925824035672520     
         276   26.925824035672520     
         277   26.925824035672520     
         278   26.925824035672520     
         279   26.925824035672520     
         280   26.925824035672520     
         281   26.925824035672520     
         282   26.925824035672520     
         283   26.925824035672520     
         284   26.925824035672520     
         285   26.925824035672520     
         286   26.925824035672520     
         287   26.925824035672520     
         288   26.925824035672520     
         289   26.925824035672520     
         290   26.925824035672520     
         291   26.925824035672520     
         292   26.925824035672520     
         293   26.925824035672520     
         294   26.925824035672520     
         295   26.925824035672520     
         296   26.925824035672520     
         297   26.925824035672520     
         298   26.925824035672520     
         299   26.925824035672520     
         300   26.925824035672520     
         301   26.925824035672520     
         302   26.925824035672520     
         303   26.925824035672520     
         304   26.925824035672520     
         305   26.925824035672520     
         306   26.925824035672520     
         307   26.925824035672520     
         308   27.784887978899608     
         309   27.784887978899608     
         310   27.784887978899608     
         311   27.784887978899608     
         312   27.784887978899608     
         313   27.784887978899608     
         314   27.784887978899608     
         315   27.784887978899608     
         316   27.784887978899608     
         317   27.784887978899608     
         318   27.784887978899608     
         319   27.784887978899608     
         320   28.635642126552707     
         321   28.635642126552707     
         322   28.635642126552707     
         323   28.635642126552707     
         324   28.635642126552707     
         325   28.635642126552707     
         326   28.635642126552707     
         327   28.635642126552707     
         328   28.635642126552707     
         329   28.635642126552707     
         330   28.635642126552707     
         331   28.635642126552707     
         332   28.635642126552707     
         333   28.635642126552707     
         334   28.635642126552707     
         335   28.635642126552707     
         336   28.635642126552707     
         337   28.635642126552707     
         338   28.635642126552707     
         339   28.635642126552707     
         340   28.635642126552707     
         341   28.635642126552707     
         342   28.635642126552707     
         343   28.635642126552707     
         344   28.635642126552707     
         345   28.635642126552707     
         346   29.614185789921695     
         347   29.614185789921695     
         348   29.614185789921695     
         349   29.614185789921695     
         350   29.832867780352597     
         351   29.832867780352597     
         352   29.832867780352597     
         353   29.832867780352597     
         354   29.832867780352597     
         355   29.832867780352597     
         356   29.832867780352597     
         357   30.083217912982647     
         358   30.083217912982647     
         359   30.083217912982647     
         360   30.083217912982647     
         361   30.083217912982647     
         362   30.083217912982647     
         363   30.083217912982647     
         364   30.083217912982647     
         365   30.083217912982647     
         366   30.083217912982647     
         367   30.083217912982647     
         368   30.083217912982647     
         369   30.083217912982647     
         370   30.083217912982647     
         371   30.083217912982647     
         372   30.083217912982647     
         373   30.083217912982647     
         374   30.083217912982647     
         375   30.083217912982647     
         376   30.083217912982647     
         377   30.083217912982647     
         378   30.083217912982647     
         379   30.083217912982647     
         380   30.083217912982647     
         381   30.083217912982647     
         382   30.083217912982647     
         383   30.083217912982647     
         384   30.083217912982647     
         385   30.083217912982647     
         386   30.083217912982647     
         387   30.083217912982647     
         388   30.083217912982647     
         389   30.083217912982647     
         390   30.083217912982647     
         391   30.083217912982647     
         392   30.083217912982647     
         393   30.083217912982647     
         394   30.083217912982647     
         395   30.610455730027933     
         396   30.610455730027933     
         397   30.610455730027933     
         398   30.610455730027933     
         399   31.048349392520048     
         400   31.048349392520048     
         401   31.048349392520048     
         402   31.384709652950431     
         403   31.384709652950431     
         404   31.780497164141408     
         405   31.780497164141408     
         406   31.780497164141408     
         407   31.780497164141408     
         408   31.906112267087632     
         409   31.906112267087632     
         410   32.015621187164243     
         411   32.015621187164243     
         412   32.015621187164243     
         413   32.695565448543633     
         414   32.695565448543633     
         415   32.695565448543633     
         416   32.695565448543633     
         417   33.105890714493697     
         418   33.105890714493697     
         419   33.105890714493697     
         420   33.105890714493697     
         421   33.105890714493697     
         422   33.105890714493697     
         423   33.105890714493697     
         424   33.105890714493697     
         425   33.105890714493697     
         426   33.105890714493697     
         427   33.105890714493697     
         428   33.105890714493697     
         429   33.105890714493697     
         430   33.105890714493697     
         431   33.105890714493697     
         432   33.105890714493697     
         433   33.105890714493697     
         434   33.105890714493697     
         435   33.105890714493697     
         436   33.105890714493697     
         437   33.105890714493697     
         438   33.286633954186478     
         439   33.286633954186478     
         440   33.286633954186478     
         441   33.286633954186478     
         442   34.132096331752024     
         443   34.132096331752024     
         444   34.669871646719429     
         445   34.669871646719429     
         446   34.669871646719429     
         447   34.669871646719429     
         448   34.669871646719429     
         449   34.669871646719429     
         450   34.669871646719429     
         451   34.669871646719429     
         452   34.669871646719429     
         453   34.669871646719429     
         454   34.669871646719429     
         455   34.669871646719429     
         456   34.669871646719429     
         457   34.669871646719429     
         458   34.669871646719429     
         459   34.669871646719429     
         460   34.669871646719429     
         461   34.669871646719429     
         462   34.669871646719429     
         463   34.669871646719429     
         464   34.669871646719429     
         465   34.669871646719429     
         466   35.227829907617071     
         467   35.227829907617071     
         468   35.227829907617071     
         469   35.227829907617071     
         470   36.055512754639892     
         471   36.055512754639892     
         472   36.891733491393431     
         473   36.891733491393431     
