           2   1.0000000000000000     
           3   1.4142135623730951     
           4   2.2360679774997898     
           5   2.8284271247461903     
           6   3.6055512754639891     
           7   4.2426406871192848     
           8   4.2426406871192848     
           9   4.2426406871192848     
          10   4.2426406871192848     
          11   4.2426406871192848     
          12   4.2426406871192848     
          13   5.0000000000000000     
          14   5.0000000000000000     
          15   5.0000000000000000     
          16   5.0000000000000000     
          17   5.0000000000000000     
          18   5.0000000000000000     
          19   5.6568542494923806     
          20   6.4031242374328485     
          21   7.0710678118654755     
          22   7.8102496759066540     
          23   7.8102496759066540     
          24   7.8102496759066540     
          25   7.8102496759066540     
          26   7.8102496759066540     
          27   7.8102496759066540     
          28   7.8102496759066540     
          29   8.6023252670426267     
          30   8.6023252670426267     
          31   8.6023252670426267     
          32   8.6023252670426267     
          33   8.6023252670426267     
          34   8.6023252670426267     
          35   8.6023252670426267     
          36   8.6023252670426267     
          37   9.4339811320566032     
          38   9.4339811320566032     
          39   9.4339811320566032     
          40   9.4339811320566032     
          41   9.4339811320566032     
          42   10.000000000000000     
          43   10.630145812734650     
          44   11.313708498984761     
          45   12.041594578792296     
          46   12.041594578792296     
          47   12.041594578792296     
          48   12.041594578792296     
          49   12.041594578792296     
          50   12.041594578792296     
          51   12.806248474865697     
          52   12.806248474865697     
          53   12.806248474865697     
          54   12.806248474865697     
          55   12.806248474865697     
          56   12.806248474865697     
          57   12.806248474865697     
          58   12.806248474865697     
          59   12.806248474865697     
          60   12.806248474865697     
          61   12.806248474865697     
          62   12.806248474865697     
          63   12.806248474865697     
          64   12.806248474865697     
          65   12.806248474865697     
          66   12.806248474865697     
          67   12.806248474865697     
          68   12.806248474865697     
          69   12.806248474865697     
          70   12.806248474865697     
          71   12.806248474865697     
          72   12.806248474865697     
          73   13.453624047073710     
          74   14.212670403551895     
          75   14.212670403551895     
          76   14.212670403551895     
          77   14.212670403551895     
          78   14.212670403551895     
          79   14.212670403551895     
          80   14.212670403551895     
          81   14.212670403551895     
          82   14.212670403551895     
          83   14.212670403551895     
          84   14.212670403551895     
          85   14.212670403551895     
          86   14.212670403551895     
          87   14.212670403551895     
          88   14.212670403551895     
          89   14.212670403551895     
          90   14.212670403551895     
          91   14.212670403551895     
          92   14.212670403551895     
          93   14.212670403551895     
          94   14.212670403551895     
          95   14.764823060233400     
          96   14.764823060233400     
          97   14.764823060233400     
          98   14.764823060233400     
          99   14.764823060233400     
         100   14.764823060233400     
         101   14.764823060233400     
         102   14.764823060233400     
         103   14.764823060233400     
         104   14.764823060233400     
         105   14.764823060233400     
         106   14.764823060233400     
         107   14.764823060233400     
         108   14.764823060233400     
         109   15.264337522473747     
         110   15.264337522473747     
         111   15.264337522473747     
         112   15.264337522473747     
         113   15.264337522473747     
         114   15.264337522473747     
         115   15.264337522473747     
         116   15.264337522473747     
         117   15.264337522473747     
         118   15.264337522473747     
         119   15.264337522473747     
         120   15.264337522473747     
         121   15.264337522473747     
         122   15.264337522473747     
         123   15.264337522473747     
         124   15.264337522473747     
         125   15.264337522473747     
         126   15.264337522473747     
         127   15.264337522473747     
         128   15.264337522473747     
         129   15.264337522473747     
         130   15.264337522473747     
         131   15.264337522473747     
         132   15.264337522473747     
         133   15.264337522473747     
         134   15.264337522473747     
         135   15.264337522473747     
         136   15.264337522473747     
         137   15.264337522473747     
         138   15.264337522473747     
         139   15.264337522473747     
         140   15.264337522473747     
         141   15.264337522473747     
         142   16.031219541881399     
         143   16.031219541881399     
         144   16.031219541881399     
         145   16.031219541881399     
         146   16.031219541881399     
         147   16.031219541881399     
         148   16.031219541881399     
         149   16.031219541881399     
         150   16.031219541881399     
         151   16.031219541881399     
         152   16.031219541881399     
         153   16.031219541881399     
         154   16.031219541881399     
         155   16.031219541881399     
         156   16.031219541881399     
         157   16.031219541881399     
         158   16.031219541881399     
         159   16.031219541881399     
         160   16.031219541881399     
         161   16.031219541881399     
         162   16.031219541881399     
         163   16.031219541881399     
         164   16.031219541881399     
         165   16.031219541881399     
         166   16.031219541881399     
         167   16.031219541881399     
         168   16.031219541881399     
         169   16.278820596099706     
         170   16.278820596099706     
         171   16.278820596099706     
         172   16.278820596099706     
         173   16.278820596099706     
         174   17.117242768623690     
         175   17.117242768623690     
         176   17.117242768623690     
         177   17.262676501632068     
         178   17.262676501632068     
         179   18.110770276274835     
         180   18.110770276274835     
         181   18.110770276274835     
         182   18.110770276274835     
         183   18.110770276274835     
         184   18.248287590894659     
         185   18.248287590894659     
         186   18.248287590894659     
         187   18.248287590894659     
         188   18.248287590894659     
         189   18.248287590894659     
         190   18.681541692269406     
         191   19.646882704388499     
         192   20.615528128088304     
         193   20.615528128088304     
         194   20.615528128088304     
         195   20.615528128088304     
         196   20.615528128088304     
         197   20.880613017821101     
         198   21.189620100417091     
         199   21.189620100417091     
         200   21.189620100417091     
         201   21.189620100417091     
         202   21.189620100417091     
         203   21.840329667841555     
         204   21.840329667841555     
         205   21.840329667841555     
         206   21.840329667841555     
         207   21.840329667841555     
         208   21.840329667841555     
         209   21.840329667841555     
         210   21.840329667841555     
         211   21.840329667841555     
         212   21.840329667841555     
         213   21.840329667841555     
         214   21.840329667841555     
         215   21.840329667841555     
         216   21.840329667841555     
         217   21.840329667841555     
         218   21.840329667841555     
         219   21.840329667841555     
         220   21.840329667841555     
         221   21.840329667841555     
         222   21.840329667841555     
         223   21.840329667841555     
         224   21.840329667841555     
         225   21.840329667841555     
         226   21.840329667841555     
         227   21.840329667841555     
         228   21.840329667841555     
         229   21.840329667841555     
         230   21.840329667841555     
         231   21.840329667841555     
         232   21.840329667841555     
         233   21.840329667841555     
         234   21.840329667841555     
         235   21.840329667841555     
         236   21.840329667841555     
         237   21.840329667841555     
         238   21.840329667841555     
         239   21.840329667841555     
         240   21.840329667841555     
         241   21.840329667841555     
         242   21.840329667841555     
         243   21.840329667841555     
         244   21.840329667841555     
         245   21.840329667841555     
         246   21.840329667841555     
         247   21.840329667841555     
         248   21.840329667841555     
