           2   1.0000000000000000     
           3   1.0000000000000000     
           4   1.4142135623730951     
           5   1.4142135623730951     
           6   1.4142135623730951     
           7   2.2360679774997898     
           8   2.2360679774997898     
           9   3.1622776601683795     
          10   3.1622776601683795     
          11   3.1622776601683795     
          12   3.1622776601683795     
          13   3.1622776601683795     
          14   4.1231056256176606     
          15   4.1231056256176606     
          16   4.2426406871192848     
          17   5.0000000000000000     
          18   5.8309518948453007     
          19   6.4031242374328485     
          20   7.2111025509279782     
          21   7.2111025509279782     
          22   8.0622577482985491     
          23   8.0622577482985491     
          24   8.0622577482985491     
          25   8.0622577482985491     
          26   8.0622577482985491     
          27   8.0622577482985491     
          28   8.0622577482985491     
          29   8.0622577482985491     
          30   8.5440037453175304     
          31   8.5440037453175304     
          32   8.5440037453175304     
          33   8.5440037453175304     
          34   8.5440037453175304     
          35   8.5440037453175304     
          36   8.5440037453175304     
          37   8.5440037453175304     
          38   8.5440037453175304     
          39   8.5440037453175304     
          40   8.5440037453175304     
          41   8.5440037453175304     
          42   8.5440037453175304     
          43   8.5440037453175304     
          44   8.5440037453175304     
          45   8.5440037453175304     
          46   8.5440037453175304     
          47   8.5440037453175304     
          48   8.5440037453175304     
          49   8.5440037453175304     
          50   8.5440037453175304     
          51   8.5440037453175304     
          52   8.5440037453175304     
          53   8.5440037453175304     
          54   8.5440037453175304     
          55   8.5440037453175304     
          56   8.5440037453175304     
          57   8.5440037453175304     
          58   8.5440037453175304     
          59   8.5440037453175304     
          60   8.5440037453175304     
          61   8.5440037453175304     
          62   8.5440037453175304     
          63   8.5440037453175304     
          64   8.5440037453175304     
          65   8.5440037453175304     
          66   8.5440037453175304     
          67   8.5440037453175304     
          68   8.5440037453175304     
          69   8.5440037453175304     
          70   8.5440037453175304     
          71   8.5440037453175304     
          72   8.5440037453175304     
          73   8.5440037453175304     
          74   8.5440037453175304     
          75   8.5440037453175304     
          76   8.5440037453175304     
          77   8.5440037453175304     
          78   8.5440037453175304     
          79   8.5440037453175304     
          80   8.5440037453175304     
          81   8.5440037453175304     
          82   8.5440037453175304     
          83   8.5440037453175304     
          84   8.5440037453175304     
          85   8.5440037453175304     
          86   8.5440037453175304     
          87   8.5440037453175304     
          88   8.5440037453175304     
          89   8.5440037453175304     
          90   8.5440037453175304     
          91   8.5440037453175304     
          92   8.5440037453175304     
          93   8.5440037453175304     
          94   8.5440037453175304     
          95   8.5440037453175304     
          96   8.5440037453175304     
          97   8.5440037453175304     
          98   8.5440037453175304     
          99   8.5440037453175304     
         100   8.5440037453175304     
         101   8.5440037453175304     
         102   8.9442719099991592     
         103   8.9442719099991592     
         104   8.9442719099991592     
         105   9.4339811320566032     
         106   9.8488578017961039     
         107   9.8488578017961039     
         108   10.295630140987001     
         109   10.295630140987001     
         110   10.295630140987001     
         111   10.295630140987001     
         112   10.295630140987001     
         113   10.295630140987001     
         114   10.770329614269007     
         115   10.770329614269007     
         116   10.770329614269007     
         117   10.770329614269007     
         118   10.770329614269007     
         119   11.180339887498949     
         120   11.180339887498949     
         121   11.401754250991379     
         122   11.401754250991379     
         123   12.041594578792296     
         124   12.041594578792296     
         125   12.041594578792296     
         126   12.206555615733702     
         127   12.727922061357855     
         128   12.727922061357855     
         129   12.727922061357855     
         130   13.038404810405298     
         131   13.038404810405298     
         132   13.892443989449804     
         133   13.892443989449804     
         134   13.892443989449804     
         135   13.892443989449804     
         136   13.892443989449804     
         137   13.892443989449804     
         138   13.892443989449804     
         139   13.892443989449804     
         140   13.892443989449804     
         141   13.892443989449804     
         142   13.892443989449804     
         143   13.892443989449804     
         144   13.892443989449804     
         145   13.892443989449804     
         146   13.892443989449804     
         147   14.000000000000000     
         148   14.000000000000000     
         149   14.000000000000000     
         150   14.000000000000000     
         151   14.035668847618199     
         152   14.142135623730951     
         153   14.142135623730951     
         154   15.000000000000000     
         155   16.000000000000000     
         156   16.000000000000000     
         157   16.000000000000000     
         158   16.000000000000000     
         159   16.278820596099706     
         160   16.278820596099706     
         161   16.278820596099706     
         162   16.278820596099706     
         163   17.000000000000000     
         164   17.000000000000000     
         165   17.000000000000000     
         166   17.000000000000000     
         167   17.000000000000000     
         168   17.000000000000000     
         169   17.000000000000000     
         170   17.000000000000000     
         171   17.000000000000000     
         172   17.000000000000000     
         173   17.000000000000000     
         174   17.000000000000000     
         175   18.000000000000000     
         176   18.000000000000000     
         177   18.000000000000000     
         178   18.000000000000000     
         179   18.000000000000000     
         180   18.000000000000000     
         181   19.000000000000000     
         182   19.000000000000000     
         183   19.000000000000000     
         184   19.000000000000000     
         185   20.000000000000000     
         186   20.000000000000000     
         187   20.000000000000000     
         188   20.000000000000000     
         189   20.000000000000000     
         190   21.000000000000000     
         191   21.000000000000000     
         192   21.000000000000000     
         193   21.023796041628639     
         194   21.023796041628639     
         195   21.023796041628639     
         196   21.023796041628639     
         197   22.022715545545239     
         198   22.022715545545239     
         199   22.022715545545239     
         200   22.022715545545239     
         201   22.022715545545239     
         202   22.022715545545239     
         203   22.022715545545239     
         204   22.022715545545239     
         205   22.022715545545239     
         206   22.022715545545239     
         207   22.022715545545239     
         208   22.090722034374522     
         209   22.090722034374522     
         210   22.090722034374522     
         211   22.090722034374522     
         212   22.090722034374522     
         213   22.090722034374522     
         214   22.090722034374522     
         215   22.090722034374522     
         216   22.090722034374522     
         217   22.090722034374522     
         218   22.090722034374522     
         219   22.090722034374522     
         220   22.090722034374522     
         221   22.090722034374522     
         222   22.090722034374522     
         223   22.090722034374522     
         224   22.090722034374522     
         225   22.090722034374522     
         226   22.090722034374522     
         227   22.090722034374522     
         228   22.090722034374522     
         229   22.090722034374522     
         230   22.090722034374522     
         231   22.090722034374522     
         232   22.090722034374522     
         233   22.090722034374522     
         234   22.090722034374522     
         235   22.090722034374522     
         236   22.090722034374522     
         237   22.090722034374522     
         238   22.803508501982758     
         239   22.803508501982758     
         240   22.803508501982758     
         241   22.803508501982758     
         242   22.803508501982758     
         243   22.803508501982758     
         244   22.803508501982758     
         245   22.803508501982758     
         246   22.803508501982758     
         247   23.430749027719962     
         248   23.430749027719962     
         249   24.207436873820409     
         250   24.207436873820409     
         251   24.207436873820409     
         252   24.207436873820409     
         253   24.207436873820409     
         254   24.207436873820409     
         255   24.207436873820409     
         256   24.207436873820409     
         257   24.758836806279895     
         258   25.455844122715710     
         259   25.455844122715710     
         260   25.455844122715710     
         261   25.455844122715710     
         262   25.455844122715710     
         263   25.455844122715710     
         264   25.455844122715710     
         265   25.495097567963924     
         266   26.248809496813376     
         267   27.018512172212592     
         268   27.018512172212592     
         269   27.018512172212592     
         270   27.658633371878661     
         271   27.658633371878661     
         272   27.658633371878661     
         273   27.658633371878661     
         274   27.658633371878661     
         275   27.658633371878661     
         276   27.658633371878661     
         277   27.658633371878661     
         278   27.658633371878661     
         279   27.658633371878661     
         280   28.319604517012593     
         281   28.319604517012593     
         282   28.319604517012593     
         283   28.319604517012593     
         284   28.319604517012593     
         285   28.319604517012593     
         286   29.068883707497267     
         287   29.068883707497267     
         288   29.068883707497267     
         289   29.068883707497267     
         290   29.068883707497267     
         291   29.068883707497267     
         292   29.068883707497267     
         293   29.068883707497267     
         294   29.068883707497267     
         295   29.068883707497267     
         296   29.068883707497267     
         297   29.068883707497267     
         298   29.068883707497267     
         299   29.068883707497267     
         300   29.068883707497267     
         301   29.068883707497267     
         302   29.068883707497267     
         303   29.068883707497267     
         304   29.068883707497267     
         305   29.068883707497267     
         306   29.068883707497267     
         307   29.068883707497267     
         308   29.068883707497267     
         309   29.068883707497267     
         310   29.068883707497267     
         311   29.068883707497267     
