           2   1.0000000000000000     
           3   2.0000000000000000     
           4   3.0000000000000000     
           5   3.0000000000000000     
           6   3.0000000000000000     
           7   3.0000000000000000     
           8   3.6055512754639891     
           9   4.4721359549995796     
          10   4.4721359549995796     
          11   5.0990195135927845     
          12   5.0990195135927845     
          13   5.0990195135927845     
          14   5.0990195135927845     
          15   6.0827625302982193     
          16   6.0827625302982193     
          17   7.0710678118654755     
          18   7.0710678118654755     
          19   7.0710678118654755     
          20   7.0710678118654755     
          21   8.0622577482985491     
          22   8.0622577482985491     
          23   8.0622577482985491     
          24   8.0622577482985491     
          25   8.0622577482985491     
          26   8.0622577482985491     
          27   8.2462112512353212     
          28   9.0553851381374173     
          29   9.0553851381374173     
          30   9.0553851381374173     
          31   9.0553851381374173     
          32   9.0553851381374173     
          33   9.0553851381374173     
          34   9.0553851381374173     
          35   9.0553851381374173     
          36   9.0553851381374173     
          37   9.0553851381374173     
          38   9.0553851381374173     
          39   9.0553851381374173     
          40   9.0553851381374173     
          41   9.0553851381374173     
          42   9.0553851381374173     
          43   10.049875621120890     
          44   10.049875621120890     
          45   10.049875621120890     
          46   10.049875621120890     
          47   10.049875621120890     
          48   10.049875621120890     
          49   10.049875621120890     
          50   10.049875621120890     
          51   10.049875621120890     
          52   10.049875621120890     
          53   10.049875621120890     
          54   10.049875621120890     
          55   10.049875621120890     
          56   10.049875621120890     
          57   10.049875621120890     
          58   10.049875621120890     
          59   10.049875621120890     
          60   10.049875621120890     
          61   10.049875621120890     
          62   10.049875621120890     
          63   10.049875621120890     
          64   10.049875621120890     
          65   10.198039027185569     
          66   10.198039027185569     
          67   10.198039027185569     
          68   10.198039027185569     
          69   10.198039027185569     
          70   10.198039027185569     
          71   10.198039027185569     
          72   10.198039027185569     
          73   11.045361017187261     
          74   12.041594578792296     
          75   12.041594578792296     
          76   12.041594578792296     
          77   12.041594578792296     
          78   12.041594578792296     
          79   12.041594578792296     
          80   12.041594578792296     
          81   12.041594578792296     
          82   12.041594578792296     
          83   12.041594578792296     
          84   12.041594578792296     
          85   12.041594578792296     
          86   12.041594578792296     
          87   12.041594578792296     
          88   12.041594578792296     
          89   12.041594578792296     
          90   12.041594578792296     
          91   12.041594578792296     
          92   12.041594578792296     
          93   12.041594578792296     
          94   12.041594578792296     
          95   12.041594578792296     
          96   12.041594578792296     
          97   12.041594578792296     
          98   12.041594578792296     
          99   12.041594578792296     
         100   12.041594578792296     
         101   12.041594578792296     
         102   12.041594578792296     
         103   12.041594578792296     
         104   12.041594578792296     
         105   12.041594578792296     
         106   12.041594578792296     
         107   12.041594578792296     
         108   13.038404810405298     
         109   13.038404810405298     
         110   13.038404810405298     
         111   13.038404810405298     
         112   13.038404810405298     
         113   13.038404810405298     
         114   13.038404810405298     
         115   13.038404810405298     
         116   13.038404810405298     
         117   13.038404810405298     
         118   13.038404810405298     
         119   13.038404810405298     
         120   13.038404810405298     
         121   13.038404810405298     
         122   13.038404810405298     
         123   13.038404810405298     
         124   13.038404810405298     
         125   13.038404810405298     
         126   13.038404810405298     
         127   13.038404810405298     
         128   13.038404810405298     
         129   13.038404810405298     
         130   13.038404810405298     
         131   13.038404810405298     
         132   13.038404810405298     
         133   13.038404810405298     
         134   13.038404810405298     
         135   13.038404810405298     
         136   13.038404810405298     
         137   13.038404810405298     
         138   13.038404810405298     
         139   13.038404810405298     
         140   13.038404810405298     
         141   13.038404810405298     
         142   13.416407864998739     
         143   13.416407864998739     
         144   13.416407864998739     
         145   13.892443989449804     
         146   14.764823060233400     
         147   15.652475842498529     
         148   15.652475842498529     
         149   15.652475842498529     
         150   15.652475842498529     
         151   15.652475842498529     
         152   15.652475842498529     
         153   15.652475842498529     
         154   15.652475842498529     
         155   15.652475842498529     
         156   16.552945357246848     
         157   17.000000000000000     
         158   17.464249196572979     
         159   17.464249196572979     
         160   17.464249196572979     
         161   17.464249196572979     
         162   17.464249196572979     
         163   17.464249196572979     
         164   17.464249196572979     
         165   17.464249196572979     
         166   17.464249196572979     
         167   17.464249196572979     
         168   17.464249196572979     
         169   17.464249196572979     
         170   17.464249196572979     
         171   17.464249196572979     
         172   17.464249196572979     
         173   17.464249196572979     
         174   17.464249196572979     
         175   17.464249196572979     
         176   17.464249196572979     
         177   17.464249196572979     
         178   17.464249196572979     
         179   17.464249196572979     
         180   17.464249196572979     
         181   17.464249196572979     
         182   17.464249196572979     
         183   17.464249196572979     
         184   17.464249196572979     
         185   17.464249196572979     
         186   17.464249196572979     
         187   17.464249196572979     
         188   17.464249196572979     
         189   17.464249196572979     
         190   17.464249196572979     
         191   17.464249196572979     
         192   17.464249196572979     
         193   17.464249196572979     
         194   17.464249196572979     
         195   17.464249196572979     
         196   17.464249196572979     
         197   17.464249196572979     
         198   17.464249196572979     
         199   17.464249196572979     
         200   17.464249196572979     
         201   17.464249196572979     
         202   17.464249196572979     
         203   17.464249196572979     
         204   17.464249196572979     
         205   17.464249196572979     
         206   17.464249196572979     
         207   17.464249196572979     
         208   17.464249196572979     
         209   17.464249196572979     
         210   17.464249196572979     
         211   18.027756377319946     
         212   18.601075237738275     
         213   19.209372712298546     
         214   19.849433241279208     
         215   19.849433241279208     
         216   19.849433241279208     
         217   19.849433241279208     
         218   19.849433241279208     
         219   19.849433241279208     
         220   19.849433241279208     
         221   19.849433241279208     
         222   19.849433241279208     
         223   19.849433241279208     
         224   19.849433241279208     
         225   19.849433241279208     
         226   19.849433241279208     
         227   19.849433241279208     
         228   19.849433241279208     
         229   19.849433241279208     
         230   19.849433241279208     
         231   19.849433241279208     
         232   19.849433241279208     
         233   19.849433241279208     
         234   20.615528128088304     
         235   20.615528128088304     
         236   20.615528128088304     
         237   20.615528128088304     
         238   20.615528128088304     
         239   20.615528128088304     
         240   20.615528128088304     
         241   20.615528128088304     
         242   20.615528128088304     
         243   20.615528128088304     
         244   21.260291625469300     
         245   21.260291625469300     
         246   21.260291625469300     
         247   21.260291625469300     
         248   21.931712199461309     
         249   22.022715545545239     
         250   22.022715545545239     
         251   22.803508501982758     
         252   22.803508501982758     
         253   23.430749027719962     
         254   23.430749027719962     
         255   23.430749027719962     
         256   23.430749027719962     
         257   23.430749027719962     
         258   23.430749027719962     
         259   23.430749027719962     
         260   23.430749027719962     
         261   23.430749027719962     
         262   23.430749027719962     
         263   24.207436873820409     
         264   24.207436873820409     
         265   24.207436873820409     
         266   24.207436873820409     
         267   24.207436873820409     
         268   24.207436873820409     
         269   24.207436873820409     
         270   24.207436873820409     
         271   24.758836806279895     
         272   24.758836806279895     
         273   24.758836806279895     
         274   24.758836806279895     
         275   24.758836806279895     
         276   24.758836806279895     
         277   24.758836806279895     
         278   24.758836806279895     
         279   25.455844122715710     
         280   25.495097567963924     
         281   25.495097567963924     
         282   25.495097567963924     
         283   25.495097567963924     
         284   25.495097567963924     
         285   25.495097567963924     
         286   25.612496949731394     
         287   26.400757564888170     
         288   26.400757564888170     
         289   26.400757564888170     
         290   26.400757564888170     
         291   26.400757564888170     
         292   26.870057685088806     
         293   27.018512172212592     
         294   27.018512172212592     
         295   27.018512172212592     
         296   27.018512172212592     
         297   27.018512172212592     
         298   27.018512172212592     
         299   27.018512172212592     
         300   27.018512172212592     
         301   27.018512172212592     
         302   27.018512172212592     
         303   27.018512172212592     
         304   27.018512172212592     
         305   27.018512172212592     
         306   27.018512172212592     
         307   27.018512172212592     
         308   27.018512172212592     
         309   27.018512172212592     
         310   27.018512172212592     
         311   27.018512172212592     
         312   27.018512172212592     
         313   27.018512172212592     
         314   27.018512172212592     
         315   27.018512172212592     
         316   27.018512172212592     
         317   27.018512172212592     
         318   27.018512172212592     
         319   27.018512172212592     
         320   27.018512172212592     
         321   27.018512172212592     
         322   27.018512172212592     
         323   27.202941017470888     
         324   27.202941017470888     
         325   27.202941017470888     
         326   27.202941017470888     
         327   27.202941017470888     
         328   27.202941017470888     
