           2   1.0000000000000000     
           3   2.0000000000000000     
           4   3.0000000000000000     
           5   3.0000000000000000     
           6   3.0000000000000000     
           7   3.0000000000000000     
           8   3.0000000000000000     
           9   3.0000000000000000     
          10   3.0000000000000000     
          11   3.0000000000000000     
          12   3.0000000000000000     
          13   3.0000000000000000     
          14   3.0000000000000000     
          15   3.0000000000000000     
          16   4.0000000000000000     
          17   4.0000000000000000     
          18   4.0000000000000000     
          19   4.0000000000000000     
          20   4.0000000000000000     
          21   5.0000000000000000     
          22   5.0000000000000000     
          23   5.0000000000000000     
          24   5.0000000000000000     
          25   5.0000000000000000     
          26   5.3851648071345037     
          27   6.3245553203367590     
          28   6.3245553203367590     
          29   6.3245553203367590     
          30   6.3245553203367590     
          31   6.3245553203367590     
          32   6.3245553203367590     
          33   6.4031242374328485     
          34   7.2111025509279782     
          35   7.2801098892805181     
          36   7.2801098892805181     
          37   7.2801098892805181     
          38   8.2462112512353212     
          39   8.5440037453175304     
          40   9.2195444572928871     
          41   9.2195444572928871     
          42   9.2195444572928871     
          43   9.2195444572928871     
          44   10.198039027185569     
          45   10.198039027185569     
          46   10.295630140987001     
          47   10.295630140987001     
          48   10.295630140987001     
          49   10.295630140987001     
          50   10.816653826391969     
          51   11.180339887498949     
          52   12.165525060596439     
          53   12.165525060596439     
          54   12.165525060596439     
          55   12.165525060596439     
          56   12.165525060596439     
          57   12.165525060596439     
          58   12.165525060596439     
          59   12.165525060596439     
          60   12.165525060596439     
          61   12.165525060596439     
          62   12.165525060596439     
          63   12.165525060596439     
          64   12.165525060596439     
          65   12.165525060596439     
          66   12.165525060596439     
          67   12.165525060596439     
          68   12.165525060596439     
          69   13.038404810405298     
          70   13.152946437965905     
          71   13.152946437965905     
          72   13.152946437965905     
          73   13.152946437965905     
          74   13.152946437965905     
          75   13.152946437965905     
          76   14.035668847618199     
          77   14.035668847618199     
          78   14.035668847618199     
          79   14.035668847618199     
          80   14.035668847618199     
          81   14.035668847618199     
          82   14.035668847618199     
          83   14.035668847618199     
          84   14.035668847618199     
          85   14.035668847618199     
          86   14.035668847618199     
          87   15.033296378372908     
          88   16.031219541881399     
          89   16.031219541881399     
          90   16.031219541881399     
          91   16.031219541881399     
          92   16.031219541881399     
          93   16.031219541881399     
          94   16.031219541881399     
          95   17.029386365926403     
          96   17.029386365926403     
          97   17.029386365926403     
          98   17.029386365926403     
          99   17.029386365926403     
         100   17.029386365926403     
         101   17.029386365926403     
         102   17.029386365926403     
         103   17.029386365926403     
         104   17.029386365926403     
         105   17.029386365926403     
         106   17.029386365926403     
         107   17.029386365926403     
         108   17.029386365926403     
         109   17.029386365926403     
         110   17.029386365926403     
         111   17.029386365926403     
         112   18.027756377319946     
         113   18.027756377319946     
         114   18.110770276274835     
         115   18.110770276274835     
         116   18.110770276274835     
         117   18.110770276274835     
         118   18.110770276274835     
         119   18.110770276274835     
         120   18.110770276274835     
         121   18.110770276274835     
         122   18.110770276274835     
         123   18.248287590894659     
         124   18.248287590894659     
         125   18.248287590894659     
         126   19.235384061671343     
         127   19.235384061671343     
         128   19.235384061671343     
         129   19.235384061671343     
         130   19.235384061671343     
         131   19.235384061671343     
         132   19.235384061671343     
         133   19.235384061671343     
         134   19.235384061671343     
         135   19.235384061671343     
         136   19.235384061671343     
         137   19.416487838947599     
         138   19.416487838947599     
         139   19.416487838947599     
         140   19.416487838947599     
         141   19.416487838947599     
         142   19.416487838947599     
         143   19.416487838947599     
         144   19.416487838947599     
         145   19.416487838947599     
         146   19.416487838947599     
         147   19.416487838947599     
         148   19.416487838947599     
         149   19.416487838947599     
         150   19.416487838947599     
         151   19.416487838947599     
         152   19.416487838947599     
         153   19.416487838947599     
         154   20.000000000000000     
         155   20.000000000000000     
         156   20.000000000000000     
         157   20.000000000000000     
         158   20.000000000000000     
         159   20.000000000000000     
         160   20.518284528683193     
         161   20.518284528683193     
         162   20.518284528683193     
         163   20.518284528683193     
         164   20.518284528683193     
         165   20.518284528683193     
         166   20.518284528683193     
         167   20.518284528683193     
         168   20.518284528683193     
         169   20.518284528683193     
         170   20.518284528683193     
         171   21.023796041628639     
         172   21.023796041628639     
         173   21.023796041628639     
         174   21.023796041628639     
         175   21.023796041628639     
         176   21.023796041628639     
         177   21.023796041628639     
         178   21.023796041628639     
         179   21.023796041628639     
         180   21.023796041628639     
         181   21.023796041628639     
         182   21.023796041628639     
         183   21.023796041628639     
         184   21.023796041628639     
         185   21.023796041628639     
         186   21.023796041628639     
         187   21.023796041628639     
         188   21.023796041628639     
         189   21.023796041628639     
         190   21.023796041628639     
         191   21.023796041628639     
         192   21.023796041628639     
         193   21.023796041628639     
         194   21.023796041628639     
         195   21.023796041628639     
         196   21.400934559032695     
         197   22.022715545545239     
         198   22.022715545545239     
         199   22.022715545545239     
         200   22.022715545545239     
         201   22.022715545545239     
         202   22.203603311174518     
         203   22.671568097509269     
         204   22.803508501982758     
         205   22.803508501982758     
         206   22.803508501982758     
         207   22.803508501982758     
         208   22.803508501982758     
         209   22.803508501982758     
         210   22.803508501982758     
         211   22.803508501982758     
         212   22.803508501982758     
         213   22.803508501982758     
         214   22.803508501982758     
         215   22.803508501982758     
         216   22.803508501982758     
         217   22.803508501982758     
         218   22.803508501982758     
         219   22.803508501982758     
         220   22.803508501982758     
         221   22.803508501982758     
         222   22.803508501982758     
         223   22.803508501982758     
         224   22.803508501982758     
         225   22.803508501982758     
         226   22.803508501982758     
         227   22.803508501982758     
         228   22.803508501982758     
         229   22.803508501982758     
         230   22.803508501982758     
         231   22.803508501982758     
         232   22.803508501982758     
         233   22.803508501982758     
         234   22.803508501982758     
         235   22.803508501982758     
         236   22.803508501982758     
         237   22.803508501982758     
         238   22.803508501982758     
         239   22.803508501982758     
         240   22.803508501982758     
         241   22.803508501982758     
         242   22.803508501982758     
         243   22.803508501982758     
         244   22.803508501982758     
         245   22.803508501982758     
         246   22.803508501982758     
         247   22.803508501982758     
         248   22.803508501982758     
         249   22.803508501982758     
         250   22.803508501982758     
         251   22.803508501982758     
         252   22.803508501982758     
         253   22.803508501982758     
         254   22.803508501982758     
         255   22.803508501982758     
         256   22.803508501982758     
         257   22.803508501982758     
         258   22.803508501982758     
         259   22.803508501982758     
         260   22.803508501982758     
         261   22.803508501982758     
         262   22.803508501982758     
         263   22.803508501982758     
         264   22.803508501982758     
         265   22.803508501982758     
         266   22.803508501982758     
         267   23.086792761230392     
         268   23.086792761230392     
         269   23.086792761230392     
         270   24.041630560342615     
         271   24.041630560342615     
         272   24.041630560342615     
         273   24.041630560342615     
         274   24.041630560342615     
         275   24.041630560342615     
         276   24.041630560342615     
         277   24.041630560342615     
         278   24.041630560342615     
         279   24.041630560342615     
         280   24.041630560342615     
         281   24.041630560342615     
         282   24.041630560342615     
         283   24.041630560342615     
         284   24.041630560342615     
         285   24.041630560342615     
         286   24.041630560342615     
         287   24.041630560342615     
         288   24.041630560342615     
