           2   1.0000000000000000     
           3   2.0000000000000000     
           4   2.2360679774997898     
           5   2.2360679774997898     
           6   2.2360679774997898     
           7   2.2360679774997898     
           8   3.0000000000000000     
           9   3.1622776601683795     
          10   3.6055512754639891     
          11   3.6055512754639891     
          12   3.6055512754639891     
          13   3.6055512754639891     
          14   3.6055512754639891     
          15   3.6055512754639891     
          16   3.6055512754639891     
          17   3.6055512754639891     
          18   4.0000000000000000     
          19   4.4721359549995796     
          20   5.0000000000000000     
          21   5.0000000000000000     
          22   5.0990195135927845     
          23   6.0000000000000000     
          24   6.0000000000000000     
          25   6.0000000000000000     
          26   6.0000000000000000     
          27   6.0000000000000000     
          28   6.0000000000000000     
          29   6.0000000000000000     
          30   6.0000000000000000     
          31   6.3245553203367590     
          32   6.3245553203367590     
          33   6.3245553203367590     
          34   6.3245553203367590     
          35   6.3245553203367590     
          36   6.7082039324993694     
          37   7.0710678118654755     
          38   7.0710678118654755     
          39   7.0710678118654755     
          40   7.0710678118654755     
          41   7.0710678118654755     
          42   8.0000000000000000     
          43   8.0000000000000000     
          44   8.0000000000000000     
          45   8.0000000000000000     
          46   8.0000000000000000     
          47   8.0000000000000000     
          48   8.0000000000000000     
          49   8.0000000000000000     
          50   8.0000000000000000     
          51   8.2462112512353212     
          52   8.2462112512353212     
          53   9.2195444572928871     
          54   9.2195444572928871     
          55   9.2195444572928871     
          56   9.2195444572928871     
          57   9.2195444572928871     
          58   9.2195444572928871     
          59   9.2195444572928871     
          60   9.2195444572928871     
          61   9.2195444572928871     
          62   9.2195444572928871     
          63   9.4339811320566032     
          64   10.295630140987001     
          65   10.295630140987001     
          66   10.295630140987001     
          67   10.295630140987001     
          68   11.180339887498949     
          69   11.180339887498949     
          70   11.180339887498949     
          71   11.180339887498949     
          72   11.180339887498949     
          73   11.180339887498949     
          74   11.180339887498949     
          75   11.180339887498949     
          76   11.180339887498949     
          77   11.180339887498949     
          78   11.180339887498949     
          79   11.180339887498949     
          80   11.180339887498949     
          81   11.180339887498949     
          82   12.083045973594572     
          83   12.083045973594572     
          84   12.083045973594572     
          85   12.083045973594572     
          86   12.083045973594572     
          87   12.083045973594572     
          88   12.083045973594572     
          89   12.083045973594572     
          90   12.083045973594572     
          91   12.083045973594572     
          92   13.000000000000000     
          93   13.038404810405298     
          94   14.000000000000000     
          95   14.000000000000000     
          96   14.000000000000000     
          97   15.000000000000000     
          98   15.000000000000000     
          99   15.000000000000000     
         100   15.000000000000000     
         101   15.000000000000000     
         102   15.000000000000000     
         103   15.000000000000000     
         104   15.000000000000000     
         105   15.000000000000000     
         106   15.000000000000000     
         107   15.000000000000000     
         108   15.000000000000000     
         109   15.000000000000000     
         110   15.000000000000000     
         111   15.000000000000000     
         112   15.000000000000000     
         113   15.000000000000000     
         114   15.000000000000000     
         115   15.000000000000000     
         116   15.000000000000000     
         117   15.000000000000000     
         118   15.000000000000000     
         119   15.000000000000000     
         120   15.000000000000000     
         121   15.000000000000000     
         122   15.000000000000000     
         123   15.000000000000000     
         124   15.000000000000000     
         125   15.000000000000000     
         126   15.000000000000000     
         127   15.000000000000000     
         128   15.000000000000000     
         129   15.000000000000000     
         130   15.000000000000000     
         131   15.000000000000000     
         132   15.000000000000000     
         133   15.000000000000000     
         134   15.000000000000000     
         135   15.000000000000000     
         136   15.000000000000000     
         137   15.000000000000000     
         138   15.132745950421556     
         139   15.132745950421556     
         140   15.132745950421556     
         141   15.132745950421556     
         142   15.132745950421556     
         143   15.132745950421556     
         144   15.132745950421556     
         145   15.132745950421556     
         146   15.132745950421556     
         147   15.132745950421556     
         148   15.132745950421556     
         149   15.132745950421556     
         150   16.000000000000000     
         151   16.000000000000000     
         152   17.000000000000000     
         153   17.000000000000000     
         154   17.000000000000000     
         155   17.000000000000000     
         156   17.000000000000000     
         157   18.000000000000000     
         158   18.000000000000000     
         159   18.027756377319946     
         160   18.027756377319946     
         161   18.027756377319946     
         162   19.000000000000000     
         163   19.000000000000000     
         164   19.000000000000000     
         165   19.000000000000000     
         166   19.000000000000000     
         167   19.000000000000000     
         168   20.000000000000000     
         169   20.000000000000000     
         170   20.000000000000000     
         171   20.000000000000000     
         172   20.000000000000000     
         173   20.000000000000000     
         174   21.000000000000000     
         175   21.000000000000000     
         176   21.000000000000000     
         177   21.000000000000000     
         178   21.000000000000000     
         179   21.000000000000000     
         180   21.000000000000000     
         181   21.000000000000000     
         182   21.000000000000000     
         183   21.000000000000000     
         184   21.000000000000000     
         185   21.000000000000000     
         186   21.000000000000000     
         187   21.000000000000000     
         188   21.000000000000000     
         189   21.000000000000000     
         190   21.000000000000000     
         191   22.000000000000000     
         192   22.000000000000000     
         193   22.000000000000000     
         194   22.000000000000000     
         195   22.000000000000000     
         196   22.000000000000000     
         197   22.000000000000000     
         198   22.000000000000000     
         199   22.000000000000000     
         200   22.000000000000000     
         201   22.000000000000000     
         202   22.000000000000000     
         203   22.000000000000000     
         204   22.000000000000000     
         205   22.000000000000000     
         206   22.000000000000000     
         207   22.000000000000000     
         208   22.000000000000000     
         209   22.000000000000000     
         210   23.000000000000000     
         211   23.021728866442675     
         212   23.086792761230392     
         213   23.086792761230392     
         214   24.000000000000000     
         215   24.020824298928627     
         216   24.083189157584592     
         217   24.083189157584592     
         218   25.000000000000000     
         219   25.000000000000000     
         220   26.000000000000000     
         221   26.019223662515376     
         222   26.019223662515376     
         223   26.019223662515376     
         224   26.019223662515376     
         225   26.019223662515376     
         226   26.019223662515376     
         227   26.019223662515376     
         228   26.019223662515376     
         229   27.018512172212592     
         230   27.073972741361768     
         231   27.073972741361768     
         232   27.073972741361768     
         233   27.073972741361768     
         234   27.166155414412248     
         235   27.166155414412248     
         236   27.166155414412248     
         237   28.071337695236398     
         238   28.071337695236398     
         239   28.071337695236398     
         240   28.071337695236398     
         241   28.071337695236398     
         242   28.071337695236398     
         243   28.071337695236398     
         244   28.071337695236398     
         245   29.068883707497267     
         246   29.068883707497267     
         247   29.068883707497267     
         248   29.068883707497267     
         249   29.068883707497267     
         250   29.068883707497267     
         251   29.068883707497267     
         252   29.154759474226502     
         253   29.154759474226502     
         254   29.154759474226502     
         255   29.154759474226502     
