   4.0000000000000001E-002   2.9816250912276221     
   8.0000000000000002E-002   3.4193679752830461     
  0.12000000000000000        3.3693581359490294     
  0.16000000000000000        2.9731834200080844     
  0.20000000000000001        2.4112343447574034     
  0.23999999999999999        1.8507684640403301     
  0.28000000000000003        1.4024216555062408     
  0.32000000000000001        1.0957534135906426     
  0.35999999999999999       0.87971479110023465     
  0.40000000000000002       0.64704238502548639     
  0.44000000000000000       0.27563354582923200     
  0.47999999999999998      -0.32471710258621889     
  0.52000000000000002       -1.1731064157073170     
  0.56000000000000005       -2.1970964724865487     
  0.59999999999999998       -3.2374701243893829     
  0.64000000000000001       -4.0783117688742951     
  0.68000000000000005       -4.4958753846509421     
  0.71999999999999997       -4.3147757662461199     
  0.76000000000000001       -3.4576377177976010     
  0.80000000000000004       -1.9755212771546022     
  0.83999999999999997       -5.0582244938029576E-002
  0.88000000000000000        2.0310846516714967     
  0.92000000000000004        3.9315000683681882     
  0.95999999999999996        5.3267579726820813     
   1.0000000000000000        5.9724519953759145     
   1.0400000000000000        5.7539347619142278     
   1.0800000000000001        4.7101063402910928     
   1.1200000000000001        3.0253267959777821     
   1.1599999999999999       0.99130323789427310     
   1.2000000000000000       -1.0524525972211392     
   1.2400000000000000       -2.7862143830898658     
   1.2800000000000000       -3.9707110737013620     
   1.3200000000000001       -4.4877690491977651     
   1.3600000000000001       -4.3527454758000115     
   1.4000000000000001       -3.6972877700353797     
   1.4399999999999999       -2.7279044529055030     
   1.4800000000000000       -1.6713053985027984     
   1.5200000000000000      -0.72021277076933077     
   1.5600000000000001        7.2898368373309355E-003
   1.6000000000000001       0.48559350704407772     
   1.6400000000000001       0.77329476473541714     
   1.6799999999999999       0.98221929221760718     
   1.7200000000000000        1.2328591693217441     
   1.7600000000000000        1.6087124088952616     
   1.8000000000000000        2.1221740693334832     
   1.8400000000000001        2.7015896234557304     
   1.8800000000000001        3.2035586118470429     
   1.9199999999999999        3.4479988940141975     
   1.9600000000000000        3.2674297125531018     
   2.0000000000000000        2.5579893043998965     
   2.0400000000000000        1.3188029745278615     
   2.0800000000000001      -0.33119898910797280     
   2.1200000000000001       -2.1646986401153834     
   2.1600000000000001       -3.8845347403182071     
   2.2000000000000002       -5.1816287201422968     
   2.2400000000000002       -5.7995858486001373     
   2.2800000000000002       -5.5913083356309814     
   2.3199999999999998       -4.5544084370820084     
   2.3599999999999999       -2.8368701010252151     
   2.3999999999999999      -0.71108361223346672     
   2.4399999999999999        1.4783864970259604     
   2.4800000000000000        3.3819723614136565     
   2.5200000000000000        4.7124773963963165     
   2.5600000000000001        5.2979970880317282     
   2.6000000000000001        5.1091396179042157     
   2.6400000000000001        4.2553478856605667     
   2.6800000000000002        2.9522371316809957     
   2.7200000000000002        1.4684744342770579     
   2.7600000000000002        6.5149931774329359E-002
   2.8000000000000003       -1.0580723354295714     
   2.8399999999999999       -1.7978862174444816     
   2.8799999999999999       -2.1561640521666185     
   2.9199999999999999       -2.2221003246773297     
   2.9600000000000000       -2.1336654755113007     
   3.0000000000000000       -2.0293593393232698     
   3.0400000000000000       -2.0033723833208619     
   3.0800000000000001       -2.0761263790433535     
   3.1200000000000001       -2.1879613902190265     
   3.1600000000000001       -2.2176453005585803     
   3.2000000000000002       -2.0208139946860531     
   3.2400000000000002       -1.4781633297439620     
   3.2800000000000002      -0.54042384077834127     
   3.3200000000000003       0.74231874866134362     
   3.3599999999999999        2.2157501559877888     
   3.3999999999999999        3.6437053612186427     
   3.4399999999999999        4.7538257356665969     
   3.4800000000000000        5.2965241582622413     
   3.5200000000000000        5.1036459856950822     
   3.5600000000000001        4.1327650589816152     
   3.6000000000000001        2.4860421030024074     
   3.6400000000000001       0.39823866671863828     
   3.6800000000000002       -1.8044248283328685     
   3.7200000000000002       -3.7661115907432223     
   3.7600000000000002       -5.1705603833069107     
   3.8000000000000003       -5.8024922623113433     
   3.8399999999999999       -5.5877977626547342     
   3.8799999999999999       -4.6039165959027741     
   3.9199999999999999       -3.0586153541721086     
   3.9600000000000000       -1.2425507552774639     
   4.0000000000000000       0.53316233342868569     
   4.0400000000000000        2.0000033546662048     
   4.0800000000000001        2.9816176862191277     
   4.1200000000000001        3.4193728432917321     
   4.1600000000000001        3.3693546175565801     
   4.2000000000000002        2.9731840502389755     
   4.2400000000000002        2.4112310727537922     
   4.2800000000000002        1.8507683529319701     
   4.3200000000000003        1.4024194616834604     
   4.3600000000000003        1.0957537086200262     
   4.4000000000000004       0.87971334538108092     
   4.4400000000000004       0.64704237084930005     
   4.4800000000000004       0.27563150374850554     
   4.5200000000000005      -0.32471850825016679     
   4.5600000000000005       -1.1731096912669801     
   4.6000000000000005       -2.1970989229957878     
   4.6399999999999997       -3.2374733783243026     
   4.6799999999999997       -4.0783131692624606     
   4.7199999999999998       -4.4958762154539818     
   4.7599999999999998       -4.3147739078871981     
   4.7999999999999998       -3.4576347563792900     
   4.8399999999999999       -1.9755160171155211     
   4.8799999999999999       -5.0576799950659265E-002
   4.9199999999999999        2.0310907270930723     
   4.9600000000000000        3.9315045385964238     
   5.0000000000000000        5.3267612117691234     
   5.0400000000000000        5.9724523465927231     
   5.0800000000000001        5.7539331863468082     
   5.1200000000000001        4.7101021503016547     
   5.1600000000000001        3.0253216420641018     
   5.2000000000000002       0.99129713286578447     
   5.2400000000000002       -1.0524578394922710     
   5.2800000000000002       -2.7862187613490814     
   5.3200000000000003       -3.9707133084313257     
   5.3600000000000003       -4.4877697187083019     
   5.4000000000000004       -4.3527441208512077     
   5.4400000000000004       -3.6972855304168615     
   5.4800000000000004       -2.7279013614959080     
   5.5200000000000005       -1.6713026339187818     
   5.5600000000000005      -0.72021025395351612     
   5.6000000000000005        7.2914062911496203E-003
   5.6399999999999997       0.48559464692919496     
   5.6799999999999997       0.77329530468775909     
   5.7199999999999998       0.98221997742534295     
   5.7599999999999998        1.2328599415491148     
   5.7999999999999998        1.6087137481934746     
   5.8399999999999999        2.1221755896742009     
   5.8799999999999999        2.7015912837695426     
   5.9199999999999999        3.2035596938171618     
   5.9600000000000000        3.4479990978114010     
   6.0000000000000000        3.2674284504619120     
   6.0400000000000000        2.5579865701062969     
   6.0800000000000001        1.3187988066545300     
   6.1200000000000001      -0.33120399507560760     
   6.1600000000000001       -2.1647037912777667     
   6.2000000000000002       -3.8845391160179514     
   6.2400000000000002       -5.1816315054256066     
   6.2800000000000002       -5.7995864737237586     
   6.3200000000000003       -5.5913065308689900     
   6.3600000000000003       -4.5544044913921784     
   6.4000000000000004       -2.8368645146020510     
   6.4400000000000004      -0.71107742171058863     
   6.4800000000000004        1.4783924547964760     
   6.5200000000000005        3.3819769588191799     
   6.5600000000000005        4.7124802044123122     
   6.6000000000000005        5.2979975492437985     
   6.6400000000000006        5.1091381566590295     
   6.6799999999999997        4.2553446422062873     
   6.7199999999999998        2.9522331881876931     
   6.7599999999999998        1.4684701526287867     
   6.7999999999999998        6.5146430261593280E-002
   6.8399999999999999       -1.0580751092537748     
   6.8799999999999999       -1.7978875932094136     
   6.9199999999999999       -2.1561647452714321     
   6.9600000000000000       -2.2221000573672551     
   7.0000000000000000       -2.1336653252171720     
   7.0400000000000000       -2.0293589357160435     
   7.0800000000000001       -2.0033726646430021     
   7.1200000000000001       -2.0761264630356409     
   7.1600000000000001       -2.1879618920105024     
   7.2000000000000002       -2.2176448787094531     
   7.2400000000000002       -2.0208132702794073     
   7.2800000000000002       -1.4781609595586704     
   7.3200000000000003      -0.54042098447330789     
   7.3600000000000003       0.74232305300972046     
   7.4000000000000004        2.2157539953167165     
   7.4400000000000004        3.6437094469162492     
   7.4800000000000004        4.7538277383098499     
   7.5200000000000005        5.2965251614150475     
   7.5600000000000005        5.1036438364426324     
   7.6000000000000005        4.1327618464477744     
   7.6400000000000006        2.4860361159359616     
   7.6799999999999997       0.39823313876796740     
   7.7199999999999998       -1.8044315901125203     
   7.7599999999999998       -3.7661156087662806     
   7.7999999999999998       -5.1705642780495529     
   7.8399999999999999       -5.8024917273499579     
   7.8799999999999999       -5.5877973410385540     
   7.9199999999999999       -4.6039112815487897     
   7.9600000000000000       -3.0586125942886415     
   8.0000000000000000       -1.2425426272053079     
