  0.50009753192777584     
  0.50067501356062660     
  0.50195220076328861     
  0.50390879482901041     
  0.50654806164496924     
  0.50988795438826873     
  0.51396889051946548     
  0.51883915912589951     
  0.52457478704357929     
  0.53125632699014491     
  0.53896348731949029     
  0.54781459081127348     
  0.55794311389986895     
  0.56949626225689587     
  0.58260732116240510     
  0.59733276544377611     
  0.61358159192408690     
  0.63097018179967068     
  0.64858157260447324     
  0.66473458367269767     
  0.67706370545646544     
  0.68319758328693747     
  0.68125189231126948     
  0.66843518616849529     
  0.64587494955256997     
  0.63972128844666754     
  0.68158730072857587     
  0.74730443579990657     
  0.79504061950209270     
  0.81523740333956118     
  0.81585199831990474     
  0.80623291045697099     
  0.78737689717266801     
  0.74938270407902752     
  0.69449298680912996     
  0.66107321598528057     
  0.69776794551593735     
  0.77928200669180170     
  0.83630985845424066     
  0.84995716759167406     
  0.83194938807084517     
  0.80268245826329321     
  0.79162441897939506     
  0.80641628330867365     
  0.82147554063232509     
  0.81813046803739642     
  0.79947364497860285     
  0.77950980798314728     
  0.76731974931186309     
  0.75585035800115896     
  0.73810096055042307     
  0.72227837408201734     
  0.70777986096301027     
  0.68740686633946180     
  0.68381883673165167     
  0.70390742765984948     
  0.72402934799716101     
  0.73653389807564373     
  0.74065735466971017     
  0.73593302298532115     
  0.72536372705585106     
  0.71290923034259235     
  0.70129020077781035     
  0.69188633108040709     
  0.68525909325062029     
  0.68154845853955925     
  0.68070395743074263     
  0.68259461484506445     
  0.68702588810251353     
  0.69370323199952266     
  0.70218531919329696     
  0.71182138928109373     
  0.72178423769954547     
  0.73138028615270934     
  0.74068970460629502     
  0.75103950188255597     
  0.76380740004898506     
  0.77716720447717957     
  0.78440408520755855     
  0.77893408970886335     
  0.76720292848785943     
  0.76812745693803541     
  0.77693907385843064     
  0.76357796665894173     
  0.72474544693239518     
  0.69817878125863009     
  0.71668079247302763     
  0.76936487354650973     
  0.82174747657446479     
  0.85355645481676201     
  0.86613077819061490     
  0.86827430729944521     
  0.86675706246549566     
  0.86446913708769579     
  0.86080877620869867     
  0.85207692438307492     
  0.83339604622213204     
  0.80503894354967043     
  0.77910369581614103     
  0.77030153027908366     
  0.77495299377770321     
  0.77476700736330217     
  0.77181054072872346     
  0.78360135685050269     
  0.80128197615184538     
  0.81163785848237935     
  0.82039813680859053     
  0.83201360086482323     
  0.83965385392251335     
  0.83398028402086832     
  0.81086509284836805     
  0.77795110296719971     
  0.75332882157252179     
  0.74336659992506537     
  0.74370262056628988     
  0.75559188982524739     
  0.76750308025561798     
  0.76157352557443569     
  0.74502247670406319     
  0.74302041675944497     
  0.75644263409317103     
  0.76181150715126655     
  0.74325573573590231     
  0.70118563906492049     
  0.66179233080504685     
  0.65816200793723778     
  0.67643204098418552     
  0.68706573268367388     
  0.68769993316139810     
  0.68660822969194957     
  0.68767272052515949     
  0.69058889326549788     
  0.69440717343310532     
  0.69874364995752614     
  0.70311704209064907     
  0.70566122754669147     
  0.70155921000104093     
  0.68227561407473103     
  0.64199452585212791     
  0.59983928092590466     
  0.60079700414713177     
  0.64871382381199749     
  0.69866482457078249     
  0.72398612254489803     
  0.72367673906684349     
  0.70395871918706654     
  0.67971019903172414     
  0.67387621303437217     
  0.69033407660078727     
  0.71028725861797282     
  0.72196307870262177     
  0.72626532090340945     
  0.72683339540800684     
  0.72557282643353305     
  0.72278839322470612     
  0.71893671223880995     
  0.71678409361194795     
  0.72127513355550854     
  0.73438738839197426     
  0.75014391621149246     
  0.75682447560518340     
  0.74420118689695358     
  0.71651117718276958     
  0.69861905259425350     
  0.70379823486189996     
  0.72298614219713420     
  0.74785497008934454     
  0.76780202099608930     
  0.77888947455419399     
  0.78659666744172962     
  0.79342299464998967     
  0.79652081144649589     
  0.79354801407771269     
  0.78598862692702887     
  0.77904215320698644     
  0.77882073139250885     
  0.78795730176430145     
  0.80422215195098956     
  0.82310484022072994     
  0.83932057610722988     
  0.84376628209161042     
  0.81642718585825791     
  0.73177677395697616     
  0.63299038188286516     
  0.63480271291723422     
  0.71109084310863446     
  0.77215506536804912     
  0.79201990588951732     
  0.78102497057216436     
  0.75850697760761299     
  0.74266337121328940     
  0.73883571359641842     
  0.73911865378348296     
  0.73629254678506562     
  0.72947980133584656     
  0.72054568701034349     
  0.71116891048235553     
  0.70226682000340712     
  0.69424878536703294     
  0.68728358998014882     
