   4.0000000000000001E-002   2.8285868532094489     
   8.0000000000000002E-002   2.0048189756661570     
  0.12000000000000000       0.77941184627022886     
  0.16000000000000000      -0.49850134195470830     
  0.20000000000000001       -1.4682000292424000     
  0.23999999999999999       -1.8470591887094538     
  0.28000000000000003       -1.5008939750562529     
  0.32000000000000001      -0.47755952878303742     
  0.35999999999999999        1.0045102464746969     
  0.40000000000000002        2.6099933518318483     
  0.44000000000000000        3.9693209183687372     
  0.47999999999999998        4.7698277805493934     
  0.52000000000000002        4.8328657185553849     
  0.56000000000000005        4.1578049400826371     
  0.59999999999999998        2.9220403576960976     
  0.64000000000000001        1.4370026028113609     
  0.68000000000000005        7.1057101997975547E-002
  0.71999999999999997      -0.84163447396483204     
  0.76000000000000001       -1.0837438286408452     
  0.80000000000000004      -0.60845563616950438     
  0.83999999999999997       0.44908165595574490     
  0.88000000000000000        1.8053652875899733     
  0.92000000000000004        3.0988916241913267     
  0.95999999999999996        3.9798468864128917     
   1.0000000000000000        4.1969442882077299     
   1.0400000000000000        3.6599222581636006     
   1.0800000000000001        2.4622391887816426     
   1.1200000000000001       0.85834668625608479     
   1.1599999999999999      -0.79884031737389516     
   1.2000000000000000       -2.1448117069607138     
   1.2400000000000000       -2.8931829421164310     
   1.2800000000000000       -2.9060772501968670     
   1.3200000000000001       -2.2277622905434677     
   1.3600000000000001       -1.0732247463424796     
   1.4000000000000001       0.22548592456476779     
   1.4399999999999999        1.3018660297960458     
   1.4800000000000000        1.8460775876915430     
   1.5200000000000000        1.6820333049412641     
   1.5600000000000001       0.81137244359735572     
   1.6000000000000001      -0.58655560385604755     
   1.6400000000000001       -2.1986998558917792     
   1.6799999999999999       -3.6554248720587701     
   1.7200000000000000       -4.6216619954093758     
   1.7600000000000000       -4.8795480203104908     
   1.8000000000000000       -4.3821101085208261     
   1.8400000000000001       -3.2647181353787613     
   1.8800000000000001       -1.8114729881741816     
   1.9199999999999999      -0.38484713207214449     
   1.9600000000000000       0.66401580545640071     
   2.0000000000000000        1.0821514506729895     
   2.0400000000000000       0.77728964446976700     
   2.0800000000000001      -0.15943076888856766     
   2.1200000000000001       -1.4761655455068168     
   2.1600000000000001       -2.8228689001435407     
   2.2000000000000002       -3.8381329908505837     
   2.2400000000000002       -4.2388776742107783     
   2.2800000000000002       -3.8906996623467118     
   2.3199999999999998       -2.8414744527591518     
   2.3599999999999999       -1.3098948414577858     
   2.3999999999999999       0.36822238127399642     
   2.4399999999999999        1.8225826259811713     
   2.4800000000000000        2.7395713247667688     
   2.5200000000000000        2.9393766269007480     
   2.5600000000000001        2.4200024535256004     
   2.6000000000000001        1.3572883652071468     
   2.6400000000000001        6.0936062772549704E-002
   2.6800000000000002       -1.1025742943228125     
   2.7200000000000002       -1.8011038058221600     
   2.7600000000000002       -1.8194642122704783     
   2.8000000000000003       -1.1130760591225202     
   2.8399999999999999       0.18060290137023172     
   2.8799999999999999        1.7757103016555240     
   2.9199999999999999        3.3083562126181238     
   2.9600000000000000        4.4263377277224798     
   3.0000000000000000        4.8759999535478276     
   3.0400000000000000        4.5647578477924471     
   3.0800000000000001        3.5838141245432986     
   3.1200000000000001        2.1854549826868914     
   3.1600000000000001       0.72054180941843682     
   3.2000000000000002      -0.44833646309207809     
   3.2400000000000002       -1.0365649082587238     
   3.2800000000000002      -0.90786707760128360     
   3.3200000000000003      -0.10792561809345780     
   3.3599999999999999        1.1470573348708215     
   3.3999999999999999        2.5240286006465551     
   3.4399999999999999        3.6557025484129291     
   3.4800000000000000        4.2316888514590048     
   3.5200000000000000        4.0755829508205634     
   3.5600000000000001        3.1889450385994316     
   3.6000000000000001        1.7512843617866225     
   3.6400000000000001        7.6049029953325853E-002
   3.6800000000000002       -1.4664951156796902     
   3.7200000000000002       -2.5404220472738173     
   3.7600000000000002       -2.9267927586552194     
   3.8000000000000003       -2.5773508808528898     
   3.8399999999999999       -1.6259877920970016     
   3.8799999999999999      -0.35514563186149067     
   3.9199999999999999       0.87452559861839951     
   3.9600000000000000        1.7138502539424163     
   4.0000000000000000        1.9119577782183259     
   4.0400000000000000        1.3787767005476272     
   4.0800000000000001       0.20772739583957578     
   4.1200000000000001       -1.3470043745928202     
   4.1600000000000001       -2.9329947616617993     
   4.2000000000000002       -4.1864450929109331     
   4.2400000000000002       -4.8218955046569052     
   4.2800000000000002       -4.7025978373102539     
   4.3200000000000003       -3.8741409374132179     
   4.3600000000000003       -2.5530119574268211     
   4.4000000000000004       -1.0729250399741992     
   4.4400000000000004       0.19780389439581758     
   4.4800000000000004       0.94739519388453108     
   4.5200000000000005       0.99770980433749257     
   4.5600000000000005       0.34824555621309394     
   4.6000000000000005      -0.82385795580228627     
   4.6399999999999997       -2.2078059151738771     
   4.6799999999999997       -3.4362429200421714     
   4.7199999999999998       -4.1763814500304024     
   4.7599999999999998       -4.2126177025507001     
   4.7999999999999998       -3.5001938592990154     
   4.8399999999999999       -2.1766282094896114     
   4.8799999999999999      -0.52808189651011062     
   4.9199999999999999        1.0810211601517197     
   4.9600000000000000        2.2977141959899523     
   5.0000000000000000        2.8673562052930128     
   5.0400000000000000        2.6961635873792598     
   5.0800000000000001        1.8739399681037106     
   5.1200000000000001       0.65138584813404166     
   5.1600000000000001      -0.62239389444433413     
   5.2000000000000002       -1.5867201159427655     
   5.2400000000000002       -1.9590218641685690     
   5.2800000000000002       -1.6051803891641292     
   5.3200000000000003      -0.57312814456098593     
   5.3600000000000003       0.91861335958255164     
   5.4000000000000004        2.5346252239579288     
   5.4400000000000004        3.9052334186556155     
   5.4800000000000004        4.7176603976962568     
   5.5200000000000005        4.7931393821341608     
   5.5600000000000005        4.1309168921909114     
   5.6000000000000005        2.9082601072356971     
   5.6399999999999997        1.4364690217683425     
   5.6799999999999997        8.3776744904913381E-002
   5.7199999999999998      -0.81578773811480043     
   5.7599999999999998       -1.0450277934924017     
   5.7999999999999998      -0.55725729561735649     
   5.8399999999999999       0.51225001309139051     
   5.8799999999999999        1.8798713772525235     
   5.9199999999999999        3.1839897633948402     
   5.9600000000000000        4.0746857513037131     
   6.0000000000000000        4.3005756803076300     
   6.0400000000000000        3.7713107268602366     
   6.0800000000000001        2.5802723772084128     
   6.1200000000000001       0.98184629718880501     
   6.1600000000000001      -0.67110700845738791     
   6.2000000000000002       -2.0141198423486126     
   6.2400000000000002       -2.7608376197961024     
   6.2800000000000002       -2.7734006648150742     
   6.3200000000000003       -2.0960805610832765     
   6.3600000000000003      -0.94385455257893491     
   6.4000000000000004       0.35125073525194295     
   6.4400000000000004        1.4227676727131473     
   6.4800000000000004        1.9609072011742033     
   6.5200000000000005        1.7896432397763180     
   6.5600000000000005       0.91068780656330484     
   6.6000000000000005      -0.49652628662103671     
   6.6400000000000006       -2.1188549432870962     
   6.6799999999999997       -3.5865609248907746     
   6.7199999999999998       -4.5644661200145773     
   6.7599999999999998       -4.8345912405736593     
   6.7999999999999998       -4.3498417737941173     
   6.8399999999999999       -3.2454613921219582     
   6.8799999999999999       -1.8054213701134307     
   6.9199999999999999      -0.39206234774114268     
   6.9600000000000000       0.64360479673136339     
   7.0000000000000000        1.0487479890546969     
   7.0400000000000000       0.73122748630696344     
   7.0800000000000001      -0.21769078584478252     
   7.1200000000000001       -1.5460402550469876     
   7.1600000000000001       -2.9036588945006852     
   7.2000000000000002       -3.9290299163954185     
   7.2400000000000002       -4.3389725869872899     
   7.2800000000000002       -3.9989922910075393     
   7.3200000000000003       -2.9568832315548654     
   7.3600000000000003       -1.4312676034824849     
   7.4000000000000004       0.24209712937012140     
   7.4400000000000004        1.6929639017462006     
   7.4800000000000004        2.6077533832342064     
   7.5200000000000005        2.8066762396967122     
   7.5600000000000005        2.2877458287308143     
   7.6000000000000005        1.2267978197142539     
   7.6400000000000006       -6.6483400743475529E-002
   7.6799999999999997       -1.2256483195347281     
   7.7199999999999998       -1.9186017182929802     
   7.7599999999999998       -1.9302115533031312     
   7.7999999999999998       -1.2159664339637848     
   7.8399999999999999        8.6596807408702459E-002
   7.8799999999999999        1.6915266396771413     
   7.9199999999999999        3.2348348751795655     
   7.9600000000000000        4.3642122643485122     
   8.0000000000000000        4.8258905014435163     
