   7.5433348654826329       0.49992010023883909     
   7.5434818488832889       0.49996727107688549     
   7.5435895166190896       0.50042814518552825     
   7.5436581220468666       0.50131401990316093     
   7.5436880323199009       0.50264332153903379     
   7.5438787614129055       0.50445205045299546     
   7.5445396537110270       0.50679014022460955     
   7.5455827255354375       0.50969719639315259     
   7.5467895811327459       0.51321729390396320     
   7.5481185906772481       0.51741620000611066     
   7.5495397924284866       0.52237565498176353     
   7.5509443103108573       0.52819170125816650     
   7.5523308731057348       0.53498759576849209     
   7.5537036779244611       0.54291238966021205     
   7.5549647867828442       0.55213838432627649     
   7.5560958909235438       0.56286965195009020     
   7.5570376481184640       0.57532535621458825     
   7.5576313383285028       0.58969987310772398     
   7.5575447765010608       0.60605627642190496     
   7.5558558342136521       0.62404260447175997     
   7.5503428132476795       0.64222067677248518     
   7.5371804194502747       0.65667763794971312     
   7.5152271387336000       0.65916533828055068     
   7.5087842119725901       0.63975686333361481     
   7.5643732618465886       0.60672430483344053     
   7.5830974630823125       0.59818092111609344     
   7.5486221613481739       0.62912105187020184     
   7.5306498226022711       0.67775697623835274     
   7.5131063154611661       0.72165423918632776     
   7.5126228924768430       0.74414820242105006     
   7.5152055789321608       0.74028453164849173     
   7.5098541480695777       0.71189284890744986     
   7.5622718042233030       0.66905948874506216     
   7.6346453640455332       0.66094238944667993     
   7.5117719211502409       0.71662721088278325     
   7.4856441976177193       0.77289423085495890     
   7.5183801511715576       0.79122878286026788     
   7.5443248367866023       0.78338006191436249     
   7.5450604572382449       0.76601505954287474     
   7.5287094139974897       0.74259916895962486     
   7.5768063832091617       0.71619622349221257     
   7.6045797273386411       0.71990922292639492     
   7.5320366469540225       0.76389288831269009     
   7.5235887900222789       0.80646304930602353     
   7.5452304440626250       0.82804087323771525     
   7.5583290940500270       0.83618971738372427     
   7.5610534574196144       0.83899494854908885     
   7.5582052837916951       0.83892147199419753     
   7.5551598343546758       0.83489441706637835     
   7.5585770555208196       0.82609345464361605     
   7.5711753990201522       0.81638657701210149     
   7.5799474090872003       0.81467599680926084     
   7.5704033146629151       0.82612450737565690     
   7.5547033852086063       0.84459600452732353     
   7.5501346446795488       0.85942050649336521     
   7.5580442540979309       0.86604374728706757     
   7.5703436199833920       0.86803756281930933     
   7.5763291918606601       0.87205981023352008     
   7.5723749358708403       0.88113175236148089     
   7.5629498569084728       0.89210959728413697     
   7.5507581831766242       0.89802518354242111     
   7.5430249058120022       0.89132363111572877     
   7.5646626284704794       0.87152758799626184     
   7.5956238954848967       0.85651650940748747     
   7.5590122417720735       0.86211851852164634     
   7.5284082702988986       0.86975574348900664     
   7.5513928763874549       0.86033383972955091     
   7.5851589415765073       0.84591959593025567     
   7.5945371482386062       0.84858259869761521     
   7.5717195026022974       0.87341250546187688     
   7.5538130364453959       0.90442169052133337     
   7.5580157427487080       0.92580635371306441     
   7.5662326025796709       0.93534614182955289     
   7.5679692661537352       0.93653187520487191     
   7.5631974455005651       0.93057604211017808     
   7.5572809415374405       0.91552970184679838     
   7.5596736784380560       0.89025484446347036     
   7.5751176663869817       0.86043224502395488     
   7.5943558091280003       0.84022351767547432     
   7.5987133291778832       0.84483348169993489     
   7.5628361532566970       0.87527376368546084     
   7.5209866398467771       0.90849767617575272     
   7.5096806834065593       0.91726447914763154     
   7.5288617031985634       0.89464484297175206     
   7.5588564382942849       0.85710010072592868     
   7.5657391479539235       0.82765056982376906     
   7.5650980168622439       0.81710200298350055     
   7.5211379887528871       0.81911422728711847     
   7.5195158251215979       0.80889121792571905     
   7.5862458153712335       0.78813212977323432     
   7.5965762013400884       0.79428720527435415     
   7.5448615126201020       0.83396914783935350     
   7.5296240468819349       0.87500225028966871     
   7.5432344668373439       0.89850219995699554     
   7.5563322113294511       0.90716267493750757     
   7.5605332406373318       0.90783784503687015     
   7.5553586691088253       0.90320018302884220     
   7.5408635691563699       0.89021336503164616     
   7.5253042854010452       0.86156745590515305     
   7.5367195642090152       0.81418817824851097     
   7.5887271170970019       0.76685270873093692     
   7.5913278208888695       0.75700607782329654     
   7.5124004663980415       0.78534019399588362     
   7.5169829520086839       0.81036348705710848     
   7.5681858472300085       0.82762164379694436     
   7.5476053511179337       0.85891143298367134     
   7.5153830743606154       0.89324332934404393     
   7.4960047539945336       0.90575526277147367     
   7.4747738467383513       0.88095677331135536     
   7.5094509301421191       0.81685686771495525     
   7.5901813332272789       0.75384121148606098     
   7.5274961397449598       0.74035020658111617     
   7.5539799731050747       0.76724047690368435     
   7.4990700804320287       0.82771191670768363     
   7.4520792749604325       0.88393228347145381     
   7.4702182863827353       0.89396878800097690     
   7.4942940881674502       0.86121730611353620     
   7.5528496213962129       0.81344459161696303     
   7.5499192762518081       0.79170207443863627     
   7.5104381084384002       0.79912911438218059     
   7.4964352142844408       0.81030607425294909     
   7.4120809779080510       0.79903758422679894     
   7.4705000590754196       0.73129275508526370     
   7.6920859590588329       0.68446707752131863     
   7.4459541675826557       0.74506119479689448     
   7.4578132376926352       0.80351253093316277     
   7.5163369852219546       0.81412629740437592     
   7.5395920388709197       0.80302348923283517     
   7.5466596157687693       0.78661329123001666     
   7.5502239779258504       0.77075415913818035     
   7.5542862122932339       0.75872745620256787     
   7.5563408488576629       0.75361184703447148     
   7.5534222315629851       0.75667419201138120     
   7.5485973509290680       0.76596837876856527     
   7.5459714346837607       0.77801155181166348     
   7.5456256075647250       0.79030203013389522     
   7.5459053154720888       0.80192796134631228     
   7.5457613562092281       0.81278249804131164     
   7.5450456249585631       0.82282185096862182     
   7.5439704043713007       0.83175307784856722     
   7.5417885834328402       0.83883135616913440     
   7.5380083484951506       0.84267119846645078     
   7.5354474603459920       0.84166135211284077     
   7.5391936089665492       0.83615162145472299     
   7.5508514926886612       0.83169766257108280     
   7.5620506818117175       0.83935913597772827     
   7.5434305248533047       0.86703165117431280     
   7.4886318586360403       0.90188829180816232     
   7.4302476084871838       0.90888303366301704     
   7.4199551290845687       0.85537977266898557     
   7.5778348429537159       0.76126372547886900     
   7.6394499198894641       0.73130187797645829     
   7.4710164706484719       0.79670674008003417     
   7.4571643577634514       0.86525973844154058     
   7.4986566627239579       0.89810910593374982     
   7.5144580965229846       0.90887364538414706     
   7.5204455455547237       0.90690654398518711     
   7.5279049856602622       0.89528325104197715     
   7.5345734466295831       0.87776780858882064     
   7.5392504318526079       0.85843294195377795     
   7.5423144071601200       0.84021860925241965     
   7.5438195177025893       0.82476374924894214     
   7.5443232999788492       0.81281434505948502     
   7.5437836234829163       0.80442547017391508     
   7.5412602034945007       0.79892596162835416     
   7.5349460538932718       0.79449435616467468     
   7.5206587318215714       0.78694345348867878     
   7.4918158803960990       0.76729998942325084     
   7.4641266905583317       0.72106353975790483     
   7.5557374810289506       0.65281061029455445     
   7.6293309988741367       0.63558506871012943     
   7.4766085652516541       0.70034434208617180     
   7.4691893722343616       0.76593489401002868     
   7.5011585873444897       0.79732625674273971     
   7.5122414119493381       0.80502871480780180     
   7.5059551966686939       0.79588468422413317     
   7.5004623085772550       0.76832845068200073     
   7.5375775918321590       0.72698588093049221     
   7.5851233652142076       0.70231523900802806     
   7.5354668785905243       0.71886332595602898     
   7.5014980188004694       0.75058321034121911     
   7.5125355269701917       0.76873253734550961     
   7.5296111247474142       0.77290959955885552     
   7.5408572340276807       0.77264552543888310     
   7.5445605188082707       0.77536709086104882     
   7.5421983608075429       0.78376380620663055     
   7.5379637893935740       0.79661104134515504     
   7.5333827118229983       0.81105711189763086     
   7.5268585268203179       0.82391168382599267     
   7.5167893699387598       0.83104381308131914     
   7.5071182723777170       0.82723407616967126     
   7.5041335487529643       0.80938951166054784     
   7.4863539694518497       0.77781002176958847     
   7.4670008659881546       0.72669576385653212     
   7.5708425931248060       0.66667395975834598     
   7.6012314022702432       0.66214968332306945     
   7.4940362272435479       0.72783007689068069     
   7.4786959136342706       0.80022857713979190     
   7.4952801349777651       0.84729534912678317     
   7.5128922839339918       0.86987804760997245     
