   2.0000000000000000        2.0000000000000000                1
   4.0000000000000000        2.0000000000000000                2
   6.0000000000000000        2.0000000000000000                3
   8.0000000000000000        2.0000000000000000                4
   0.0000000000000000        2.0000000000000000                5
   2.0000000000000000        4.0000000000000000                6
   4.0000000000000000        4.0000000000000000                7
   6.0000000000000000        4.0000000000000000                8
   8.0000000000000000        4.0000000000000000                9
   0.0000000000000000        4.0000000000000000               10
   2.0000000000000000        6.0000000000000000               11
   4.0000000000000000        6.0000000000000000               12
   6.0000000000000000        6.0000000000000000               13
   8.0000000000000000        6.0000000000000000               14
   0.0000000000000000        6.0000000000000000               15
   2.0000000000000000        8.0000000000000000               16
   4.0000000000000000        8.0000000000000000               17
   6.0000000000000000        8.0000000000000000               18
   8.0000000000000000        8.0000000000000000               19
   0.0000000000000000        8.0000000000000000               20
   1.9818720073834553        1.9432805614122788                1
   4.0161420177888205        2.0583146034419380                2
   6.0521114671785075        1.9707415663357761                3
   8.0488702465851301        2.0353517997396100                4
   9.9690741008649386        1.9490622753526832                5
   1.9399903174677444        4.0021179770935147                6
   3.9835793993106927        3.9422268727073431                7
   5.9430452498171782        3.9810789719374569                8
   7.9534418651719339        3.9620795800453559                9
   3.2846534939741039E-002   3.9497576728878379               10
   1.9664154464873815        5.9502247801110801               11
   4.0038589816656964        6.0599292149053898               12
   5.9410536552775488        5.9886495583887704               13
   7.9826480812518934        6.0574872080143818               14
   9.9748932889822086        5.9454900030142914               15
   1.9540077363979726        8.0380955697261562               16
   4.0593422381696200        7.9904207824010545               17
   6.0591879208766342        7.9896822835856529               18
   8.0528491858675846        7.9710067605417780               19
   9.9408679807281946        8.0099592552180994               20
   1.9636795941913163        1.8872200884899160                1
   4.0322793051633701        2.1176604186538088                2
   6.1042818589703831        1.9422422643846389                3
   8.0979098217147065        2.0715652279907144                4
   9.9379354289904214        1.8988937375492101                5
   1.8796450608316297        4.0044426114258451                6
   3.9673677517593466        3.8839422377803006                7
   5.8859825011538174        3.9621355087435672                8
   7.9067995862750706        3.9237927102597348                9
   6.6067339088439203E-002   3.8995381418291224               10
   1.9327057060296053        5.9001671487715495               11
   4.0079876083279551        6.1201871869219877               12
   5.8818872037305976        5.9773588815671683               13
   7.9654091379927738        6.1153626589486381               14
   9.9498075670726003        5.8908807100151552               15
   1.9078619901515850        8.0756043774498742               16
   4.1188658032894496        7.9799325169858450               17
   6.1183619198771657        7.9786204772047009               18
   8.1059808796364230        7.9410760344746922               19
   9.8813793801790943        8.0192916542744346               20
   1.9453601644773229        1.8317516093362771                1
   4.0483952919664290        2.1785400529232239                2
   6.1565671172103906        1.9145100768861427                3
   8.1473206493449819        2.1087760077541771                4
   9.9063217428201202        1.8495488128981532                5
   1.8185224635160611        4.0071544320914594                6
   3.9515966748296711        3.8245111931047093                7
   5.8286745130791511        3.9431390775516766                8
   7.8600434882946306        3.8847816886414179                9
  0.10011099475799992        3.8493699547693554               10
   1.8987250313932156        5.8495359156654265               11
   4.0127176985620796        6.1810950325996625               12
   5.8222520320981603        5.9661851825668482               13
   7.9483946652615813        6.1740773928866286               14
   9.9247857511075850        5.8361003415465129               15
   1.8614622674576538        8.1126420601694793               16
   4.1786996141862431        7.9683216542135513               17
   6.1775140450546360        7.9668177364563695               18
   8.1598201419058487        7.9099571567652518               19
   9.8210088193148515        8.0280565117550324               20
   1.9268560405924231        1.7768178094430747                1
   4.0644368715582235        2.2418141279533268                2
   6.2090194151120510        1.8875424038113828                3
   8.1973379830203239        2.1471230896999258                4
   9.8739097182260451        1.8011190696757153                5
   1.7560539282504311        4.0104316833024329                6
   3.9365512385966523        3.7630121423674892                7
   5.7709493183427147        3.9240467320631152                8
   7.8132045366062801        3.8446806118934345                9
  0.13552525643543853        3.7993438683250482               10
   1.8643532809780645        5.7980218220307380               11
   4.0184249599319104        6.2429676421805294               12
   5.7618471041521122        5.9551812481207840               13
   7.9317626895679636        6.2341549715054594               14
   9.8998854626733745        5.7810885915501871               15
   1.8147565690945706        8.1493054294049596               16
   4.2388958502930389        7.9552853131094148               17
   6.2366451968687908        7.9542832220748698               18
   8.2150450659091465        7.8773537918444907               19
   9.7589304026419246        8.0362556170854269               20
   1.9081168861548217        1.7223689876745332                1
   4.0802646415885766        2.3089341786803033                2
   6.2616868849552434        1.8613303910861569                3
   8.2482444771990018        2.1867154110272531                4
   9.8403092371300094        1.7537497368563923                5
   1.6914713411304518        4.0144291805045977                6
   3.9226271673464197        3.6979916804925201                7
   5.7125954495286564        3.9048335635716165                8
   7.7663801625028519        3.8031055400224516                9
  0.17305535271801983        3.7496267763036499               10
   1.8294611405354455        5.7453026522933603               11
   4.0255478938242071        6.3061481909534107               12
   5.7003504843710999        5.9444426645116035               13
   7.9157031181334156        6.2962385968228611               14
   9.8751798066184122        5.7257906826629741               15
   1.7677275122003484        8.1856785984470406               16
   4.2994349691588241        7.9404121632380562               17
   6.2957676653631864        7.9410260730119937               18
   8.2726879510392255        7.8429072020123085               19
   9.6938764695661188        8.0437542141291694               20
   1.8891012174970239        1.6683621224185179                1
   4.0955674118434899        2.3821939298988202                2
   6.3146137317899358        1.8358633477033113                3
   8.3003252281408013        2.2276269825527026                4
   9.8050629939575114        1.7076595558115664                5
   1.6236997235642967        4.0192291238413311                6
   3.9104274644582011        3.6272113123153256                7
   5.6533637264782000        3.8854343323057887                8
   7.7197420562370347        3.7596555692507123                9
  0.21375405456341154        3.7005178519344399               10
   1.7938968603299819        5.6910099583861760               11
   4.0346213611550859        6.3710498176389621               12
   5.6373938749351682        5.9341087442013034               13
   7.9005005467884111        6.3611683898272471               14
   9.8507796372508878        5.6701799102175761               15
   1.7203617127216126        8.2218099046914830               16
   4.3602250533391587        7.9231571666877638               17
   6.3549079993657154        7.9270473022893029               18
   8.3343122742379219        7.8062726893925216               19
   9.6239294046233468        8.0501857697978565               20
   1.8697771391659981        1.6147605833407344                1
   4.1099911705029326        2.4633433674164871                2
   6.3678512532695821        1.8111256183311069                3
   8.3538509119942610        2.2698517311578006                4
   9.7676550560905202        1.6631624046616480                5
   1.5512520409880930        4.0247685592927187                6
   3.9006406736410901        3.5490503284726036                7
   5.5929477407370394        3.8657251536292327                8
   7.6735595310101381        3.7139081274750110                9
  0.25909853634824731        3.6525470169988097               10
   1.7574850772274961        5.6346950334347783               11
   4.0463115489991806        6.4381946815776701               12
   5.5725366798363227        5.9243999232537199               13
   7.8866022137283336        6.4300200051199425               14
   9.8268146201165649        5.6142314435404108               15
   1.6726639904638547        8.2577372198670513               16
   4.4210764466628136        7.9027904935129714               17
   6.4141114901489260        7.9123289359105158               18
   8.4016657899187184        7.7671718037614497               19
   9.5467921446399497        8.0548886472685108               20
   1.8501226674603783        1.5615339850483878                1
   4.1277476042008407        2.5319489981790215                2
   6.4214578791223671        1.7871021516737624                3
   8.4090644248797979        2.3132408656229724                4
   9.7275320984135707        1.6206873049842867                5
   1.4723040075365770        4.0307762685424278                6
   3.8894812099158109        3.4841509946489770                7
   5.5309580084705807        3.8454799786003981                8
   7.6281703079270784        3.6654745113909035                9
  0.31092176175956915        3.6065762809833282               10
   1.7199998279697386        5.5758107129882459               11
   4.0614646700498369        6.5082794348488084               12
   5.5052918093408758        5.9156162802270211               13
   7.8746962087348900        6.5040880310777389               14
   9.8034337067169073        5.5579175035847133               15
   1.6246439642211197        8.2934989533439882               16
   4.4816558896842560        7.8783258596652317               17
   6.4734529978304582        7.8968185627942153               18
   8.4710678173427389        7.7240603403998165               19
   9.4653149161255303        8.0582713562793984               20
   1.8301261839653551        1.5086566193620812                1
   4.1697339140363727        2.5086981949632672                2
   6.4754622392570136        1.7638067303861589                3
   8.4661546726808261        2.3574430633469174                4
   9.6841395131279242        1.5807917668092659                5
   1.3863079499811199        4.0372554259436280                6
   3.8566130775539884        3.5120639023502291                7
   5.4668838925343763        3.8244145157913096                8
   7.5839662563860504        3.6140361696085628                9
  0.36982977556991170        3.5633501686150431               10
   1.6811416931857819        5.5136799245635837               11
   4.0811980884728953        6.5822163481119702               12
   5.4351277196378343        5.9081711685113110               13
   7.8657626689402758        6.5848364330179630               14
   9.7808085080698639        5.5012007407515062               15
   1.5763055921966911        8.3291343666426148               16
   4.5414153696826896        7.8484389885815089               17
   6.5331035713876346        7.8804051851780912               18
   8.5030384097898608        7.6622308935083359               19
   9.4177604034593152        8.0737850657007684               20
   1.8097856019630278        1.4561046258773940                1
   4.2239685428678326        2.4468346517687345                2
   6.5298726014065362        1.7412745740908919                3
   8.5252361705874424        2.4018536770640275                4
   9.6369716064789994        1.5441644629030356                5
   1.3041332128797005        4.0497442408426538                6
   3.8145470595019133        3.5797992009584876                7
   5.4001739202064840        3.8023183674930507                8
   7.5413658572842639        3.5593641959800308                9
  0.42513440978251515        3.5182592520793832               10
   1.6405462450572637        5.4474156911055456               11
   4.1069093862147614        6.6610539575514620               12
   5.3614741297742388        5.9026370094807712               13
   7.8603622680734819        6.6729828601255949               14
   9.7591400973959317        5.4440220687741920               15
   1.5276098527395643        8.3646622379753950               16
   4.5995557088028569        7.8114910812855669               17
   6.5934227423032139        7.8628639476867610               18
   8.4689088694433288        7.5667343752459262               19
   9.4318589393652807        8.1159924903156888               20
   1.7891059915227370        1.4038574097821450                1
   4.2770843333636579        2.3915356223643425                2
   6.5846928356373127        1.7195697017872769                3
   8.5863535786227363        2.4455988129996777                4
   9.5856195375028133        1.5116024271594943                5
   1.2610092883382786        4.0915121641855325                6
   3.7772090259257349        3.6423732410308256                7
   5.3302577231600266        3.7790379321376308                8
   7.5007590568618170        3.5013550346430433                9
  0.44192618449479476        3.4493695311064658               10
   1.5976729133289991        5.3757666447919732               11
   4.1399113728867514        6.7449904671022880               12
   5.2837658593483177        5.8997888050194955               13
   7.8371701098033375        6.7393312452903134               14
   9.7386608692598067        5.3862969210330816               15
   1.4784636552663628        8.4000886678609756               16
   4.6553213974654186        7.7664857537771184               17
   6.6551064907612121        7.8437656576941874               18
   8.4425728446802726        7.4901890072171922               19
   9.4544118761111111        8.1620152184820167               20
   1.7680876815667621        1.3518741847141651                1
   4.3286732726316313        2.3440668990658882                2
   6.6399537618756250        1.6987933274437428                3
   8.6495399288118744        2.4875809166606153                4
   9.5298497270942502        1.4840458073226814                5
   1.2486383960488052        4.1625908567621535                6
   3.7456659033649591        3.6987484344935320                7
   5.2564582362609977        3.7543879527568582                8
   7.4624423004386884        3.4400652450996230                9
  0.42890401074263773        3.3587010634946344               10
   1.5517881121947383        5.2966602615801719               11
   4.1777000128782742        6.8266069699430796               12
   5.2015224253594363        5.9006395973826296               13
   7.7387001772994246        6.7158740994835542               14
   9.7196336863705977        5.3279328217318564               15
   1.4287466374950948        8.4354474276727185               16
   4.7116693748395839        7.7198177019104905               17
   6.7191438699123669        7.8223806462339001               18
   8.4953503095485488        7.5097960626847700               19
   9.4707048418200692        8.2034772858884892               20
   1.7467242520439390        1.3000936984468403                1
   4.3796505073148850        2.3024991506184467                2
   6.6957251781781393        1.6790986349808006                3
   8.7148911888436231        2.5265775602240543                4
   9.4696449291680516        1.4625242770066651                5
   1.2355783364830975        4.2354126950684643                6
   3.7198196769285032        3.7511326992158716                7
   5.1779319998672229        3.7281352629922448                8
   7.4265477965357345        3.3756474562139189                9
  0.41585386184808126        3.2689899589060576               10
   1.5040041545585419        5.2148170697524590               11
   4.2004068347658601        6.8718240684936331               12
   5.1143964191058808        5.9064316275673185               13
   7.6238042867396763        6.6795656421943628               14
   9.7023786507744987        5.2688104751045550               15
   1.3783136747349403        8.4707653420930544               16
   4.7888175464388265        7.7043328437332130               17
   6.7865115720693305        7.7975310385041823               18
   8.5670188493792168        7.5498644974296978               19
   9.4812506729891837        8.2403908606402005               20
   1.7250308412407036        1.2484924810862661                1
   4.4307348187388627        2.2657494539428118                2
   6.7520779282575658        1.6607162591922495                3
   8.7826090690612340        2.5613612740015044                4
   9.4052546649872610        1.4480442074368902                5
   1.1981807539647202        4.2368079453008161                6
   3.6999632659704962        3.8008941665091074                7
   5.0936214724255393        3.7000127790593993                8
   7.3929967521209887        3.3082764265486371                9
  0.40695605778839145        3.1851203819242198               10
   1.4730336381364599        5.1984123796450046               11
   4.1988296073271751        6.8690545104923286               12
   5.0220170986770727        5.9185107160887647               13
   7.5109420952278505        6.6532811400405816               14
   9.6872825230174211        5.2087635160301611               15
   1.3269638303728877        8.5060186429063407               16
   4.8963740116282439        7.7302627514127806               17
   6.8580942997901007        7.7674514443626155               18
   8.6346352420371701        7.5869195198677755               19
   9.4897701402099521        8.2752521601982760               20
   1.7030220874599420        1.1970432349146545                1
   4.4823917196030987        2.2334940281359774                2
   6.8091140024677905        1.6439856786132956                3
   8.8530415557826441        2.5908314916089665                4
   9.3371764639029422        1.4414922928109177                5
   1.1329582318418852        4.1548200307372909                6
   3.6868940664925547        3.8486260460824675                7
   5.0022290679268009        3.6697592529708705                8
   7.3614807642741900        3.2380468769748099                9
  0.40103182021977452        3.1068273245477376               10
   1.4626654152615919        5.2594919375170033               11
   4.1984810158032246        6.8541902987006882               12
   4.9241809074505705        5.9378322215530872               13
   7.3978687242769432        6.6371285590279010               14
   9.6746528666160483        5.1476728613202072               15
   1.2744712131466323        8.5411834513945895               16
   5.0091324374542658        7.7607202957074213               17
   6.9343072409945883        7.7302022686768206               18
   8.6920582732413934        7.6166740573116138               19
   9.5043079589760744        8.3143372443006935               20
   1.6807011862564307        1.1457486113991102                1
   4.5348716807008316        2.2059237508438958                2
   6.8669733570217319        1.6294051916816605                3
   8.9266857798770030        2.6142086094356860                4
   9.2661535178240442        1.4435034812258836                5
   1.0615503081339464        4.0659145230472582                6
   3.6817635012119436        3.8943334703280228                7
   4.9023428055456408        3.6371833053541320                8
   7.3315444982456475        3.1648455386408276                9
  0.39718952826148368        3.0343183833939924               10
   1.4511375242966020        5.3211308068426444               11
   4.2063772266908570        6.8412134525560999               12
   4.8233979268255744        5.9618321810904664               13
   7.2842616020072555        6.6284317253671778               14
   9.6646257005073455        5.0854830584814987               15
   1.2205130597552756        8.5762267309242244               16
   5.1176723862963494        7.7842367320481456               17
   7.0137893636378568        7.6870070392809886               18
   8.7336991949551450        7.6343240492416156               19
   9.5323134073548559        8.3640461085841622               20
   1.6580419649785301        1.0946268414833706                1
   4.5882431843148117        2.1835778639005752                2
   6.9258411055561133        1.6177087362907407                3
   9.0042606148123312        2.6312909719622715                4
   9.1931409121690404        1.4542570716629819                5
  0.98644699009726433        3.9780796209890283                6
   3.6851543296570024        3.9377241635123683                7
   4.7933680794182347        3.6020930463881529                8
   7.3026106927054659        3.0882232410512191                9
  0.39390479266847589        2.9674541221607988               10
   1.4360934175837188        5.3752216293768162               11
   4.2095312707932147        6.8490952710766981               12
   4.7330686745445334        5.9713336909607309               13
   7.1735025304518816        6.6112337461387591               14
   9.6573176591160337        5.0220957814916982               15
   1.1645569223492924        8.6110987004704160               16
   5.2216877230573076        7.8009121823960248               17
   7.0923990856323273        7.6532161187282499               18
   8.7636048307415297        7.6431404594694463               19
   9.5708864969715730        8.4218907871176256               20
   1.6350467772835995        1.0436759112732010                1
   4.6422620548663005        2.1671354727037380                2
   6.9859513726558564        1.6099810667308614                3
   9.0868607039485649        2.6426925463420043                4
   9.1191835010177957        1.4732538045433949                5
  0.90809447255430831        3.8907292019208004                6
   3.6925962622241379        3.9798152257692720                7
   4.6800435114945111        3.5628467020968739                8
   7.2741315304113998        3.0073052496443893                9
  0.38794703354361720        2.9040454898680639               10
   1.4183777298802629        5.4243550641712917               11
   4.1929756422846491        6.9020872610993678               12
   4.6673611175352505        5.9405176843942247               13
   7.0653955119954057        6.5658675546652789               14
   9.6528544909714924        4.9573137561055960               15
   1.1057247495964020        8.6457249214561589               16
   5.3221213056639627        7.8121647769267497               17
   7.1700146343865692        7.6482688700362020               18
   8.7901714253927157        7.6509904591630624               19
   9.6126451721247399        8.4804603245779209               20
   1.6117066730829106       0.99289104987506471                1
   4.6964189777527530        2.1572622200890472                2
   7.0475923411501888        1.6077810975717011                3
   9.1760546950665738        2.6497234963835430                4
   9.0451810560537744        1.4993892555972550                5
  0.82950748042790845        3.8091906520876311                6
   3.6841710864113786        4.0292502945573432                7
   4.5828213463876351        3.5102398969812278                8
   7.2456348194196973        2.9206358670174444                9
  0.37320181416534909        2.8367449236910494               10
   1.3986769113704896        5.4704705363097386               11
   4.1714499796331737        6.9752524723230049               12
   4.6108117629383587        5.8928401244483597               13
   6.9568580451167152        6.5097869507130746               14
   9.6514160023598112        4.8908292501838604               15
   1.0426488271331054        8.6799954475281371               16
   5.4198243026919393        7.8192494737504141               17
   7.2496761791764008        7.6546835647695222               18
   8.8178830372836359        7.6626991557312030               19
   9.6543213844226052        8.5352729107403125               20
   1.5879908726047953       0.94227004358058208                1
   4.7500466062059221        2.1546666002894304                2
   7.1110017029814205        1.6130807873953934                3
   9.2712135644455831        2.6531584756744411                4
   8.9717341312156336        1.5317565930744297                5
  0.75505854198164635        3.7440412465580586                6
   3.6461081306240155        4.0959551455872250                7
   4.5162125789193892        3.4337794928443768                8
   7.2168588477479725        2.8262806586966400                9
  0.34472289078183271        2.7543903533593119               10
   1.3774203427548111        5.5146103029754698               11
   4.1550483127147686        7.0461941617319921               12
   4.5526822161283809        5.8494767579401223               13
   6.8495440936357284        6.4599985402994635               14
   9.6532205079931082        4.8222203491557245               15
  0.97336873786515588        8.7137529304863506               16
   5.5155994938076356        7.8230845868033310               17
   7.3298941744644273        7.6555287075996992               18
   8.8478521718888548        7.6800717585988618               19
   9.6963765254961860        8.5848284445585215               20
   1.5638668840723300       0.89178383793080107                1
   4.8023500192753117        2.1602119653595451                2
   7.1761691975445476        1.6259033001448855                3
   9.3429885692414896        2.6508576576169522                4
   8.8993489716107508        1.5705642161705373                5
  0.68372660480313263        3.6965579119789922                6
   3.6002725645074758        4.1686523757379224                7
   4.4592744428102495        3.3440613371540753                8
   7.1880510642654869        2.7241974473408539                9
  0.33148886954589579        2.6577068290048076               10
   1.3548874134836959        5.5572995742309139               11
   4.1441459330636992        7.1107844761852190               12
   4.4919280016352525        5.8135684846220252               13
   6.7444919178417004        6.4184136743409992               14
   9.6586273644305400        4.7508651358595273               15
  0.89595236032643610        8.7468409766377029               16
   5.6102731729046713        7.8242279506389689               17
   7.4099382639893960        7.6491313058460362               18
   8.8798123301380407        7.7035768681193604               19
   9.7404582209800257        8.6288979091497851               20
   1.5392654739998586       0.84140460498578407                1
   4.8525328511761678        2.1739872641815330                2
   7.2435629086627502        1.6275578187269122                3
   9.3301562322505749        2.6440873854320737                4
   8.8280860289291283        1.6160306983542674                5
  0.61022467794682256        3.6585475406439807                6
   3.5595907595988998        4.2375535427482136                7
   4.4000665879411800        3.2510405467923946                8
   7.1594506114396017        2.6330135179718250                9
  0.39842298172894641        2.5540248539610455               10
   1.3312900652756736        5.5988350629252439               11
   4.1374727111821956        7.1694581339652919               12
   4.4291350460174339        5.7838454573808535               13
   6.6412897643739255        6.3832293614294242               14
   9.6682489728448484        4.6758165530984153               15
  0.81549444836372353        8.7797981704407935               16
   5.7046510179885050        7.8228922656827136               17
   7.4906361003873396        7.6377458668730354               18
   8.9130560441024933        7.7332024512790136               19
   9.7815166044729160        8.6669894340575837               20
   1.5140879793741697       0.79118372659159653                1
   4.9008196752065807        2.1932959611391905                2
   7.3196451429075129        1.5688093937729910                3
   9.2919240646760208        2.6374772059199172                4
   8.7556419258605640        1.6655558781582847                5
  0.53070758895087278        3.6235764532521957                6
   3.5248121691140777        4.3016451919843695                7
   4.3379069871664777        3.1587942322651617                8
   7.1260579752644801        2.6019485888847629                9
  0.48994083531364380        2.4487829992306493               10
   1.3067965440215763        5.6393829237778510               11
   4.1338784855550994        7.2232299635290413               12
   4.3647737484412490        5.7585216854855341               13
   6.5390551796851550        6.3528943251902144               14
   9.6829766396803070        4.5957491387886673               15
  0.77552776997087391        8.8174895087507554               16
   5.7994518971668585        7.8189787501834731               17
   7.5733999436963737        7.6236203159027998               18
   8.9468051246680531        7.7687848113039575               19
   9.7760379341758998        8.6942967736794721               20
   1.4881908372853756       0.74121194489448816                1
   4.9500918388009936        2.2119495794180422                2
   7.4062752952583661        1.4782237244086587                3
   9.2637636955265599        2.6345638289448110                4
   8.6765802790191700        1.7131673305265505                5
  0.44346438845308489        3.5866850408599431                6
   3.4945633516362733        4.3626666826514873                7
   4.2716617185230987        3.0722914631639582                8
   7.0884352131587480        2.6027802949472645                9
  0.57434444708926968        2.3502083224100265               10
   1.2815578735421913        5.6790628600593491               11
   4.1325024743615231        7.2730135017456945               12
   4.2990185300070323        5.7358845971909895               13
   6.4369650104679810        6.3266502157479865               14
   9.7036502105535867        4.5091553036260068               15
  0.79924807660799035        8.8631720797026077               16
   5.8952373073323283        7.8121336087622826               17
   7.6597462904247955        7.6084708258782143               18
   8.9800885578905039        7.8101348118202152               19
   9.7009599371698325        8.7075491078927918               20
   1.4614030631371191       0.69156601973142739                1
   5.0036209500774929        2.2258867667681006                2
   7.4995172549036750        1.3931225566378977                3
   9.2492915433993161        2.6394336622162102                4
   8.5855395418854403        1.7540523038637037                5
  0.35044153433895192        3.5435132831159484                6
   3.4679198804438229        4.4227337497932320                7
   4.1994949127515229        2.9942244624279688                8
   7.0530834217525848        2.5991450482971161                9
  0.65064167173242116        2.2605472076429556               10
   1.2557207307602662        5.7179765411075207               11
   4.1327243242222567        7.3195514973728182               12
   4.2317511557383751        5.7142582224434708               13
   6.3344673543695826        6.3043516092071661               14
   9.7283951792680838        4.4175306047602128               15
  0.83106440557747707        8.9103101251088788               16
   5.9923408515504510        7.8018438744326968               17
   7.7511264874164238        7.5936328734959000               18
   9.0081712506504541        7.8525182406318734               19
   9.6157275413458425        8.7177337724567572               20
   1.4335108236287424       0.64231726033804504                1
   5.0591372459754753        2.2383511295328851                2
   7.5898518743929211        1.3151184129725946                3
   9.2457788910607963        2.6503076436903021                4
   8.4918912298131310        1.7937600389895041                5
  0.26607204828520065        3.4727134172572618                6
   3.4446628820575875        4.4839500347751402                7
   4.1246372472451878        2.9203259340159136                8
   7.0217247499042275        2.5870958831396065                9
  0.72050786300593772        2.1784642379230865               10
   1.2294520661356760        5.7562192749521559               11
   4.1341049536626651        7.3634435740205193               12
   4.1625265965284806        5.6918439847514160               13
   6.2313343147989197        6.2861614136349253               14
   9.7421392956378288        4.3416329050447828               15
  0.85504252906936795        8.9569100207697758               16
   6.0908335567379979        7.7875795408096895               17
   7.8487964269629815        7.5802222069519232               18
   9.0140482711386216        7.8721801121012858               19
   9.5524879114926673        8.7502926927015245               20
   1.4042258565789689       0.59347491703958255                1
   5.1114203091763200        2.2537104753472339                2
   7.6334547954963261        1.2176159612756361                3
   9.2496969165972747        2.6641551238108168                4
   8.4430166262326232        1.8620976592327889                5
  0.20565912067748301        3.3446200797419068                6
   3.4251603827666179        4.5485757617784541                7
   4.0529930486193848        2.8454906940730926                8
   6.9943646487885918        2.5682590000363819                9
  0.78529258416280245        2.1021057872154061               10
   1.2028764945238215        5.7938851028440919               11
   4.1363416348743662        7.4051787985786097               12
   4.0905940252487296        5.6665567565203476               13
   6.1276743124449968        6.2722915893280522               14
   9.7280684049674715        4.3105901566771827               15
  0.87148421135689946        9.0034583352803903               16
   6.1905367238896538        7.7689595496887875               17
   7.9516219055875412        7.5685689784982957               18
   8.9919387181621833        7.8554468217163098               19
   9.5182177795952114        8.8188054665494526               20
   1.3731944769286368       0.54490837601274222                1
   5.1575611464755529        2.2731657296957990                2
   7.6409391392420387        1.0991325335930329                3
   9.2572422756342601        2.6793034885428839                4
   8.4281002660883395        1.9585022678817743                5
  0.15364409948977356        3.1923059176800721                6
   3.4100768786126832        4.6188547598961929                7
   3.9880172117644244        2.7679699959074688                8
   6.9706232246608018        2.5442222728670076                9
  0.84558018388828882        2.0304145795837427               10
   1.1760793566075791        5.8310605105081761               11
   4.1392358824164406        7.4451586160218053               12
   4.0150469732178244        5.6362411585300549               13
   6.0238044613108679        6.2627765210699025               14
   9.7053817944682717        4.2938442994782786               15
  0.88160886551892104        9.0509368119260660               16
   6.2910896614126068        7.7458969402010203               17
   8.0332640885936293        7.5516085732266323               18
   8.9854208096767856        7.8365795616778211               19
   9.4948254259524010        8.8959213977928346               20
   1.3399960073071029       0.49620162453223232                1
   5.1971716207609200        2.2960880680190359                2
   7.6489553754504866       0.98579108576450425                3
   9.2282177156768839        2.6770316185440448                4
   8.4034005986865665        2.0493164431413153                5
  0.14679028754094878        3.0628078036608288                6
   3.3978832560593331        4.6929824734241317                7
   3.9305573508204179        2.6879936176113302                8
   6.9501450649330501        2.5161723548737696                9
  0.90139843411330023        1.9625959785080453               10
   1.1491025710575438        5.8678322135085974               11
   4.1426701482142319        7.4837074498537683               12
   3.9372547585804569        5.6027213237562634               13
   5.9201025672721910        6.2573694723322903               14
   9.6847187238408594        4.2694660841580765               15
  0.88639262632666471        9.1006284807239268               16
   6.3922619440627777        7.7186328746785859               17
   8.0399604183997155        7.5130785964896472               18
   9.0552851046023317        7.8453519569673942               19
   9.4745693704672043        8.9679920884060067               20
   1.3041031652358652       0.44645324703425465                1
   5.2311034807334904        2.3214393431035054                2
   7.6608110187023746       0.88085333085553064                3
   9.1637127328654362        2.6713692539971534                4
   8.3347145684600150        2.1081744362073263                5
  0.21407051683427594        2.9663960308967785                6
   3.3697303994869801        4.7396233668071952                7
   3.8801769579255780        2.6063136981191852                8
   6.9329338319998648        2.4848931540903427                9
  0.95275806431756205        1.8979112314097517               10
   1.1219983328193730        5.9042698365936550               11
   4.1465887714086866        7.5210585395457388               12
   3.8760039451714769        5.5973575131668101               13
   5.8168263114090122        6.2555385397520764               14
   9.6665869702588267        4.2354737423246300               15
  0.88674913509078024        9.1541903943980216               16
   6.4944164674464266        7.6876113552843925               17
   8.0197654548771204        7.4672835507037565               18
   9.1529819729291102        7.8694995196189348               19
   9.4568995684135935        9.0330088219052413               20
   1.2648759393312852       0.39421316055321570                1
   5.2606570776390820        2.3482796391058653                2
   7.6751547883594604       0.78279217466343420                3
   9.1442550736421957        2.7023809463267070                4
   8.2015023470831991        2.1240112116051129                5
  0.29622515927041021        2.8734216682890246                6
   3.3033877216994867        4.7213207445402210                7
   3.8359831177280657        2.5236595344223902                8
   6.9197521355209508        2.4507188616526721                9
  0.99966926016445667        1.8360543938197453               10
   1.0948145794764845        5.9404425405135202               11
   4.1509751410843867        7.5572814159248818               12
   3.8535503901570123        5.6576941430464904               13
   5.7139803349612235        6.2565740998004706               14
   9.6504189974761072        4.1933135448504659               15
  0.88361063732806511        9.2137063137007242               16
   6.5987485896494853        7.6533395214391922               17
   8.0022105221657682        7.4244322334002950               18
   9.2469479305840157        7.8994366088544616               19
   9.4423096452775681        9.0906034461658791               20
   1.2220845339022035       0.33899778140567294                1
   5.2872392697895521        2.3758878811030471                2
   7.6910985995520571       0.69070342263839368                3
   9.1394070799337559        2.7420731566990466                4
   8.0511736602592539        2.1316274882105350                5
  0.37570820954437228        2.7767890988839419                6
   3.2282671290099101        4.6879491200161274                7
   3.7969480559440787        2.4406043285560539                8
   6.9123953963965157        2.4135065444382420                9
   1.0420734516928769        1.7768308631273300               10
   1.0675798491107231        5.9763922392155155               11
   4.1558296058394584        7.5922501151239841               12
   3.8406868411392447        5.7340470408055806               13
   5.6112269613907655        6.2597286934393814               14
   9.6354325733760291        4.1439563635436008               15
  0.87746003206530587        9.2801244681815103               16
   6.7073292670283875        7.6162031952004323               17
   7.9861120177030198        7.3853111768545920               18
   9.3356925443348757        7.9350421469134815               19
   9.4313820327991742        9.1406083751787932               20
   1.1805495646034549       0.29551739473894789                1
   5.3121859520667973        2.4037200399039005                2
   7.7079434313328488       0.60373283815637035                3
   9.1376217217701665        2.7820235828214863                4
   7.9037873799746885        2.1396843793479485                5
  0.44939982155048341        2.6763028843304864                6
   3.1567512447924932        4.6606259216787613                7
   3.7621039022358662        2.3575659699862896                8
   6.9061036037471402        2.3746500895640050                9
   1.0804095669017875        1.7191870658494897               10
   1.0403155701279632        6.0121617633750812               11
   4.1611706018507064        7.6257664755073122               12
   3.8253913232390335        5.8055148616164756               13
   5.5079268299634334        6.2643455145482401               14
   9.6206893735159920        4.0874611444620488               15
  0.86367524009166985        9.3389927323307091               16
   6.8225807235961469        7.5763935598634591               17
   7.9669642767972473        7.3496175353237119               18
   9.4209022845637111        7.9772676474637967               19
   9.4247524203027702        9.1830593955272342               20
   1.1583862868668027       0.31837347047030412                1
   5.3367737714555590        2.4313765179753934                2
   7.7252034292760818       0.52082561737870892                3
   9.1400823702576677        2.8239984357859869                4
   7.8175743768722006        2.1343906301144329                5
  0.51596664984543261        2.5755469902100194                6
   3.0890098061523590        4.6397091209120811                7
   3.7305773761493897        2.2747942906601621                8
   6.8414543644700165        2.3481284092835266                9
   1.1169859447935142        1.6588577570081817               10
   1.0130385920197835        6.0477948721138306               11
   4.1670202873127113        7.6575699491662750               12
   3.8080349413800807        5.8720133099722931               13
   5.4032086646568178        6.2699329630225114               14
   9.6051148789282337        4.0230055966872662               15
  0.82403039381803667        9.3360925956827963               16
   6.9399607514739259        7.5352987590436067               17
   7.9478129999138583        7.3158035749220058               18
   9.5038430316417646        8.0268088201229304               19
   9.4232436379530125        9.2182264127239311               20
   1.1491571524044124       0.38890698323020101                1
   5.3630430754033958        2.4585183204105427                2
   7.7427454340369550       0.44094886343094614                3
   9.1475107975362491        2.8701447421851181                4
   7.8109941702441494        2.1117345369439509                5
  0.57170714334350248        2.4830560020500836                6
   3.0240268945974020        4.6235132408712571                7
   3.7016087732667580        2.1924130117926812                8
   6.6971526462584574        2.3381943498502848                9
   1.1573879230999131        1.5853641693691494               10
  0.98576257874376660        6.0833353595944528               11
   4.1734106940298963        7.6873603064346110               12
   3.7904245031786519        5.9355372540865385               13
   5.2959738764682722        6.2761782234621792               14
   9.5876705820855594        3.9494492243450159               15
  0.76399622046036286        9.2916120103569604               16
   7.0076392718060356        7.5048048737637743               17
   7.9796659336900593        7.2718919662752519               18
   9.5853541958162118        8.0839263551687655               19
   9.4281884109800824        9.2466155964949674               20
   1.1383426976615736       0.46183235959830421                1
   5.3945108455581599        2.4846555811171616                2
   7.7606687518823314       0.36328886457491522                3
   9.1574459366293297        2.9162258456204482                4
   7.8108453155969455        2.0880698817969345                5
  0.61376401967128758        2.4055605215941860                6
   2.9609880077096475        4.6106795518070589                7
   3.6745778579729467        2.1104578822154867                8
   6.5426827391333049        2.3293694919135763                9
   1.2060963189875669        1.4938122413813333               10
  0.95849907430447923        6.1188254446190742               11
   4.1803853816273815        7.7147832134740364               12
   3.7745553697868517        5.9978068227812971               13
   5.1848181857420137        6.2829287485102956               14
   9.5698692934228387        3.8715007643743409               15
  0.69615339909007057        9.2482912197055871               16
   7.0019230994134425        7.4913787784368910               17
   8.0858558797540780        7.2114141594506522               18
   9.6662982992862894        8.1482530919425891               19
   9.4412375264323938        9.2693282220630469               20
   1.1191633220577604       0.47287553139948268                1
   5.4236417990403272        2.5108230896581727                2
   7.7790987487497754       0.28721676293384890                3
   9.1512241446438214        2.9209337632319397                4
   7.8056102788403487        2.0658478244915419                5
  0.64595015050354154        2.3386669699468419                6
   2.8993242526282486        4.6002567915398185                7
   3.6489515482742694        2.0288975426267997                8
   6.3970171748507747        2.3185088847896083                9
   1.2655347479457821        1.4477591680622433               10
  0.93125278729614269        6.1543039677270315               11
   4.1879906465515724        7.7394034807264758               12
   3.7627646707597071        6.0602074751031987               13
   5.0678099415219711        6.2901225223360040               14
   9.5697148335500248        3.8308705100237832               15
  0.61992546475734833        9.2098144130372877               16
   6.9894653114348984        7.4793908254700296               17
   8.1995857694456404        7.1500713813363976               18
   9.7485387593384942        8.2182017913826897               19
   9.4630513696853296        9.2892472880145078               20
   1.0838428755260103       0.38453084100902279                1
   5.3624005346837151        2.5556331226546076                2
   7.7981611874112993       0.21228485204971878                3
   9.1157873250891104        2.8587032853388807                4
   7.7973473560359681        2.0448884114978871                5
  0.66736576981418405        2.2834744483064093                6
   2.8386399798274962        4.5915807946958438                7
   3.6243117719202615        1.9476785532116665                8
   6.3463256433539899        2.2875481974815037                9
   1.3453674595317817        1.4842195849304953               10
  0.90398898854895882        6.1898095354921026               11
   4.1962541111654321        7.7606687974033681               12
   3.7577235718831821        6.1238636885214346               13
   4.9425743491225331        6.2978159767739257               14
   9.5995496104193450        3.8534805943981252               15
  0.53792770369311249        9.1727745031523860               16
   6.9844929415042358        7.4652194146031770               17
   8.3065256415006168        7.0914974370971757               18
   9.8358293519819568        8.2896196184309545               19
   9.4872972710754393        9.3130856236495152               20
   1.0435856861449180       0.28346034742787690                1
   5.2337949833349242        2.6166706200096055                2
   7.8180261654636602       0.13815266998202919                3
   9.0754189580663880        2.7849004409028884                4
   7.7873538221112328        2.0254630314665163                5
  0.66809673098557487        2.2503247307456604                6
   2.7786561662787936        4.5841807290960368                7
   3.6005106827937783        1.8668580104991004                8
   6.3667883795224469        2.2390624991435462                9
   1.4442691020999290        1.5053985246118691               10
  0.87667640973710204        6.2253772990751450               11
   4.2051585923888739        7.7778617422935419               12
   3.7583452559812804        6.1891348916830218               13
   4.8104430837575425        6.3068115960176003               14
   9.6340591038734651        3.8841153175827086               15
  0.48876178714669732        9.1456384170704190               16
   6.9856575359701223        7.4492192299351618               17
   8.4078893148911877        7.0353009858628006               18
   9.9215236195122873        8.3430838848483742               19
   9.4827957862412742        9.3523196093047929               20
   1.0009252122300458       0.18234802498210917                1
   5.1079578446635354        2.6757206618562268                2
   7.8389734456925639        6.4511863948329279E-002           3
   9.0368936890829854        2.7151279842347464                4
   7.7758280243062092        2.0081068101483837                5
  0.65576883400889219        2.2287139731532508                6
   2.7191778032186393        4.5777304211867147                7
   3.5775599491795127        1.7866012449692521                8
   6.3886745733063464        2.1911024768444474                9
   1.5516831116752641        1.5082901932203316               10
  0.84926823852663191        6.2610669355056325               11
   4.2146039886617528        7.7900819014205975               12
   3.7258450507567011        6.2525707703753115               13
   4.7104539584052949        6.3217664975464256               14
   9.6654642779340474        3.9070913781314438               15
  0.53733555084501106        9.1930728231388805               16
   6.9909842717356181        7.4319472908871465               17
   8.5055933164938455        6.9809084791536948               18
   9.9557271351517151        8.3162687477155952               19
   9.4351906126397100        9.4052633960006631               20
  0.97124105933687921       0.11403066409798615                1
   4.9871261075306830        2.7316845186984220                2
   7.8615761812971439        9.9910040104201929                3
   8.9990915409782080        2.6484831834819915                4
   7.7628437946847546        1.9933265185175661                5
  0.64376152311324375        2.2059336150976487                6
   2.6600865365665287        4.5720510936100425                7
   3.5553196605540109        1.7070714130894356                8
   6.4104239334905566        2.1445966934536385                9
   1.6549410833316027        1.5080564638999634               10
  0.82168874317798901        6.2969486924332330               11
   4.2244015464446623        7.7965162400739958               12
   3.6073813420146927        6.3116295600463079               13
   4.6957325769515057        6.3462036648016351               14
   9.6939364389808134        3.9231290236865095               15
  0.60002791064995820        9.2452218341660224               16
   6.9991194064735636        7.4138106489194664               17
   8.6010704820719379        6.9279555271292264               18
   9.9637299845554193        8.2615272141449410               19
   9.3865067585230104        9.4540685915114508               20
   1.0017057547996635       0.18935791936406626                1
   4.8684842626356399        2.7853731996316875                2
   7.8867275000467298        9.9172570736459598                3
   8.9601296422030856        2.5828629726783094                4
   7.7484798034055649        1.9815446976814073                5
  0.63640566397626241        2.1791109887756743                6
   2.6013247364237637        4.5670912233131471                7
   3.5334232017304399        1.6283662279489797                8
   6.4356785497114002        2.0986496943451725                9
   1.7506178521000646        1.5092382886730957               10
  0.79382465354153797        6.3331376272645157               11
   4.2343867421477457        7.7968030607960310               12
   3.4717096203277484        6.3717173662034954               13
   4.6977465440181279        6.3751360824032570               14
   9.7203508305845379        3.9341220987947980               15
  0.59192780989512417        9.1543279975294460               16
   7.0091642210276213        7.3950792826422225               17
   8.6953977943758520        6.8762845417708238               18
   9.9704810164932880        8.2166488764286640               19
   9.3481381334958087        9.4960972482494164               20
   1.0406074487183623       0.28723326211413291                1
   4.7504515075424028        2.8373434196604501                2
   7.9156233983666846        9.8429508076291228                3
   8.9181757189496622        2.5166582600099083                4
   7.7328410358346238        1.9730633511739890                5
  0.63396628393864041        2.1485177215813009                6
   2.5428046793202328        4.5628073500321635                7
   3.5112110943766397        1.5505439552410278                8
   6.4670018002455265        2.0527155097541754                9
   1.8388322822752590        1.5111682198997876               10
  0.76550679505359320        6.3698014554289353               11
   4.2445030691269139        7.7906810173641565               12
   3.3443830383395685        6.4335785673632220               13
   4.6910454778658011        6.4081203658269672               14
   9.7454214510007997        3.9415196688105847               15
  0.56858750705905126        9.0472416898768557               16
   7.0205197220291549        7.3759384986478915               17
   8.7894358953163181        6.8258762547051841               18
   9.9736523321687454        8.1748872755149229               19
   9.3176315176248696        9.5325171143658860               20
   1.0784484935134373       0.38278391393950045                1
   4.6323111830556627        2.8879382406445435                2
   7.9497441381584331        9.7678858426568969                3
   8.8715444229568394        2.4487777741496752                4
   7.7161855277094427        1.9680138131747289                5
  0.63589065010953272        2.1146886153755355                6
   2.4844659943553205        4.5591347598640191                7
   3.4877220453726987        1.4736611080815507                8
   6.5060013772544805        2.0066125299525082                9
   1.9205203145640193        1.5122346353385381               10
  0.73646333332957270        6.4071754985025011               11
   4.2548180603750509        7.7776698994557059               12
   3.2252401556538590        6.4968935882434211               13
   4.6757586264060818        6.4460069371120605               14
   9.7696314652810745        3.9463341763553008               15
  0.55520987824348289        8.9701901003428510               16
   7.0327823067545738        7.3565223894163640               17
   8.8839589545142132        6.7768004690597614               18
   9.9602476403882907        8.1145538179413812               19
   9.2913552093696214        9.5642429522543146               20
   1.1173262100826316       0.48005322621231816                1
   4.5137997935978493        2.9373908889818412                2
   7.9907603642492306        9.6920637537416603                3
   8.8190307303059434        2.3786456850901780                4
   7.6995520764341183        1.9661605267633369                5
  0.64167354876815297        2.0778173603196515                6
   2.4262594123919627        4.5559988657487347                7
   3.4616372909221709        1.3977973638487347                8
   6.5527381334193828        1.9604334327459296                9
   1.9968225671877260        1.5108991366139679               10
  0.70621638577731960        6.4456142440667650               11
   4.2655374435889089        7.7569434133834010               12
   3.1123247919491699        6.5614246872249282               13
   4.6536572268423795        6.4899161338580846               14
   9.7933035936660051        3.9493026621304073               15
  0.55633301631839016        8.9264156949482949               16
   7.0456801559347841        7.3369331333531589               17
   8.9798891859003689        6.7293001997559623               18
   9.9262300597692210        8.0277894441958484               19
   9.2656255124728073        9.5921785057384348               20
   1.1588561707743052       0.58228327631649313                1
   4.3948356794326600        2.9858877188566604                2
   8.0400759933256367        9.6157745788953157                3
   8.7611431806595839        2.3065599773864629                4
   7.6867165738384484        1.9666172377080746                5
  0.65108433265910570        2.0376033605294941                6
   2.3681440260987232        4.5533201178473055                7
   3.4312722652623195        1.3231384999844038                8
   6.6026971865498005        1.9143173412622270                9
   2.0689743076421903        1.5056995176115786               10
  0.67388805747413294        6.4856745066955508               11
   4.2769814526089629        7.7273514758691499               12
   3.0042057378650679        6.6269801391894321               13
   4.6258570010858868        6.5412452266765504               14
   9.8166674680978492        3.9509362191055546               15
  0.55839004454790397        8.8936969705307618               16
   7.0590551450101033        7.3172575373546254               17
   9.0785784419223834        6.6840681995476556               18
   9.8857107629525309        7.9326320129697834               19
   9.2373613939837700        9.6169917412450374               20
   1.2041645481111818       0.69223086126621647                1
   4.2754326529650237        3.0336061744782734                2
   8.0967113911175801        9.5395266075069607                3
   8.7048787550539934        2.2348583613524853                4
   7.6849062120329092        1.9674693967993302                5
  0.66430062769662512        1.9930835628314627                6
   2.3100685604033457        4.5510005077048721                7
   3.3946045446735758        1.2500638840800291                8
   6.6413845220521726        1.8675709852412476                9
   2.1382938529529869        1.4952928812076323               10
  0.63787117297195506        6.5281975987443968               11
   4.2892227784223707        7.6886048592385761               12
   2.8999133747017733        6.6933763935189319               13
   4.5932626014720208        6.6005340781506927               14
   9.8398844000775600        3.9516000206812931               15
  0.55387073918370966        8.8592772683706862               16
   7.0727852277343226        7.2975607276300387               17
   9.1821025385618213        6.6424357919526180               18
   9.8466604521403838        7.8377401860506728               19
   9.2062739916789003        9.6389628056361865               20
   1.2532300965521077       0.81225667838502191                1
   4.1556187576414212        3.0807045705344325                2
   8.1499818113276969        9.4626859584524716                3
   8.6774212958017802        2.1703153198630520                4
   7.6847203472587813        1.9640081368573645                5
  0.68210125461495441        1.9424591543863234                6
   2.2520018814107203        4.5489513892087681                7
   3.3498768171025688        1.1791228963032312                8
   6.6507853084668884        1.8179633400797013                9
   2.2061919218022927        1.4790034955066840               10
  0.59527681695219592        6.5743954307479155               11
   4.2995255787107256        7.6507132464437113               12
   2.7987452375632045        6.7604251006307248               13
   4.5592937622864085        6.6580109080492642               14
   9.8630647257541337        3.9515542687379046               15
  0.54173301591238510        8.8200667941410416               16
   7.0867854914381745        7.2778952962869132               17
   9.2935324124988199        6.6064555717961309               18
   9.8106780143867116        7.7416578804927569               19
   9.1821261187350895        9.6593048123996699               20
   1.3029019529752168       0.94186210460550768                1
   4.0354077717162058        3.1273171660409931                2
   8.1768268305143952        9.3803726310516318                3
   8.7068625350544941        2.1175189248694268                4
   7.6620452102406036        1.9533907821778231                5
  0.70548798043931105        1.8843041533880698                6
   2.1939297143093910        4.5470903168932981                7
   3.2990501097535860        1.1100680719680136                8
   6.6267796975426867        1.7636545263569117                9
   2.2730982573999290        1.4591955530393941               10
  0.54210848077383900        6.6258487770391499               11
   4.2961986138761548        7.6596297218607434               12
   2.7000960772869478        6.8279326655465233               13
   4.5362048557653649        6.6679534389351147               14
   9.8862790118895738        3.9509737434546484               15
  0.52262124084638384        8.7758210132415151               16
   7.1010019672723086        7.2583070836633468               17
   9.4157340700029479        6.5777057425422907               18
   9.7787873011383439        7.6406909025349323               19
   9.1873667096322329        9.6832702269542281               20
   1.3520978134566606        1.0615461231847192                1
   3.9147854547443921        3.1735538338299953                2
   8.1798015788137679        9.2910675254631165                3
   8.7635914922324574        2.0691675405601275                4
   7.6394027615312563        1.9429361715260305                5
  0.72546541954292409        1.8325561727767874                6
   2.1358435031519374        4.5453296067217339                7
   3.2614423120097995        1.0361781824890863                8
   6.5764211049902457        1.7045666846425007                9
   2.3298667628752456        1.4482335080551287               10
  0.49338035287247678        6.6849720782797508               11
   4.2790477007232237        7.7197569673560551               12
   2.6032885813008733        6.8957382394322062               13
   4.5247816087669293        6.6261785345006690               14
   9.9095847068572844        3.9499798653899512               15
  0.49736033413779268        8.7269957186333329               16
   7.1154090357112727        7.2388430178558760               17
   9.5282628138723524        6.5442834311894673               18
   9.7559317390984504        7.5434877387028880               19
   9.2191210339534315        9.7124939024346268               20
   1.4245648884172024        1.1073188038821822                1
   3.7936935391323274        3.2195132929026191                2
   8.1812354232050399        9.2010616024907854                3
   8.8207491428586096        2.0207619506674939                4
   7.6267405304369280        1.9343455283397644                5
  0.69507349424539167        1.8427114405199125                6
   2.0777382630215504        4.5435755057015372                7
   3.2704243832074384       0.94123485236330007                8
   6.5167177660691928        1.6434272885370169                9
   2.3662757046696465        1.4708610222052780               10
  0.54642099002229716        6.7617538781065791               11
   4.2600358102804874        7.7834648693809037               12
   2.5076349434217642        6.9637189903717100               13
   4.5136194404751064        6.5804832133014513               14
   9.9330532514326375        3.9486633246404286               15
  0.46652512497298532        8.6739664896043482               16
   7.1300123816723655        7.2195536446260231               17
   9.5294383809356304        6.4518724805294827               18
   9.7461301026885234        7.4938968348275372               19
   9.2549002716905058        9.7406371268861864               20
   1.4725784083351485        1.0948166138303850                1
   3.6720674465785126        3.2652599414083308                2
   8.1895546443208946        9.1141028692334363                3
   8.8714602079419418        1.9716665138953020                4
   7.6183540406860448        1.9252633746647168                5
  0.63218839442332186        1.8878421854275715                6
   2.0196095737940309        4.5417296886301273                7
   3.3069852425491524       0.83068468339881807                8
   6.4605242753406422        1.5831835298828270                9
   2.4309091218680430        1.5329783007060178               10
  0.64507168555076944        6.8419655675006297               11
   4.2419690870043256        7.8390030174042993               12
   2.4123826218371498        7.0317802117815456               13
   4.5003314078183658        6.5427249862829049               14
   9.9567625978892860        3.9470515491729032               15
  0.43018642474902730        8.6162377819146911               16
   7.1448532909466937        7.2004864019958834               17
   9.4877339513642038        6.3272474081755350               18
   9.7374099342996807        7.4799200506733134               19
   9.2861491977712536        9.7638347607658016               20
   1.4918657893881420        1.0714934319440179                1
   3.5497797559752540        3.3107975465035313                2
   8.2053207824010812        9.0309076213475379                3
   8.9152910687729143        1.9220522629371235                4
   7.6109460852954571        1.9141359542937739                5
  0.57054672288501496        1.9314509740262817                6
   1.9614435785886217        4.5396533421354279                7
   3.3439816781686651       0.71974763223431115                8
   6.4121028200540406        1.5252056430878072                9
   2.5209286568341045        1.6085549150407736               10
  0.74115370734062158        6.9187973978674355               11
   4.2248324437270002        7.8867865011499489               12
   2.3164360276005511        7.0998142807842131               13
   4.4852250954952160        6.5125587779917344               14
   9.9808124776455518        3.9451391146041863               15
  0.38811477114421167        8.5524926278316311               16
   7.1599917853506385        7.1816891144858790               17
   9.4535238110017037        6.2106445896987426               18
   9.7286984789088251        7.4695733396665132               19
   9.3121837407037287        9.7812416659746670               20
   1.5088898206920298        1.0552076152944123                1
   3.4266255461678616        3.3560285518677957                2
   8.2275157960997127        8.9512065079678376                3
   8.9535875780469478        1.8721895413654051                4
   7.6035160897825183        1.9003382033010949                5
  0.51314887088980798        1.9696350562573679                6
   1.9032310531795247        4.5371648122246926                7
   3.3748394452677619       0.61473728341341838                8
   6.3718981328126016        1.4698688345127866                9
   2.6127220365103145        1.6775281840403797               10
  0.83179248089149882        6.9977503080610441               11
   4.2083358429028550        7.9284277911233003               12
   2.2178831115447304        7.1676193826767562               13
   4.4687678416570513        6.4884556729866825               14
   5.3213248060082208E-003   3.9429200845433074               15
  0.34034042736950987        8.4812203788146014               16
   7.1755135978535449        7.1632091021092652               17
   9.4252946881351285        6.1041677880667846               18
   9.7261767052958152        7.4569568364898826               19
   9.3338766095889731        9.7930620953492191               20
   1.5285617292258529        1.0474455729088166                1
   3.3023317032925217        3.4007320852529661                2
   8.2551125269407795        8.8744648475455019                3
   8.9882620401934243        1.8223963001486838                4
   7.5957256003303888        1.8836991511162469                5
  0.45785007660361621        2.0032500020962010                6
   1.8449601768943662        4.5340648502286287                7
   3.4002824084789514       0.51626895914514825                8
   6.3393267697331916        1.4171758576155278                9
   2.7019140550886385        1.7371900027763649               10
  0.91843701061819605        7.0822089776305708               11
   4.1922823797031645        7.9652387601631967               12
   2.1134496991062273        7.2348227066898261               13
   4.4513082648606339        6.4691684476886415               14
   3.0440432374772897E-002   3.9404315047447689               15
  0.28839674177809616        8.4024380605201845               16
   7.1914780841162633        7.1451037317099271               17
   9.4004554448887649        6.0049677500316250               18
   9.7327056388137176        7.4417971287111353               19
   9.3520939386654938        9.7997866306025685               20
   1.5507229550449093        1.0464429894432679                1
   3.1766222450371986        3.4446371146471710                2
   8.2873417176249884        8.8001646541111960                3
   9.0214486041290805        1.7730442913695894                4
   7.5873445008148952        1.8642011667384835                5
  0.40210476179832333        2.0332912121486659                6
   1.7866461069951476        4.5300822295334955                7
   3.4220297240550046       0.42308830348306325                8
   6.3136810572201130        1.3670323674774341                9
   2.7883543789878096        1.7897638661036699               10
  0.99824148456213058        7.1732938259675905               11
   4.1765511974748835        7.9981750550733031               12
   2.0046065787229450        7.3016698836958946               13
   4.4330897254418664        6.4537924715576649               14
   5.6358467352837137E-002   3.9377324174806989               15
  0.23981426011175405        8.3255206981546284               16
   7.2079419949368617        7.1274336230743556               17
   9.3776758556820425        5.9107118861825558               18
   9.7434370645694912        7.4155538112906720               19
   9.3674597633576493        9.8019767566536249               20
   1.5748115287949305        1.0504589198641079                1
   3.0492466631900235        3.4875568963824155                2
   8.3236744594227794        8.7278544506508791                3
   9.0553974845490242        1.7246259332602727                4
   7.5780804891359566        1.8418738461492761                5
  0.34349445162037584        2.0603153844312092                6
   1.7283167009818934        4.5248399442074287                7
   3.4413853717990892       0.33374083313928243                8
   6.2943743755526436        1.3193431439185277                9
   2.8723215477898423        1.8378954193166384               10
  0.98846683574039740        7.2612416168642921               11
   4.1610587686446205        8.0279418606030504               12
   1.9726450142516143        7.3784860146528475               13
   4.4142809658785289        6.4416762572553390               14
   8.3319053574153423E-002   3.9349153690331424               15
  0.21176385175919049        8.2780000358968131               16
   7.2249662538646566        7.1102599679659271               17
   9.3563394117363110        5.8199207304632150               18
   9.7432117842342851        7.3514357192456767               19
   9.3804151536124820        9.8001835777471751               20
   1.6004100669846300        1.0581493373185038                1
   2.9199231999362674        3.5295069822393375                2
   8.3637503714439472        8.6571426877811053                3
   9.0923271271051576        1.6778072260837442                4
   7.5675296857376582        1.8167595435841901                5
  0.27985123383268706        2.0844100160458066                6
   1.6700195879723667        4.5178004594263230                7
   3.4591881637552313       0.24704814918512152                8
   6.2809925943621057        1.2740472343769880                9
   2.9540183027301001        1.8836830661951096               10
  0.86813525664198155        7.3440625054517046               11
   4.1456911098789373        8.0550631468009453               12
   2.0373560152069259        7.4674002733591731               13
   4.3949867331146031        6.4323497111948829               14
  0.11167668277491254        3.9321214890137139               15
  0.20432440573633812        8.2583069353324383               16
   7.2426212454659424        7.0936424213244109               17
   9.3362520642484590        5.7319541602733226               18
   9.7332720146674152        7.2514127179076189               19
   9.3913420267500047        9.7948551550135683               20
   1.6272403336229193        1.0685207545698960                1
   2.7882458295096262        3.5708733523500245                2
   8.4073337800865122        8.5876993602513743                3
   9.1337666303907898        1.6332584689321064                4
   7.5551670060588414        1.7888877264084853                5
  0.20986676324204681        2.1054305848608994                6
   1.6118331018945691        4.5081726208599040                7
   3.4759781615572996       0.16213009850946014                8
   6.2732849288347783        1.2311286527426288                9
   3.0335393647682434        1.9285232292990622               10
  0.74997302637573404        7.4227000998063764               11
   4.1302730534072820        8.0799416843759868               12
   2.1009101187260564        7.5565472106092741               13
   4.3752662368865618        6.4254710259640326               14
  0.14191397772448033        3.9295769273917367               15
  0.19491243776054162        8.2484938359388220               16
   7.2609866211160474        7.0776370000954403               17
   9.3174846294245501        5.6467232526829152               18
   9.7211891412853131        7.1444476496194289               19
   9.4006004678863615        9.7863169795006453               20
   1.6551125673581175        1.0808537906117526                1
   2.6534969368654995        3.6125448427119982                2
   8.4543541339899075        8.5192423602082226                3
   9.1779049215330506        1.5903480233829694                4
   7.5403551698520417        1.7582531262450243                5
  0.13568811316415683        2.1243545113145545                6
   1.5538868409479858        4.4947877025950129                7
   3.4921103300935563        7.8293096990029856E-002           8
   6.2711622586089737        1.1906267238731074                9
   3.1109443130546319        1.9731698789175964               10
  0.70002861228213942        7.4389159607854882               11
   4.1145986147133158        8.1029221075890874               12
   2.1574224101593580        7.6452512154211067               13
   4.3551607579050691        6.4207835483848212               14
  0.17471279561030895        3.9276436594706472               15
  0.13589217353413766        8.3012163159138179               16
   7.2801483536090643        7.0622947090016579               17
   9.3001875658402593        5.5642887300549067               18
   9.6941713348803251        7.0368806434966826               19
   9.4085251287695399        9.7747668646604957               20
   1.6838807437035033        1.0946362504920844                1
   2.5144751605070064        3.6559630433707992                2
   8.5052839226895074        8.4515181311304541                3
   9.2131025939549449        1.5423748421632364                4
   7.5223755249966624        1.7247869230330997                5
   6.9288425308522014E-002   2.1480642945072295                6
   1.4963423958021698        4.4760471443735712                7
   3.5078144909430775        9.9949610843790655                8
   6.2747419121666157        1.1526626880835511                9
   3.1863515782422827        2.0178903729308026               10
  0.69479599639479050        7.4149807273300778               11
   4.0984235036505510        8.1243348237155928               12
   2.2095023503688163        7.7335446871061952               13
   4.3346897402967466        6.4180875651684701               14
  0.21108492067100798        3.9268811594657964               15
   4.2337392828956849E-002   8.3943498403689176               16
   7.3002149672929413        7.0476620409651032               17
   9.2845556861747269        5.4848266766999565               18
   9.6570512155403208        6.9290075696870224               19
   9.4156485334511668        9.7598152435184211               20
   1.7134139478968242        1.1095165294040323                1
   2.3696075592287982        3.7028296596353840                2
   8.5615326230682047        8.3844512082008613                3
   9.2242971770657221        1.4773282727203771                4
   7.5004762512690943        1.6883164040351775                5
   2.6005810905248138E-002   2.1886489802042344                6
   1.4391063449535162        4.4499801641028149                7
   3.5232628129803625        9.9116019682766865                8
   6.2843540289193696        1.1174525555960380                9
   3.2599705438912663        2.0626626210239074               10
  0.68790514805713432        7.3934556539088909               11
   4.0814417496273361        8.1445390257623345               12
   2.2588128773864780        7.8213768584822443               13
   4.3138555873603810        6.4172243289468955               14
  0.25249920131245612        3.9280714705695217               15
   9.9446230576826711        8.4843559636834378               16
   7.3213140289195104        7.0337760994535437               17
   9.2708197073091192        5.4086314408408960               18
   9.6219429687396740        6.8230173638341407               19
   9.4228173506240314        9.7401158366684868               20
   1.7435905496516741        1.1252585236402359                1
   2.2198911248480244        3.7525757287200658                2
   8.6254971843143764        8.3184864478238989                3
   9.2212585472075244        1.4000463865913828                4
   7.4738671316634724        1.6485353134438347                5
   9.9963067984256799        2.2413026810385790                6
   1.3791603933811443        4.4168434433989212                7
   3.5385987032436050        9.8276274956223162                8
   6.3005569548008822        1.0853222159408777                9
   3.3320670984388872        2.1073342622700242               10
  0.67190086758973089        7.3750912097115560               11
   4.0632533949810830        8.1639785333873771               12
   2.3067192937045320        7.9088290055304258               13
   4.2926826183795788        6.4180721790407400               14
  0.30059615290684716        3.9320159859011019               15
   9.8420125680217350        8.5718619042866884               16
   7.3435686387345749        7.0206633476716993               17
   9.2592523940080547        5.3361237530531005               18
   9.5923592268062432        6.7188842967916234               19
   9.4310168583024243        9.7134569883459054               20
   1.7743059163135608        1.1416942262121155                1
   2.0878126205069867        3.7874511266822464                2
   8.6983727025739359        8.2545803261658950                3
   9.2185695281837940        1.3229144392259329                4
   7.4416753304575334        1.6050421982547336                5
   9.9658755124577265        2.2936094554935393                6
   1.2960125846365986        4.3958986561454614                7
   3.5539977779086991        9.7422965044792083                8
   6.3240415441266364        1.0566714044406165                9
   3.4029150398731911        2.1517768431307154               10
  0.64713600745379674        7.3570573294451220               11
   4.0433162710094814        8.1832655269117662               12
   2.3544765684926823        7.9960941306304045               13
   4.2711917636271028        6.4205316096583704               14
  0.35291992825457785        3.9374661514949971               15
   9.7322929540158416        8.6587882641850040               16
   7.3670779074302315        7.0083195296280083               17
   9.2501665501877781        5.2678488467591986               18
   9.5681308662325879        6.6156618852480049               19
   9.4399668478802141        9.6802985448794505               20
   1.8054732860235285        1.1586987090485037                1
   2.0121533029188297        3.7773235139133434                2
   8.7665038826637627        8.1878585471322403                3
   9.2199423981027682        1.2501465702444519                4
   7.4033521960920110        1.5575949629227002                5
   9.9313356070284531        2.3412747143011039                6
   1.1936254388826870        4.4401688419964866                7
   3.5696641939961351        9.6545382992121560                8
   6.3551691283542624        1.0317509665364117                9
   3.4727302461925231        2.1959539241589239               10
  0.61479615229670315        7.3375988186876935               11
   4.0208699307644862        8.2033171740148312               12
   2.4033083471356438        8.0834395250127837               13
   4.2494013217944335        6.4245175609717968               14
  0.36623712183858192        3.9216131809140466               15
   9.6381540369712315        8.7149228420916209               16
   7.3919049534963630        6.9967047124434147               17
   9.2439342448620341        5.2044741186831436               18
   9.5482505185037052        6.5121927007765095               19
   9.4395456359177015        9.6781346128690604               20
   1.8370186074257024        1.1761841787848173                1
   1.9596054527683873        3.7469627500759950                2
   8.7890343203068575        8.0922905332044657                3
   9.2250773505994932        1.1810554492287697                4
   7.3612617610680804        1.5074251207436891                5
   9.8934475172464307        2.3846874141137264                6
   1.1528446401499146        4.5581373431167114                7
   3.5858425534805676        9.5626858853599419                8
   6.3913810683228105        1.0093485787888394                9
   3.5416505922532791        2.2399052150230498               10
  0.57574462535748716        7.3159967151050678               11
   3.9948149639746235        8.2255798676748615               12
   2.4545193123096163        8.1711987616721338               13
   4.2273275345455934        6.4299518789364987               14
  0.29244169039867318        3.8510197031433711               15
   9.6108942496874388        8.7078280800034964               16
   7.4181340547317358        6.9857990535639907               17
   9.2410329649943428        5.1466850426114252               18
   9.5316622214578004        6.4072929606892997               19
   9.4187141849699056        9.7671470609515048               20
