   1.0000000000000000        1.0000000000000000        1.0000000000000000        1.0000000000000000        1.0000000000000000        1.0000000000000000        1.0000000000000000        1.0000000000000000        1.0000000000000000        1.0000000000000000        1.0000000000000000        1.0000000000000000        1.0000000000000000        1.0000000000000000        1.0000000000000000        1.0000000000000000        1.0000000000000000        1.0000000000000000        1.0000000000000000        1.0000000000000000     
  0.79030973939393556        1.2205897177944272        1.0515832584684190        1.1449096319234664        1.1031268687678066        1.4563870884849237        2.0029911346643705       0.37589126811472306        1.1614135033993782        1.1539670814033072       0.64892689797420966        2.0935935687998417        1.1784838748957249        1.7748492817839285        1.1367995313974906        1.3753588081275139       0.93466676900181811        1.5232710090869179        1.4908591738111314        1.4458331495978631     
  0.73189504855861787        2.0874902972751941       0.91472503287514628       0.95554259509111295        1.8675887306832812        2.3190413072058718       0.50712809763171673        1.4896325588479351        1.0450923919098618        1.0643810363750199        1.4526043427256692        1.3882664738707664        1.4792687622403833       0.44713315543094373        1.4227465418486485        1.1983430411235583       0.93162444945513034       0.85799733298617731        1.6647025245113500        1.2024137760771412     
   1.4452396415869582       0.61509964336220313       0.97522235361660559        1.1823989208348131        1.3165912940288085        2.1514636500534050        1.7950503752524836       0.81624169705151928       0.54005023445510791        1.0728540343789490        1.3672241579883913        1.5086164591951927       0.64490745270302596       0.87617343302569872        2.1669604123349910       0.25242942950660174        1.3852831171007784       0.99040420090106851        1.1582777916873013        8.0590732802388834E-002
  0.87059438329990690        1.1712172688412030        1.2760628953765507       0.53565908331054501        1.5278822675681585        1.9207427845378751        1.3795365451941362       0.73375982859693756       0.48510411479238164        1.4051154973387132        1.3062495749070693        1.7312607336235399       0.49833301028559940       0.96754246529034615        1.6719560558415358        1.6341142280948984        1.3303818192403556        1.9620732130410183        1.1937250419894450       0.59438226233936997     
   1.8155385240992896        1.4247472872223148       0.50311840810362873       0.20266592348292464       0.75608000901796202        1.4319611738870301        1.2293242524181596       0.68926196392572414       0.94772109881140099       0.72503542516233144        1.1679191830142859        1.0211666268187312       0.49390942024864409        1.4176105710828035        1.4586669886312669        1.5463084561271045       0.61540841424935577        2.1676732449444236       0.94594816435353213        2.5274348316013966     
   1.5916916231173428       0.93234912647218371       0.45392202559223460       0.11647885218635104       0.57091502642436798        2.6599900277366415        1.3377585251886774        1.0040829775337625       0.55204258822192498       0.91698805070708100        1.3002423330530446       0.51806524754169336       0.92935273133479968        1.2249110137149273       0.43219673046295431        2.4225253748204985       0.73925260542559967        1.4030910960624641       0.89563282918763476        1.1779273626957443     
  0.56035376933929826        1.5973925166748146       0.44142545416494644        3.6983836929696826E-002   1.6874329312494323        2.3178014224118386        1.6760369336768133        1.4739258852199388        1.7802194924203090       0.45057485755022730       0.34633064571341421       0.82672427126937775       0.29813136353684994       0.94875646564166072       0.77129778934028259       0.66162886915143160       0.94214786933944017        2.2158783124788397       0.53390023022898314        1.6448779284385502     
   1.0967288741554968        1.7601029676888542       0.46385645372208617       0.18729567100192060        2.1143916565310401        1.3718324171348211        1.0123544158799158       0.46811812194849267        1.8388086949682192       0.86620225330857015       0.45724306437872042       0.62625628221666885        1.5099461749225285        1.3737544757108677       0.59331846175370018        1.2442311152894918       0.29223992119598829        1.8416855232738392        2.1360266910060974        1.6858113306228257     
   1.0786481636732816        1.7225020604500800        2.7156161964516423        1.7607772969045972       0.70614177034309489        1.4538492556151039       0.55306764211305282        1.3359856674299808       0.79629778133466012       0.41546467423917638       0.84595632219437689       0.77608347398616695       0.54071348092823046       0.21274360592758951       0.93193162322010259        1.5131683314559199        1.0775524784793802        1.5558147280552579        1.6526420059069709        1.4218644833531080     
   1.7037344653466560        1.7178791242449964        2.5409874322386465        1.3298087955868501       0.77061574807464972       0.87093056622068343       0.47553945995192859        1.2010043224012650        1.2020908622173696       0.40255269056159393       0.65889547597307596       0.37925967240731667       0.90298383584842590       0.14878601564780541       0.81333761139661342       0.94974790322074143       0.60259692342375881        1.4697964363212388        1.9564467604956186        1.2455795105613368     
   1.0781807273699102        1.7853033300321235       0.66601820276906576       0.61770080015061823       0.86275658028806412       0.38084465049666250       0.50786227201611156       0.88616763963921130        1.0746111110045644       0.35970573659116978       0.50657103412302884        1.2769879957352128       0.48155702452207233        1.4456037427837181        2.7315748671687805       0.27855287793800843       0.51277143336982078        1.6721014290393468        1.6811399796671147        1.4871182942332943     
   2.1773295469308667        1.7662479314068360        1.1300229519767950       0.87451188530075119       0.92445677998317843       0.69842015959866421       0.49558631999614089       0.83552358340610122       0.94858438457386840       0.40408521460111185        1.2213058554646816       0.89922821798846087       0.75626911016778986        2.0144297324266862        3.2239807346014251        1.1538052925350875       0.35398096696806242       0.90405284817515519        1.2764646097942720        2.3910026100842394     
  0.42833512039191646       0.92887833437040679        1.9429354616505956        1.4460504498091027        1.2584215427774390       0.85918629711567063       0.54495154152315850        1.1493089516642989       0.90188381337689838       0.46310214001879962        1.2260306251812825       0.33899416438481395        1.3507615431093192        1.3151418498918115        3.5021879113016072       0.35782799955392830        1.0192412444126326        1.7801348912759796       0.80564808650973718        1.4963349978321361     
  0.87794215638051509       0.49225394672006134        1.9321870234163268        1.1125477547931364        2.1088414770348458       0.96780808510720961       0.67464604049468291        1.0313595757698080        1.2365301448442982       0.12466639604313988        2.2092848144671891       0.70410666247740794       0.36170993228392245       0.17850929731054699        3.6487459105611371       0.94640601969648486        1.5504882249402652        1.0907312182723095       0.86767017188869133        1.8885250941193934     
   1.1977299931217831       0.37357037392403791        2.4790113355577890        1.6012639951634564        1.5463255063781165        1.3953806978207082       0.53271006316847624       0.33864978203777568        2.0111026104344156       0.23338319065577687        1.3827841573638231        1.1326881029758802       0.47471714787333485       0.57352612970365702        3.0284683859160619       0.67891511135301297       0.74707410527398632        1.5552509677490574        1.4668076088942268        1.7587469381845435     
  0.84790892618396185       0.35423493156917862        1.0979870702815200       0.91334826548800585        1.6178533281990966        1.1738478302139888        1.3740559308121207       0.53780780802778971       0.92995160835770829        1.4098215026949468        1.7628652811258276       0.74496534055109154        1.9079343222481022        1.2811039189093689        2.9869081942518920       0.93268366635729327        1.5472550755356611        1.1477653182075307        1.1076755167958927        2.6600133033754769     
