        3600  -7200.0000000000000     
        3600  -7200.0000000000000     
        3600  -7200.0000000000000     
        3600  -7200.0000000000000     
        3600  -7200.0000000000000     
        3600  -7200.0000000000000     
        3600  -7200.0000000000000     
        3600  -7200.0000000000000     
        3600  -7200.0000000000000     
        3600  -7200.0000000000000     
        3600  -7200.0000000000000     
        3600  -7200.0000000000000     
        3600  -7200.0000000000000     
        3600  -7200.0000000000000     
        3600  -7200.0000000000000     
        3600  -7200.0000000000000     
        3600  -7200.0000000000000     
