       10000  -20000.000000000000     
       10000  -20000.000000000000     
       10000  -20000.000000000000     
       10000  -20000.000000000000     
       10000  -20000.000000000000     
       10000  -20000.000000000000     
       10000  -20000.000000000000     
       10000  -20000.000000000000     
       10000  -20000.000000000000     
       10000  -20000.000000000000     
       10000  -20000.000000000000     
       10000  -20000.000000000000     
       10000  -20000.000000000000     
       10000  -20000.000000000000     
       10000  -20000.000000000000     
       10000  -20000.000000000000     
       10000  -20000.000000000000     
