           2   1.0000000000000000     
           3   1.0000000000000000     
           4   2.0000000000000000     
           5   2.0000000000000000     
           6   2.0000000000000000     
           7   3.0000000000000000     
           8   4.0000000000000000     
           9   4.0000000000000000     
          10   4.0000000000000000     
          11   4.0000000000000000     
          12   4.0000000000000000     
          13   4.0000000000000000     
          14   4.0000000000000000     
          15   4.0000000000000000     
          16   4.0000000000000000     
          17   5.0000000000000000     
          18   5.0000000000000000     
          19   5.0000000000000000     
          20   5.0000000000000000     
          21   5.0000000000000000     
          22   5.0000000000000000     
          23   5.0000000000000000     
          24   5.0000000000000000     
          25   5.0000000000000000     
          26   5.0000000000000000     
          27   5.0000000000000000     
          28   5.0000000000000000     
          29   5.3851648071345037     
          30   5.8309518948453007     
          31   6.4031242374328485     
          32   6.4031242374328485     
          33   6.7082039324993694     
          34   6.7082039324993694     
          35   6.7082039324993694     
          36   6.7082039324993694     
          37   7.0710678118654755     
          38   7.6157731058639087     
          39   8.0622577482985491     
          40   8.0622577482985491     
          41   8.0622577482985491     
          42   8.9442719099991592     
          43   8.9442719099991592     
          44   8.9442719099991592     
          45   8.9442719099991592     
          46   9.8488578017961039     
          47   9.8488578017961039     
          48   9.8488578017961039     
          49   10.770329614269007     
          50   10.770329614269007     
          51   10.770329614269007     
          52   11.704699910719626     
          53   11.704699910719626     
          54   11.704699910719626     
          55   12.649110640673518     
          56   12.649110640673518     
          57   12.649110640673518     
          58   12.649110640673518     
          59   12.649110640673518     
          60   12.649110640673518     
          61   12.649110640673518     
          62   12.649110640673518     
          63   12.649110640673518     
          64   12.649110640673518     
          65   12.649110640673518     
          66   13.152946437965905     
          67   13.152946437965905     
          68   13.152946437965905     
          69   13.152946437965905     
          70   13.152946437965905     
          71   13.152946437965905     
          72   13.152946437965905     
          73   13.152946437965905     
          74   13.152946437965905     
          75   13.152946437965905     
          76   13.152946437965905     
          77   13.152946437965905     
          78   13.152946437965905     
          79   13.152946437965905     
          80   13.152946437965905     
          81   13.152946437965905     
          82   13.152946437965905     
          83   13.152946437965905     
          84   13.152946437965905     
          85   13.152946437965905     
          86   13.152946437965905     
          87   13.152946437965905     
          88   13.152946437965905     
          89   14.142135623730951     
          90   14.142135623730951     
          91   14.142135623730951     
          92   14.142135623730951     
          93   14.142135623730951     
          94   15.132745950421556     
          95   15.132745950421556     
          96   15.132745950421556     
          97   15.132745950421556     
          98   15.132745950421556     
          99   15.132745950421556     
         100   15.132745950421556     
         101   16.124515496597098     
         102   16.124515496597098     
         103   16.124515496597098     
         104   16.124515496597098     
         105   16.278820596099706     
         106   16.278820596099706     
         107   16.278820596099706     
         108   16.278820596099706     
         109   16.278820596099706     
         110   16.278820596099706     
         111   16.278820596099706     
         112   16.278820596099706     
         113   16.492422502470642     
         114   16.492422502470642     
         115   17.464249196572979     
         116   17.720045146669349     
         117   17.720045146669349     
         118   17.720045146669349     
         119   18.439088914585774     
         120   18.439088914585774     
         121   18.439088914585774     
         122   18.439088914585774     
         123   18.439088914585774     
         124   18.439088914585774     
         125   18.439088914585774     
         126   18.439088914585774     
         127   18.439088914585774     
         128   18.439088914585774     
         129   19.416487838947599     
         130   19.416487838947599     
         131   19.416487838947599     
         132   19.416487838947599     
         133   20.223748416156685     
         134   20.223748416156685     
         135   20.223748416156685     
         136   20.223748416156685     
         137   20.396078054371138     
         138   20.396078054371138     
         139   20.396078054371138     
         140   21.377558326431949     
         141   21.377558326431949     
         142   21.377558326431949     
         143   21.377558326431949     
         144   21.377558326431949     
         145   21.377558326431949     
         146   21.377558326431949     
         147   21.377558326431949     
         148   21.377558326431949     
         149   21.377558326431949     
         150   21.377558326431949     
         151   21.377558326431949     
         152   21.377558326431949     
         153   21.377558326431949     
         154   21.377558326431949     
         155   21.377558326431949     
         156   21.377558326431949     
         157   21.377558326431949     
         158   21.377558326431949     
         159   21.377558326431949     
         160   21.377558326431949     
         161   21.377558326431949     
         162   21.377558326431949     
         163   21.377558326431949     
         164   21.377558326431949     
         165   21.377558326431949     
         166   21.377558326431949     
         167   21.377558326431949     
         168   21.377558326431949     
         169   21.377558326431949     
         170   21.377558326431949     
         171   21.377558326431949     
         172   21.377558326431949     
         173   21.377558326431949     
         174   21.377558326431949     
         175   21.377558326431949     
         176   21.377558326431949     
         177   21.377558326431949     
         178   21.377558326431949     
         179   21.377558326431949     
         180   21.377558326431949     
         181   22.360679774997898     
         182   22.360679774997898     
         183   22.360679774997898     
         184   22.360679774997898     
         185   22.360679774997898     
         186   22.360679774997898     
         187   23.194827009486403     
         188   23.194827009486403     
         189   23.194827009486403     
         190   23.194827009486403     
         191   23.194827009486403     
         192   23.194827009486403     
         193   23.194827009486403     
         194   23.345235059857504     
         195   23.345235059857504     
         196   24.331050121192877     
         197   24.331050121192877     
         198   24.331050121192877     
         199   24.331050121192877     
         200   24.331050121192877     
         201   24.331050121192877     
         202   24.331050121192877     
         203   24.331050121192877     
         204   24.331050121192877     
         205   24.331050121192877     
         206   24.331050121192877     
         207   24.331050121192877     
         208   25.317977802344327     
         209   25.317977802344327     
         210   25.317977802344327     
         211   25.317977802344327     
         212   25.495097567963924     
         213   26.305892875931811     
         214   26.305892875931811     
         215   26.305892875931811     
         216   26.305892875931811     
         217   26.305892875931811     
         218   26.305892875931811     
         219   26.305892875931811     
         220   26.305892875931811     
         221   26.305892875931811     
         222   26.305892875931811     
         223   26.305892875931811     
         224   26.305892875931811     
         225   26.305892875931811     
         226   26.305892875931811     
         227   27.294688127912362     
         228   27.294688127912362     
         229   28.284271247461902     
         230   28.284271247461902     
         231   28.284271247461902     
         232   28.284271247461902     
         233   28.284271247461902     
         234   28.284271247461902     
         235   28.284271247461902     
         236   28.284271247461902     
         237   28.284271247461902     
         238   28.284271247461902     
         239   28.284271247461902     
         240   28.284271247461902     
         241   28.284271247461902     
         242   28.284271247461902     
         243   29.274562336608895     
         244   30.265491900843113     
         245   30.265491900843113     
         246   30.265491900843113     
         247   30.265491900843113     
         248   31.256999216175569     
         249   31.256999216175569     
         250   31.256999216175569     
         251   31.256999216175569     
         252   31.256999216175569     
         253   31.256999216175569     
         254   31.256999216175569     
         255   32.249030993194197     
         256   32.388269481403292     
         257   32.557641192199412     
         258   32.557641192199412     
         259   32.557641192199412     
         260   32.557641192199412     
         261   32.557641192199412     
         262   32.557641192199412     
         263   32.557641192199412     
         264   32.557641192199412     
         265   32.557641192199412     
         266   32.557641192199412     
         267   32.557641192199412     
         268   32.557641192199412     
         269   32.557641192199412     
         270   32.557641192199412     
         271   32.557641192199412     
         272   32.557641192199412     
         273   32.557641192199412     
         274   32.557641192199412     
         275   32.557641192199412     
         276   33.541019662496844     
         277   33.541019662496844     
         278   33.541019662496844     
         279   33.541019662496844     
         280   33.541019662496844     
         281   33.541019662496844     
         282   33.541019662496844     
         283   33.541019662496844     
         284   33.541019662496844     
         285   33.541019662496844     
         286   33.541019662496844     
         287   33.541019662496844     
         288   33.541019662496844     
         289   33.541019662496844     
         290   33.541019662496844     
         291   33.541019662496844     
         292   33.541019662496844     
         293   33.541019662496844     
         294   34.525353003264136     
         295   34.525353003264136     
         296   34.525353003264136     
         297   34.525353003264136     
         298   34.525353003264136     
         299   35.510561809129406     
         300   35.510561809129406     
         301   35.510561809129406     
         302   36.496575181789318     
         303   36.496575181789318     
         304   36.496575181789318     
         305   36.496575181789318     
         306   36.496575181789318     
         307   36.496575181789318     
         308   36.496575181789318     
         309   36.496575181789318     
         310   36.496575181789318     
         311   36.496575181789318     
         312   36.496575181789318     
         313   36.496575181789318     
         314   36.496575181789318     
         315   36.496575181789318     
         316   36.496575181789318     
         317   36.496575181789318     
         318   36.496575181789318     
         319   36.496575181789318     
         320   36.496575181789318     
         321   37.483329627982627     
         322   37.483329627982627     
         323   37.483329627982627     
         324   37.483329627982627     
         325   37.483329627982627     
         326   37.483329627982627     
         327   37.483329627982627     
         328   37.483329627982627     
         329   37.483329627982627     
         330   37.483329627982627     
         331   37.483329627982627     
         332   37.483329627982627     
         333   37.483329627982627     
         334   37.483329627982627     
         335   37.483329627982627     
         336   37.483329627982627     
         337   37.483329627982627     
         338   37.483329627982627     
         339   37.483329627982627     
         340   37.483329627982627     
         341   37.483329627982627     
         342   37.483329627982627     
         343   37.483329627982627     
         344   37.483329627982627     
         345   37.483329627982627     
         346   37.483329627982627     
         347   37.483329627982627     
         348   37.483329627982627     
         349   37.483329627982627     
         350   37.483329627982627     
         351   37.483329627982627     
         352   37.483329627982627     
         353   37.483329627982627     
         354   37.483329627982627     
         355   37.483329627982627     
         356   37.483329627982627     
         357   37.483329627982627     
         358   37.483329627982627     
         359   37.483329627982627     
         360   38.118237105091836     
         361   38.118237105091836     
         362   38.118237105091836     
         363   38.118237105091836     
         364   38.118237105091836     
         365   38.118237105091836     
         366   38.118237105091836     
         367   38.118237105091836     
         368   38.118237105091836     
         369   38.118237105091836     
         370   38.118237105091836     
         371   38.118237105091836     
         372   38.118237105091836     
         373   38.118237105091836     
         374   38.118237105091836     
         375   38.118237105091836     
         376   38.118237105091836     
         377   38.118237105091836     
         378   38.118237105091836     
         379   38.118237105091836     
         380   38.118237105091836     
         381   38.118237105091836     
         382   38.118237105091836     
         383   38.118237105091836     
         384   38.118237105091836     
         385   38.118237105091836     
         386   38.118237105091836     
         387   38.118237105091836     
         388   38.118237105091836     
         389   38.118237105091836     
         390   38.118237105091836     
         391   38.118237105091836     
         392   38.118237105091836     
         393   38.118237105091836     
         394   38.118237105091836     
         395   38.118237105091836     
         396   38.118237105091836     
         397   38.118237105091836     
         398   38.118237105091836     
         399   38.118237105091836     
         400   38.118237105091836     
         401   38.118237105091836     
         402   38.118237105091836     
         403   38.118237105091836     
         404   38.118237105091836     
         405   38.118237105091836     
         406   38.118237105091836     
         407   38.118237105091836     
         408   38.118237105091836     
         409   38.118237105091836     
         410   38.118237105091836     
         411   38.118237105091836     
         412   38.118237105091836     
         413   38.118237105091836     
         414   38.118237105091836     
         415   38.118237105091836     
         416   38.118237105091836     
         417   38.118237105091836     
         418   38.118237105091836     
         419   38.118237105091836     
         420   38.118237105091836     
         421   38.118237105091836     
         422   38.118237105091836     
         423   38.118237105091836     
         424   38.118237105091836     
         425   38.118237105091836     
         426   38.118237105091836     
         427   38.118237105091836     
         428   38.118237105091836     
         429   38.118237105091836     
         430   38.118237105091836     
         431   38.118237105091836     
         432   38.118237105091836     
         433   38.118237105091836     
         434   38.118237105091836     
         435   38.118237105091836     
         436   38.118237105091836     
         437   38.118237105091836     
         438   38.118237105091836     
         439   38.118237105091836     
         440   38.118237105091836     
         441   38.118237105091836     
         442   38.118237105091836     
         443   38.118237105091836     
         444   38.118237105091836     
         445   38.118237105091836     
         446   38.118237105091836     
         447   38.118237105091836     
         448   38.118237105091836     
         449   38.118237105091836     
         450   38.118237105091836     
         451   38.118237105091836     
         452   38.118237105091836     
         453   38.118237105091836     
         454   38.118237105091836     
         455   38.118237105091836     
         456   38.118237105091836     
         457   38.118237105091836     
         458   38.118237105091836     
         459   38.118237105091836     
         460   38.118237105091836     
         461   38.118237105091836     
         462   38.118237105091836     
         463   38.118237105091836     
         464   38.118237105091836     
         465   38.118237105091836     
         466   38.118237105091836     
         467   38.118237105091836     
         468   38.118237105091836     
         469   38.118237105091836     
         470   38.118237105091836     
         471   38.118237105091836     
         472   38.118237105091836     
         473   38.118237105091836     
         474   38.118237105091836     
         475   38.118237105091836     
         476   38.118237105091836     
         477   38.118237105091836     
         478   38.118237105091836     
         479   38.118237105091836     
         480   38.118237105091836     
         481   38.118237105091836     
         482   38.118237105091836     
         483   38.118237105091836     
         484   38.118237105091836     
         485   38.118237105091836     
         486   38.118237105091836     
         487   38.118237105091836     
         488   38.118237105091836     
         489   38.118237105091836     
         490   38.118237105091836     
         491   38.118237105091836     
         492   38.118237105091836     
         493   38.470768123342687     
         494   38.470768123342687     
         495   38.470768123342687     
         496   38.470768123342687     
         497   38.470768123342687     
         498   38.470768123342687     
         499   38.639358172723313     
         500   39.623225512317902     
         501   40.607881008493905     
         502   40.607881008493905     
         503   40.607881008493905     
         504   40.607881008493905     
         505   40.607881008493905     
         506   40.607881008493905     
         507   40.607881008493905     
         508   40.607881008493905     
         509   40.607881008493905     
         510   40.607881008493905     
         511   40.607881008493905     
         512   40.607881008493905     
         513   40.607881008493905     
         514   40.607881008493905     
         515   40.607881008493905     
         516   40.607881008493905     
         517   40.607881008493905     
         518   40.607881008493905     
         519   40.607881008493905     
         520   40.607881008493905     
         521   40.607881008493905     
         522   40.607881008493905     
         523   40.607881008493905     
         524   40.607881008493905     
         525   40.607881008493905     
         526   40.607881008493905     
         527   40.607881008493905     
         528   40.607881008493905     
         529   40.607881008493905     
         530   40.607881008493905     
         531   40.607881008493905     
         532   40.607881008493905     
         533   40.607881008493905     
         534   40.607881008493905     
         535   40.607881008493905     
         536   40.607881008493905     
         537   40.607881008493905     
         538   40.607881008493905     
         539   40.607881008493905     
         540   40.607881008493905     
         541   40.607881008493905     
         542   40.607881008493905     
         543   40.607881008493905     
         544   40.607881008493905     
         545   40.607881008493905     
         546   40.607881008493905     
         547   40.607881008493905     
         548   40.607881008493905     
         549   40.607881008493905     
         550   40.607881008493905     
         551   40.607881008493905     
         552   40.607881008493905     
         553   40.607881008493905     
         554   40.607881008493905     
         555   40.607881008493905     
         556   40.607881008493905     
         557   40.607881008493905     
         558   40.607881008493905     
         559   40.607881008493905     
         560   40.607881008493905     
         561   40.607881008493905     
         562   40.607881008493905     
         563   40.607881008493905     
         564   40.607881008493905     
         565   40.607881008493905     
         566   40.607881008493905     
         567   40.607881008493905     
         568   40.607881008493905     
         569   40.607881008493905     
         570   40.607881008493905     
         571   40.607881008493905     
         572   40.607881008493905     
         573   40.607881008493905     
         574   40.607881008493905     
         575   40.607881008493905     
         576   40.607881008493905     
         577   40.607881008493905     
         578   40.607881008493905     
         579   40.607881008493905     
         580   40.607881008493905     
         581   40.607881008493905     
         582   40.607881008493905     
         583   40.607881008493905     
         584   40.607881008493905     
         585   40.607881008493905     
         586   40.607881008493905     
         587   40.607881008493905     
         588   40.607881008493905     
         589   40.607881008493905     
         590   40.607881008493905     
         591   40.607881008493905     
         592   40.607881008493905     
         593   40.607881008493905     
         594   40.607881008493905     
         595   40.607881008493905     
         596   40.607881008493905     
         597   40.607881008493905     
         598   40.607881008493905     
         599   40.607881008493905     
         600   40.607881008493905     
         601   40.607881008493905     
         602   40.607881008493905     
         603   41.303752856126764     
         604   41.303752856126764     
         605   41.303752856126764     
         606   41.303752856126764     
         607   41.303752856126764     
         608   41.303752856126764     
         609   41.303752856126764     
         610   41.303752856126764     
