           2   1.0000000000000000     
           3   1.4142135623730951     
           4   2.2360679774997898     
           5   2.2360679774997898     
           6   2.2360679774997898     
           7   3.1622776601683795     
           8   4.1231056256176606     
           9   4.1231056256176606     
          10   4.1231056256176606     
          11   5.0990195135927845     
          12   5.3851648071345037     
          13   6.3245553203367590     
          14   7.2801098892805181     
          15   7.2801098892805181     
          16   8.2462112512353212     
          17   8.2462112512353212     
          18   8.2462112512353212     
          19   8.2462112512353212     
          20   8.2462112512353212     
          21   8.2462112512353212     
          22   8.5440037453175304     
          23   8.5440037453175304     
          24   8.5440037453175304     
          25   8.5440037453175304     
          26   9.4868329805051381     
          27   9.4868329805051381     
          28   9.4868329805051381     
          29   10.440306508910551     
          30   10.440306508910551     
          31   10.440306508910551     
          32   10.440306508910551     
          33   10.440306508910551     
          34   10.440306508910551     
          35   10.440306508910551     
          36   10.630145812734650     
          37   10.630145812734650     
          38   10.630145812734650     
          39   10.630145812734650     
          40   10.630145812734650     
          41   10.630145812734650     
          42   10.630145812734650     
          43   10.630145812734650     
          44   10.630145812734650     
          45   10.630145812734650     
          46   10.630145812734650     
          47   10.630145812734650     
          48   10.630145812734650     
          49   10.630145812734650     
          50   10.630145812734650     
          51   10.630145812734650     
          52   10.630145812734650     
          53   10.630145812734650     
          54   10.630145812734650     
          55   10.630145812734650     
          56   10.630145812734650     
          57   10.630145812734650     
          58   10.630145812734650     
          59   10.630145812734650     
          60   10.630145812734650     
          61   10.630145812734650     
          62   10.630145812734650     
          63   10.630145812734650     
          64   10.630145812734650     
          65   10.630145812734650     
          66   10.630145812734650     
          67   10.630145812734650     
          68   10.630145812734650     
          69   10.630145812734650     
          70   10.630145812734650     
          71   11.401754250991379     
          72   12.206555615733702     
          73   12.206555615733702     
          74   12.206555615733702     
          75   12.206555615733702     
          76   12.206555615733702     
          77   12.206555615733702     
          78   13.038404810405298     
          79   13.038404810405298     
          80   13.038404810405298     
          81   13.038404810405298     
          82   13.038404810405298     
          83   13.038404810405298     
          84   13.038404810405298     
          85   13.038404810405298     
          86   13.038404810405298     
          87   13.038404810405298     
          88   13.038404810405298     
          89   13.038404810405298     
          90   13.038404810405298     
          91   13.038404810405298     
          92   13.038404810405298     
          93   13.038404810405298     
          94   13.038404810405298     
          95   13.038404810405298     
          96   13.038404810405298     
          97   13.038404810405298     
          98   13.038404810405298     
          99   13.038404810405298     
         100   13.038404810405298     
         101   13.038404810405298     
         102   13.038404810405298     
         103   13.038404810405298     
         104   13.038404810405298     
         105   13.038404810405298     
         106   13.038404810405298     
         107   13.038404810405298     
         108   13.453624047073710     
         109   14.142135623730951     
         110   14.212670403551895     
         111   14.212670403551895     
         112   14.212670403551895     
         113   14.212670403551895     
         114   14.212670403551895     
         115   14.212670403551895     
         116   14.212670403551895     
         117   14.212670403551895     
         118   14.212670403551895     
         119   14.212670403551895     
         120   14.212670403551895     
         121   14.212670403551895     
         122   14.212670403551895     
         123   14.212670403551895     
         124   14.212670403551895     
         125   15.000000000000000     
         126   15.000000000000000     
         127   15.000000000000000     
         128   15.000000000000000     
         129   15.000000000000000     
         130   15.000000000000000     
         131   15.000000000000000     
         132   15.000000000000000     
         133   15.000000000000000     
         134   15.000000000000000     
         135   15.000000000000000     
         136   15.000000000000000     
         137   15.000000000000000     
         138   15.000000000000000     
         139   15.000000000000000     
         140   15.264337522473747     
         141   15.264337522473747     
         142   15.620499351813308     
         143   15.620499351813308     
         144   16.278820596099706     
         145   16.278820596099706     
         146   16.278820596099706     
         147   16.401219466856727     
         148   16.401219466856727     
         149   16.401219466856727     
         150   16.401219466856727     
         151   16.492422502470642     
         152   17.464249196572979     
         153   17.720045146669349     
         154   17.720045146669349     
         155   17.720045146669349     
         156   18.027756377319946     
         157   18.027756377319946     
         158   18.027756377319946     
         159   18.027756377319946     
         160   18.027756377319946     
         161   18.027756377319946     
         162   18.027756377319946     
         163   18.027756377319946     
         164   18.027756377319946     
         165   18.027756377319946     
         166   18.027756377319946     
         167   18.027756377319946     
         168   18.027756377319946     
         169   18.027756377319946     
         170   18.601075237738275     
         171   18.601075237738275     
         172   18.601075237738275     
         173   18.601075237738275     
         174   18.601075237738275     
         175   18.601075237738275     
         176   18.601075237738275     
         177   18.601075237738275     
         178   18.601075237738275     
         179   18.601075237738275     
         180   18.601075237738275     
         181   18.601075237738275     
         182   18.601075237738275     
         183   18.601075237738275     
         184   18.601075237738275     
         185   18.601075237738275     
         186   18.601075237738275     
         187   18.601075237738275     
         188   18.601075237738275     
         189   18.601075237738275     
         190   18.601075237738275     
         191   18.601075237738275     
         192   18.601075237738275     
         193   18.601075237738275     
         194   18.601075237738275     
         195   18.601075237738275     
         196   18.601075237738275     
         197   18.601075237738275     
         198   18.601075237738275     
         199   18.601075237738275     
         200   18.601075237738275     
         201   18.601075237738275     
         202   18.601075237738275     
         203   19.209372712298546     
         204   19.209372712298546     
         205   19.209372712298546     
         206   19.209372712298546     
         207   19.209372712298546     
         208   19.209372712298546     
         209   19.209372712298546     
         210   19.209372712298546     
         211   19.209372712298546     
         212   19.209372712298546     
         213   19.209372712298546     
         214   19.209372712298546     
         215   19.209372712298546     
         216   19.209372712298546     
         217   19.209372712298546     
         218   19.209372712298546     
         219   19.209372712298546     
         220   19.209372712298546     
         221   19.209372712298546     
         222   19.209372712298546     
         223   19.209372712298546     
         224   19.209372712298546     
         225   19.209372712298546     
         226   19.209372712298546     
         227   19.209372712298546     
         228   19.209372712298546     
         229   19.209372712298546     
         230   19.235384061671343     
         231   19.235384061671343     
         232   19.235384061671343     
         233   19.235384061671343     
         234   19.416487838947599     
         235   19.416487838947599     
         236   19.416487838947599     
         237   19.416487838947599     
         238   19.416487838947599     
         239   19.416487838947599     
         240   19.416487838947599     
         241   19.416487838947599     
         242   19.416487838947599     
         243   19.416487838947599     
         244   20.248456731316587     
         245   20.808652046684813     
         246   20.808652046684813     
         247   21.095023109728988     
         248   21.954498400100150     
         249   21.954498400100150     
         250   21.954498400100150     
         251   21.954498400100150     
         252   21.954498400100150     
         253   21.954498400100150     
         254   22.203603311174518     
         255   22.825424421026653     
         256   22.825424421026653     
         257   22.825424421026653     
         258   22.825424421026653     
         259   22.825424421026653     
         260   23.345235059857504     
         261   24.083189157584592     
         262   24.083189157584592     
         263   24.083189157584592     
         264   24.083189157584592     
         265   24.083189157584592     
         266   24.083189157584592     
         267   24.083189157584592     
         268   24.083189157584592     
         269   24.083189157584592     
         270   24.083189157584592     
         271   24.083189157584592     
         272   24.083189157584592     
         273   24.083189157584592     
         274   24.083189157584592     
         275   24.083189157584592     
         276   24.083189157584592     
         277   24.083189157584592     
         278   24.083189157584592     
         279   24.083189157584592     
         280   24.083189157584592     
         281   24.083189157584592     
         282   24.083189157584592     
         283   24.083189157584592     
         284   24.083189157584592     
         285   24.083189157584592     
         286   24.083189157584592     
         287   24.083189157584592     
         288   24.083189157584592     
         289   24.083189157584592     
         290   24.083189157584592     
         291   24.083189157584592     
         292   24.083189157584592     
         293   24.083189157584592     
         294   24.083189157584592     
         295   24.083189157584592     
         296   24.083189157584592     
         297   24.083189157584592     
         298   24.083189157584592     
         299   24.083189157584592     
         300   24.596747752497688     
         301   25.495097567963924     
         302   25.942243542145693     
         303   26.400757564888170     
         304   26.400757564888170     
         305   26.400757564888170     
         306   26.400757564888170     
         307   26.400757564888170     
         308   26.400757564888170     
         309   26.400757564888170     
         310   26.419689627245813     
         311   26.419689627245813     
         312   26.419689627245813     
         313   26.419689627245813     
         314   26.419689627245813     
         315   26.419689627245813     
         316   26.419689627245813     
         317   26.419689627245813     
         318   26.419689627245813     
         319   26.419689627245813     
         320   26.419689627245813     
         321   27.313000567495326     
         322   27.313000567495326     
         323   27.313000567495326     
         324   27.313000567495326     
         325   27.313000567495326     
         326   27.313000567495326     
         327   27.313000567495326     
         328   27.313000567495326     
         329   27.313000567495326     
         330   28.231188426986208     
         331   28.231188426986208     
         332   28.231188426986208     
         333   28.231188426986208     
         334   28.231188426986208     
         335   28.231188426986208     
