           2   1.0000000000000000     
           3   1.0000000000000000     
           4   1.0000000000000000     
           5   1.4142135623730951     
           6   2.2360679774997898     
           7   2.2360679774997898     
           8   2.2360679774997898     
           9   2.2360679774997898     
          10   3.1622776601683795     
          11   3.6055512754639891     
          12   4.2426406871192848     
          13   5.0000000000000000     
          14   5.0000000000000000     
          15   5.0000000000000000     
          16   5.0000000000000000     
          17   5.0000000000000000     
          18   5.8309518948453007     
          19   5.8309518948453007     
          20   5.8309518948453007     
          21   5.8309518948453007     
          22   6.4031242374328485     
          23   6.4031242374328485     
          24   7.0710678118654755     
          25   7.8102496759066540     
          26   8.6023252670426267     
          27   8.6023252670426267     
          28   8.6023252670426267     
          29   8.6023252670426267     
          30   9.4339811320566032     
          31   9.4339811320566032     
          32   9.4339811320566032     
          33   9.4339811320566032     
          34   10.000000000000000     
          35   10.000000000000000     
          36   10.630145812734650     
          37   10.630145812734650     
          38   10.630145812734650     
          39   10.630145812734650     
          40   11.313708498984761     
          41   11.313708498984761     
          42   11.313708498984761     
          43   11.313708498984761     
          44   11.313708498984761     
          45   11.313708498984761     
          46   11.313708498984761     
          47   11.313708498984761     
          48   11.313708498984761     
          49   11.313708498984761     
          50   11.313708498984761     
          51   11.313708498984761     
          52   11.313708498984761     
          53   11.313708498984761     
          54   11.313708498984761     
          55   12.041594578792296     
          56   12.806248474865697     
          57   12.806248474865697     
          58   13.453624047073710     
          59   14.142135623730951     
          60   14.866068747318506     
          61   14.866068747318506     
          62   14.866068747318506     
          63   14.866068747318506     
          64   15.620499351813308     
          65   15.620499351813308     
          66   15.620499351813308     
          67   15.620499351813308     
          68   15.620499351813308     
          69   16.278820596099706     
          70   16.970562748477139     
          71   16.970562748477139     
          72   17.691806012954132     
          73   17.691806012954132     
          74   17.691806012954132     
          75   18.439088914585774     
          76   18.439088914585774     
          77   18.439088914585774     
          78   18.439088914585774     
          79   18.439088914585774     
          80   18.439088914585774     
          81   18.439088914585774     
          82   19.209372712298546     
          83   19.849433241279208     
          84   19.849433241279208     
          85   20.615528128088304     
          86   21.400934559032695     
          87   21.400934559032695     
          88   21.400934559032695     
          89   21.400934559032695     
          90   21.400934559032695     
          91   21.400934559032695     
          92   21.400934559032695     
          93   21.400934559032695     
          94   22.203603311174518     
          95   22.203603311174518     
          96   22.203603311174518     
          97   22.203603311174518     
          98   22.203603311174518     
          99   22.203603311174518     
         100   22.203603311174518     
         101   22.203603311174518     
         102   22.203603311174518     
         103   22.203603311174518     
         104   22.203603311174518     
         105   22.203603311174518     
         106   22.203603311174518     
         107   22.203603311174518     
         108   22.203603311174518     
         109   22.203603311174518     
         110   22.203603311174518     
         111   22.203603311174518     
         112   22.203603311174518     
         113   22.203603311174518     
         114   22.203603311174518     
         115   22.203603311174518     
         116   22.203603311174518     
         117   22.203603311174518     
         118   22.203603311174518     
         119   22.203603311174518     
         120   22.203603311174518     
         121   22.203603311174518     
         122   22.203603311174518     
         123   22.203603311174518     
         124   22.203603311174518     
         125   22.472205054244231     
         126   23.323807579381203     
         127   23.323807579381203     
         128   23.323807579381203     
         129   23.323807579381203     
         130   23.323807579381203     
         131   23.323807579381203     
         132   23.323807579381203     
         133   23.323807579381203     
         134   23.323807579381203     
         135   23.323807579381203     
         136   23.323807579381203     
         137   23.323807579381203     
         138   23.323807579381203     
         139   23.323807579381203     
         140   23.323807579381203     
         141   23.323807579381203     
         142   23.323807579381203     
         143   23.323807579381203     
         144   23.323807579381203     
         145   23.323807579381203     
         146   24.186773244895647     
         147   24.186773244895647     
         148   24.186773244895647     
         149   24.186773244895647     
         150   24.186773244895647     
         151   24.186773244895647     
         152   24.186773244895647     
         153   24.186773244895647     
         154   24.186773244895647     
         155   24.186773244895647     
         156   24.186773244895647     
         157   24.186773244895647     
         158   24.186773244895647     
         159   24.186773244895647     
         160   24.186773244895647     
         161   24.186773244895647     
         162   24.186773244895647     
         163   24.186773244895647     
         164   24.186773244895647     
         165   24.186773244895647     
         166   24.186773244895647     
         167   24.186773244895647     
         168   24.186773244895647     
         169   24.186773244895647     
         170   24.186773244895647     
         171   25.059928172283335     
         172   25.553864678361276     
         173   25.553864678361276     
         174   25.553864678361276     
         175   25.553864678361276     
         176   25.553864678361276     
         177   25.553864678361276     
         178   25.553864678361276     
         179   25.553864678361276     
         180   25.553864678361276     
         181   26.076809620810597     
         182   26.076809620810597     
         183   26.076809620810597     
         184   26.076809620810597     
         185   26.076809620810597     
         186   26.076809620810597     
         187   26.076809620810597     
         188   26.076809620810597     
         189   26.076809620810597     
         190   26.076809620810597     
         191   26.076809620810597     
         192   26.076809620810597     
         193   26.076809620810597     
         194   26.076809620810597     
         195   26.076809620810597     
         196   26.076809620810597     
         197   26.570660511172846     
         198   27.513632984395208     
         199   27.856776554368238     
         200   28.231188426986208     
         201   28.231188426986208     
         202   28.231188426986208     
         203   28.231188426986208     
         204   28.231188426986208     
         205   28.635642126552707     
         206   29.068883707497267     
         207   29.546573405388315     
         208   29.546573405388315     
         209   30.463092423455635     
         210   30.463092423455635     
         211   30.463092423455635     
         212   30.463092423455635     
         213   30.463092423455635     
         214   30.870698080866262     
         215   30.870698080866262     
         216   30.870698080866262     
         217   30.870698080866262     
         218   30.870698080866262     
         219   30.870698080866262     
         220   31.384709652950431     
         221   31.780497164141408     
         222   32.310988842807021     
         223   32.310988842807021     
         224   32.310988842807021     
         225   32.310988842807021     
         226   32.310988842807021     
         227   32.310988842807021     
         228   32.310988842807021     
         229   32.310988842807021     
         230   32.310988842807021     
         231   32.310988842807021     
         232   32.310988842807021     
         233   32.310988842807021     
         234   33.241540277189323     
         235   33.241540277189323     
         236   33.241540277189323     
         237   33.241540277189323     
         238   33.241540277189323     
         239   33.241540277189323     
         240   33.615472627943220     
         241   33.615472627943220     
         242   33.615472627943220     
         243   33.615472627943220     
         244   33.615472627943220     
         245   33.615472627943220     
         246   33.615472627943220     
         247   33.615472627943220     
         248   33.615472627943220     
         249   33.615472627943220     
         250   33.615472627943220     
         251   33.615472627943220     
         252   33.615472627943220     
         253   33.615472627943220     
         254   33.615472627943220     
         255   33.615472627943220     
         256   33.615472627943220     
         257   33.615472627943220     
         258   33.615472627943220     
         259   33.615472627943220     
         260   33.615472627943220     
         261   33.615472627943220     
         262   33.615472627943220     
         263   34.176014981270121     
         264   34.176014981270121     
         265   34.176014981270121     
         266   34.176014981270121     
         267   35.114099732158877     
         268   35.468295701936398     
         269   35.468295701936398     
         270   35.468295701936398     
         271   35.468295701936398     
         272   35.468295701936398     
         273   35.468295701936398     
         274   35.468295701936398     
         275   35.468295701936398     
         276   35.468295701936398     
         277   35.468295701936398     
         278   35.468295701936398     
         279   35.468295701936398     
         280   35.468295701936398     
         281   35.468295701936398     
         282   35.468295701936398     
         283   35.468295701936398     
         284   35.468295701936398     
         285   35.468295701936398     
         286   35.468295701936398     
         287   35.468295701936398     
         288   35.468295701936398     
         289   35.468295701936398     
         290   35.468295701936398     
         291   35.468295701936398     
         292   35.468295701936398     
         293   35.468295701936398     
         294   35.468295701936398     
         295   35.468295701936398     
         296   35.468295701936398     
         297   36.400549446402593     
         298   36.400549446402593     
         299   36.400549446402593     
         300   36.400549446402593     
         301   36.400549446402593     
         302   36.400549446402593     
         303   36.400549446402593     
         304   36.400549446402593     
         305   36.400549446402593     
         306   36.400549446402593     
         307   36.400549446402593     
         308   36.400549446402593     
         309   36.400549446402593     
         310   36.400549446402593     
         311   36.400549446402593     
         312   36.400549446402593     
         313   36.400549446402593     
         314   36.400549446402593     
         315   36.400549446402593     
         316   36.400549446402593     
         317   36.400549446402593     
         318   36.400549446402593     
         319   36.400549446402593     
         320   36.400549446402593     
         321   36.400549446402593     
         322   36.400549446402593     
         323   36.400549446402593     
         324   36.400549446402593     
         325   36.400549446402593     
         326   36.400549446402593     
         327   36.400549446402593     
         328   36.400549446402593     
         329   36.400549446402593     
         330   36.400549446402593     
         331   36.400549446402593     
         332   36.400549446402593     
         333   36.400549446402593     
         334   36.400549446402593     
         335   36.400549446402593     
         336   36.400549446402593     
         337   36.400549446402593     
         338   37.336309405188942     
         339   37.336309405188942     
         340   38.275318418009277     
         341   38.275318418009277     
         342   38.275318418009277     
         343   38.275318418009277     
         344   38.275318418009277     
         345   38.275318418009277     
         346   38.275318418009277     
         347   38.600518131237564     
         348   38.600518131237564     
         349   38.600518131237564     
         350   39.560080889704963     
         351   40.521599178709621     
         352   40.521599178709621     
         353   40.521599178709621     
         354   40.521599178709621     
         355   41.231056256176608     
         356   41.231056256176608     
         357   41.231056256176608     
         358   41.231056256176608     
         359   41.231056256176608     
         360   41.231056256176608     
         361   41.231056256176608     
         362   41.231056256176608     
         363   41.231056256176608     
         364   41.231056256176608     
         365   41.231056256176608     
         366   41.231056256176608     
         367   41.231056256176608     
         368   41.231056256176608     
         369   41.231056256176608     
         370   41.231056256176608     
         371   42.201895692018383     
         372   42.449970553582247     
         373   42.449970553582247     
         374   42.449970553582247     
         375   42.449970553582247     
         376   42.449970553582247     
         377   42.449970553582247     
         378   42.449970553582247     
         379   43.416586692184822     
         380   43.416586692184822     
         381   44.384682042344295     
         382   44.643028571099428     
         383   44.643028571099428     
         384   44.643028571099428     
         385   44.643028571099428     
         386   44.643028571099428     
         387   45.607017003965517     
         388   45.880278987817846     
         389   46.173585522460783     
         390   46.173585522460783     
         391   46.572524088780071     
         392   46.572524088780071     
         393   46.572524088780071     
         394   46.572524088780071     
         395   46.572524088780071     
         396   46.572524088780071     
         397   46.572524088780071     
         398   46.572524088780071     
         399   46.572524088780071     
         400   46.572524088780071     
         401   46.572524088780071     
         402   46.572524088780071     
         403   46.572524088780071     
         404   46.572524088780071     
         405   46.572524088780071     
         406   46.572524088780071     
         407   46.572524088780071     
         408   46.572524088780071     
         409   46.572524088780071     
         410   46.572524088780071     
         411   46.572524088780071     
         412   46.572524088780071     
         413   46.572524088780071     
         414   46.572524088780071     
         415   46.572524088780071     
         416   46.572524088780071     
         417   46.572524088780071     
         418   46.572524088780071     
         419   46.572524088780071     
         420   46.572524088780071     
         421   46.572524088780071     
         422   46.572524088780071     
         423   46.572524088780071     
         424   46.572524088780071     
         425   46.572524088780071     
         426   46.572524088780071     
         427   46.572524088780071     
         428   46.572524088780071     
         429   46.572524088780071     
         430   46.572524088780071     
         431   46.572524088780071     
         432   46.572524088780071     
         433   47.127486671792717     
         434   47.539457296018853     
         435   48.507731342539614     
         436   48.507731342539614     
         437   48.507731342539614     
         438   48.507731342539614     
         439   48.507731342539614     
         440   48.507731342539614     
         441   49.477267507411923     
         442   50.447993022517757     
         443   50.447993022517757     
         444   50.447993022517757     
         445   50.447993022517757     
         446   50.447993022517757     
         447   50.447993022517757     
         448   50.447993022517757     
         449   50.447993022517757     
         450   51.419840528729765     
         451   52.392747589718944     
         452   52.392747589718944     
         453   52.392747589718944     
         454   52.392747589718944     
         455   52.392747589718944     
         456   52.392747589718944     
         457   52.392747589718944     
         458   52.392747589718944     
         459   52.392747589718944     
         460   52.392747589718944     
         461   52.392747589718944     
         462   52.392747589718944     
         463   52.392747589718944     
         464   52.392747589718944     
         465   52.392747589718944     
         466   52.392747589718944     
         467   53.366656256505337     
         468   53.366656256505337     
         469   53.366656256505337     
         470   53.366656256505337     
         471   53.366656256505337     
         472   53.366656256505337     
         473   53.366656256505337     
         474   53.366656256505337     
         475   53.366656256505337     
         476   53.366656256505337     
         477   53.366656256505337     
         478   53.366656256505337     
         479   53.366656256505337     
         480   53.366656256505337     
         481   53.366656256505337     
         482   53.366656256505337     
         483   53.366656256505337     
         484   53.366656256505337     
         485   53.366656256505337     
         486   53.366656256505337     
         487   53.366656256505337     
         488   53.366656256505337     
         489   53.366656256505337     
         490   53.366656256505337     
         491   53.366656256505337     
         492   53.600373133029585     
         493   53.851648071345039     
         494   54.120236510939236     
         495   54.120236510939236     
         496   54.120236510939236     
         497   54.120236510939236     
         498   54.120236510939236     
         499   54.120236510939236     
         500   54.120236510939236     
         501   54.129474410897430     
