           2   1.0000000000000000     
           3   1.0000000000000000     
           4   1.0000000000000000     
           5   2.0000000000000000     
           6   2.0000000000000000     
           7   2.0000000000000000     
           8   2.2360679774997898     
           9   2.2360679774997898     
          10   3.1622776601683795     
          11   3.1622776601683795     
          12   3.1622776601683795     
          13   4.1231056256176606     
          14   4.1231056256176606     
          15   4.1231056256176606     
          16   4.1231056256176606     
          17   4.1231056256176606     
          18   4.1231056256176606     
          19   4.1231056256176606     
          20   4.2426406871192848     
          21   4.2426406871192848     
          22   4.2426406871192848     
          23   5.0000000000000000     
          24   5.0000000000000000     
          25   6.0000000000000000     
          26   6.0000000000000000     
          27   7.0000000000000000     
          28   7.0000000000000000     
          29   8.0000000000000000     
          30   8.0000000000000000     
          31   8.0622577482985491     
          32   9.0553851381374173     
          33   10.049875621120890     
          34   10.049875621120890     
          35   10.049875621120890     
          36   10.049875621120890     
          37   11.000000000000000     
          38   11.000000000000000     
          39   11.045361017187261     
          40   11.045361017187261     
          41   11.045361017187261     
          42   11.045361017187261     
          43   11.045361017187261     
          44   11.045361017187261     
          45   11.045361017187261     
          46   11.045361017187261     
          47   11.180339887498949     
          48   11.180339887498949     
          49   12.000000000000000     
          50   12.000000000000000     
          51   12.000000000000000     
          52   12.000000000000000     
          53   12.000000000000000     
          54   12.000000000000000     
          55   13.000000000000000     
          56   13.000000000000000     
          57   13.000000000000000     
          58   13.000000000000000     
          59   14.000000000000000     
          60   14.035668847618199     
          61   14.035668847618199     
          62   15.033296378372908     
          63   15.033296378372908     
          64   15.033296378372908     
          65   15.033296378372908     
          66   15.033296378372908     
          67   15.033296378372908     
          68   15.033296378372908     
          69   15.132745950421556     
          70   15.132745950421556     
          71   16.031219541881399     
          72   16.031219541881399     
          73   16.031219541881399     
          74   16.031219541881399     
          75   16.031219541881399     
          76   16.155494421403510     
          77   16.155494421403510     
          78   16.155494421403510     
          79   16.155494421403510     
          80   16.155494421403510     
          81   16.155494421403510     
          82   17.000000000000000     
          83   17.088007490635061     
          84   17.088007490635061     
          85   17.088007490635061     
          86   17.088007490635061     
          87   17.088007490635061     
          88   17.088007490635061     
          89   17.088007490635061     
          90   17.088007490635061     
          91   17.088007490635061     
          92   17.088007490635061     
          93   17.088007490635061     
          94   17.088007490635061     
          95   17.088007490635061     
          96   17.088007490635061     
          97   17.088007490635061     
          98   17.088007490635061     
          99   17.088007490635061     
         100   17.088007490635061     
         101   17.262676501632068     
         102   17.262676501632068     
         103   17.262676501632068     
         104   17.262676501632068     
         105   18.248287590894659     
         106   18.248287590894659     
         107   18.248287590894659     
         108   18.248287590894659     
         109   18.248287590894659     
         110   18.248287590894659     
         111   18.248287590894659     
         112   18.248287590894659     
         113   18.248287590894659     
         114   18.248287590894659     
         115   19.026297590440446     
         116   19.026297590440446     
         117   19.026297590440446     
         118   19.026297590440446     
         119   19.313207915827967     
         120   19.313207915827967     
         121   19.313207915827967     
         122   19.313207915827967     
         123   19.313207915827967     
         124   19.313207915827967     
         125   19.313207915827967     
         126   19.313207915827967     
         127   19.313207915827967     
         128   19.313207915827967     
         129   19.313207915827967     
         130   19.313207915827967     
         131   19.313207915827967     
         132   19.313207915827967     
         133   19.313207915827967     
         134   19.313207915827967     
         135   19.313207915827967     
         136   19.313207915827967     
         137   19.313207915827967     
         138   19.313207915827967     
         139   19.313207915827967     
         140   19.313207915827967     
         141   19.313207915827967     
         142   19.313207915827967     
         143   19.313207915827967     
         144   19.313207915827967     
         145   19.313207915827967     
         146   19.313207915827967     
         147   19.313207915827967     
         148   19.313207915827967     
         149   19.313207915827967     
         150   19.313207915827967     
         151   19.313207915827967     
         152   19.313207915827967     
         153   19.313207915827967     
         154   19.313207915827967     
         155   19.313207915827967     
         156   19.313207915827967     
         157   19.313207915827967     
         158   19.313207915827967     
         159   19.313207915827967     
         160   19.313207915827967     
         161   19.313207915827967     
         162   19.313207915827967     
         163   19.313207915827967     
         164   19.313207915827967     
         165   19.313207915827967     
         166   19.313207915827967     
         167   19.313207915827967     
         168   19.313207915827967     
         169   19.313207915827967     
         170   19.313207915827967     
         171   19.313207915827967     
         172   19.313207915827967     
         173   19.313207915827967     
         174   19.313207915827967     
         175   19.313207915827967     
         176   20.099751242241780     
         177   20.099751242241780     
         178   20.099751242241780     
         179   20.099751242241780     
         180   20.099751242241780     
         181   20.099751242241780     
         182   20.099751242241780     
         183   20.099751242241780     
         184   20.099751242241780     
         185   20.099751242241780     
         186   20.223748416156685     
         187   21.213203435596427     
         188   21.213203435596427     
         189   22.090722034374522     
         190   22.090722034374522     
         191   22.090722034374522     
         192   22.090722034374522     
         193   22.090722034374522     
         194   22.090722034374522     
         195   22.090722034374522     
         196   23.086792761230392     
         197   23.086792761230392     
         198   24.083189157584592     
         199   24.083189157584592     
         200   24.083189157584592     
         201   25.079872407968907     
         202   25.079872407968907     
         203   25.079872407968907     
         204   25.079872407968907     
         205   25.079872407968907     
         206   25.079872407968907     
         207   25.079872407968907     
         208   25.079872407968907     
         209   25.079872407968907     
         210   25.079872407968907     
         211   25.079872407968907     
         212   25.079872407968907     
         213   25.079872407968907     
         214   25.079872407968907     
         215   25.179356624028344     
         216   25.179356624028344     
         217   25.179356624028344     
         218   25.179356624028344     
         219   25.179356624028344     
         220   25.179356624028344     
         221   25.179356624028344     
         222   25.179356624028344     
         223   25.179356624028344     
         224   25.179356624028344     
         225   25.179356624028344     
         226   25.179356624028344     
         227   25.179356624028344     
         228   25.179356624028344     
         229   25.179356624028344     
         230   25.179356624028344     
         231   25.179356624028344     
         232   25.179356624028344     
         233   25.179356624028344     
         234   25.179356624028344     
         235   25.179356624028344     
         236   25.179356624028344     
         237   25.179356624028344     
         238   25.179356624028344     
         239   26.076809620810597     
         240   26.076809620810597     
         241   26.076809620810597     
         242   26.076809620810597     
         243   26.076809620810597     
         244   26.076809620810597     
         245   26.172504656604801     
         246   26.172504656604801     
         247   26.172504656604801     
         248   27.166155414412248     
         249   27.166155414412248     
         250   27.166155414412248     
         251   27.166155414412248     
         252   27.166155414412248     
         253   27.166155414412248     
         254   27.166155414412248     
         255   27.166155414412248     
         256   27.166155414412248     
         257   27.166155414412248     
         258   27.166155414412248     
         259   27.166155414412248     
         260   27.166155414412248     
         261   27.166155414412248     
         262   28.160255680657446     
         263   28.160255680657446     
         264   28.160255680657446     
         265   28.160255680657446     
         266   28.160255680657446     
         267   28.160255680657446     
         268   28.160255680657446     
         269   28.160255680657446     
         270   28.160255680657446     
         271   28.160255680657446     
         272   28.160255680657446     
         273   28.160255680657446     
         274   28.160255680657446     
         275   28.160255680657446     
         276   28.160255680657446     
         277   28.284271247461902     
         278   28.284271247461902     
         279   28.284271247461902     
         280   28.284271247461902     
         281   28.284271247461902     
         282   28.284271247461902     
         283   28.284271247461902     
         284   28.284271247461902     
         285   28.284271247461902     
         286   28.284271247461902     
         287   28.284271247461902     
         288   28.284271247461902     
         289   28.284271247461902     
         290   28.284271247461902     
         291   28.284271247461902     
         292   28.284271247461902     
         293   28.284271247461902     
         294   28.284271247461902     
         295   28.284271247461902     
         296   28.284271247461902     
         297   28.284271247461902     
         298   28.284271247461902     
         299   28.284271247461902     
         300   28.284271247461902     
         301   28.284271247461902     
         302   28.284271247461902     
         303   28.284271247461902     
         304   28.284271247461902     
         305   28.284271247461902     
         306   28.284271247461902     
         307   28.284271247461902     
