           2   1.0000000000000000     
           3   1.0000000000000000     
           4   2.0000000000000000     
           5   2.0000000000000000     
           6   2.2360679774997898     
           7   2.2360679774997898     
           8   3.1622776601683795     
           9   4.1231056256176606     
          10   4.1231056256176606     
          11   4.1231056256176606     
          12   4.1231056256176606     
          13   4.1231056256176606     
          14   4.1231056256176606     
          15   4.1231056256176606     
          16   5.0990195135927845     
          17   5.3851648071345037     
          18   5.3851648071345037     
          19   5.3851648071345037     
          20   5.3851648071345037     
          21   5.3851648071345037     
          22   5.3851648071345037     
          23   5.3851648071345037     
          24   5.3851648071345037     
          25   5.3851648071345037     
          26   5.3851648071345037     
          27   5.3851648071345037     
          28   5.3851648071345037     
          29   5.3851648071345037     
          30   5.3851648071345037     
          31   5.3851648071345037     
          32   5.3851648071345037     
          33   6.3245553203367590     
          34   6.3245553203367590     
          35   6.3245553203367590     
          36   6.3245553203367590     
          37   6.3245553203367590     
          38   6.3245553203367590     
          39   6.3245553203367590     
          40   6.3245553203367590     
          41   7.0710678118654755     
          42   7.0710678118654755     
          43   7.0710678118654755     
          44   8.0622577482985491     
          45   8.0622577482985491     
          46   8.0622577482985491     
          47   8.0622577482985491     
          48   9.0000000000000000     
          49   9.0000000000000000     
          50   9.0000000000000000     
          51   9.0000000000000000     
          52   9.0000000000000000     
          53   9.0000000000000000     
          54   9.0000000000000000     
          55   10.000000000000000     
          56   10.049875621120890     
          57   10.049875621120890     
          58   10.049875621120890     
          59   10.049875621120890     
          60   10.198039027185569     
          61   11.180339887498949     
          62   11.180339887498949     
          63   11.180339887498949     
          64   11.180339887498949     
          65   11.180339887498949     
          66   11.180339887498949     
          67   11.180339887498949     
          68   11.180339887498949     
          69   11.180339887498949     
          70   11.180339887498949     
          71   11.180339887498949     
          72   11.180339887498949     
          73   12.165525060596439     
          74   13.152946437965905     
          75   13.152946437965905     
          76   13.152946437965905     
          77   13.152946437965905     
          78   13.152946437965905     
          79   13.152946437965905     
          80   13.152946437965905     
          81   13.152946437965905     
          82   13.152946437965905     
          83   13.152946437965905     
          84   13.152946437965905     
          85   13.152946437965905     
          86   13.152946437965905     
          87   13.152946437965905     
          88   13.152946437965905     
          89   13.152946437965905     
          90   13.152946437965905     
          91   13.152946437965905     
          92   13.152946437965905     
          93   13.152946437965905     
          94   13.152946437965905     
          95   13.152946437965905     
          96   13.152946437965905     
          97   14.142135623730951     
          98   14.142135623730951     
          99   14.142135623730951     
         100   14.142135623730951     
         101   14.142135623730951     
         102   14.142135623730951     
         103   14.142135623730951     
         104   14.142135623730951     
         105   14.142135623730951     
         106   14.142135623730951     
         107   14.142135623730951     
         108   14.142135623730951     
         109   14.142135623730951     
         110   14.142135623730951     
         111   14.142135623730951     
         112   14.142135623730951     
         113   14.142135623730951     
         114   14.142135623730951     
         115   14.142135623730951     
         116   14.142135623730951     
         117   14.142135623730951     
         118   14.142135623730951     
         119   14.142135623730951     
         120   14.142135623730951     
         121   14.142135623730951     
         122   14.142135623730951     
         123   14.142135623730951     
         124   14.142135623730951     
         125   14.142135623730951     
         126   14.142135623730951     
         127   14.422205101855956     
         128   14.422205101855956     
         129   14.422205101855956     
         130   14.422205101855956     
         131   14.422205101855956     
         132   14.422205101855956     
         133   14.422205101855956     
         134   14.422205101855956     
         135   14.422205101855956     
         136   15.000000000000000     
         137   15.000000000000000     
         138   15.000000000000000     
         139   15.000000000000000     
         140   15.000000000000000     
         141   15.000000000000000     
         142   15.000000000000000     
         143   15.000000000000000     
         144   15.000000000000000     
         145   15.000000000000000     
         146   15.000000000000000     
         147   15.000000000000000     
         148   15.000000000000000     
         149   15.000000000000000     
         150   15.000000000000000     
         151   15.033296378372908     
         152   15.033296378372908     
         153   15.033296378372908     
         154   15.033296378372908     
         155   15.033296378372908     
         156   15.033296378372908     
         157   15.033296378372908     
         158   15.033296378372908     
         159   15.033296378372908     
         160   15.033296378372908     
         161   15.033296378372908     
         162   15.033296378372908     
         163   15.264337522473747     
         164   16.124515496597098     
         165   16.124515496597098     
         166   17.000000000000000     
         167   17.000000000000000     
         168   17.000000000000000     
         169   17.000000000000000     
         170   17.000000000000000     
         171   17.000000000000000     
         172   17.000000000000000     
         173   17.000000000000000     
         174   17.000000000000000     
         175   17.000000000000000     
         176   17.492855684535900     
         177   17.492855684535900     
         178   17.492855684535900     
         179   17.492855684535900     
         180   17.492855684535900     
         181   17.492855684535900     
         182   17.492855684535900     
         183   17.492855684535900     
         184   17.492855684535900     
         185   17.492855684535900     
         186   17.492855684535900     
         187   17.492855684535900     
         188   17.492855684535900     
         189   17.492855684535900     
         190   18.027756377319946     
         191   18.027756377319946     
         192   18.027756377319946     
         193   18.027756377319946     
         194   18.027756377319946     
         195   18.027756377319946     
         196   18.027756377319946     
         197   18.027756377319946     
         198   18.027756377319946     
         199   18.439088914585774     
         200   18.439088914585774     
         201   18.439088914585774     
         202   18.439088914585774     
         203   18.439088914585774     
         204   18.439088914585774     
         205   18.439088914585774     
         206   18.439088914585774     
         207   18.439088914585774     
         208   18.439088914585774     
         209   18.439088914585774     
         210   18.439088914585774     
         211   18.439088914585774     
         212   18.439088914585774     
         213   18.439088914585774     
         214   18.439088914585774     
         215   18.439088914585774     
         216   18.439088914585774     
         217   18.439088914585774     
         218   18.439088914585774     
         219   18.439088914585774     
         220   19.235384061671343     
         221   19.235384061671343     
         222   19.235384061671343     
         223   19.235384061671343     
         224   19.235384061671343     
         225   19.235384061671343     
         226   19.416487838947599     
         227   20.223748416156685     
         228   20.223748416156685     
         229   20.223748416156685     
         230   20.223748416156685     
         231   20.223748416156685     
         232   20.223748416156685     
         233   20.223748416156685     
         234   20.615528128088304     
         235   20.615528128088304     
         236   20.615528128088304     
         237   20.615528128088304     
         238   20.615528128088304     
         239   20.615528128088304     
         240   20.615528128088304     
         241   20.615528128088304     
         242   20.615528128088304     
         243   20.615528128088304     
         244   20.615528128088304     
         245   20.615528128088304     
         246   20.615528128088304     
         247   20.615528128088304     
         248   20.615528128088304     
         249   20.615528128088304     
         250   20.615528128088304     
         251   20.615528128088304     
         252   20.615528128088304     
         253   20.615528128088304     
         254   20.615528128088304     
         255   20.615528128088304     
         256   20.615528128088304     
         257   20.615528128088304     
         258   20.615528128088304     
         259   20.615528128088304     
         260   20.615528128088304     
         261   20.615528128088304     
         262   20.615528128088304     
         263   20.615528128088304     
         264   20.615528128088304     
         265   20.615528128088304     
         266   20.615528128088304     
         267   20.615528128088304     
         268   20.615528128088304     
         269   20.615528128088304     
         270   20.615528128088304     
         271   20.615528128088304     
         272   20.615528128088304     
         273   20.615528128088304     
         274   20.615528128088304     
         275   20.615528128088304     
         276   20.615528128088304     
         277   20.615528128088304     
         278   20.615528128088304     
         279   20.615528128088304     
         280   20.615528128088304     
         281   20.615528128088304     
         282   20.615528128088304     
         283   20.615528128088304     
         284   20.615528128088304     
         285   20.615528128088304     
         286   20.615528128088304     
         287   20.615528128088304     
         288   20.615528128088304     
         289   20.615528128088304     
         290   20.615528128088304     
         291   20.615528128088304     
         292   20.615528128088304     
         293   20.615528128088304     
         294   20.615528128088304     
         295   20.615528128088304     
         296   20.615528128088304     
         297   20.615528128088304     
         298   20.615528128088304     
         299   20.615528128088304     
         300   20.615528128088304     
         301   20.615528128088304     
