           2   1.0000000000000000     
           3   1.0000000000000000     
           4   2.0000000000000000     
           5   2.0000000000000000     
           6   2.2360679774997898     
           7   2.2360679774997898     
           8   3.1622776601683795     
           9   3.1622776601683795     
          10   3.1622776601683795     
          11   4.1231056256176606     
          12   4.1231056256176606     
          13   4.1231056256176606     
          14   4.1231056256176606     
          15   5.0990195135927845     
          16   5.0990195135927845     
          17   6.0000000000000000     
          18   6.0000000000000000     
          19   6.0000000000000000     
          20   6.0000000000000000     
          21   6.0000000000000000     
          22   6.0827625302982193     
          23   6.0827625302982193     
          24   6.0827625302982193     
          25   6.0827625302982193     
          26   6.0827625302982193     
          27   6.0827625302982193     
          28   6.0827625302982193     
          29   6.0827625302982193     
          30   6.0827625302982193     
          31   6.0827625302982193     
          32   6.0827625302982193     
          33   6.0827625302982193     
          34   6.0827625302982193     
          35   6.0827625302982193     
          36   6.0827625302982193     
          37   6.0827625302982193     
          38   6.0827625302982193     
          39   6.0827625302982193     
          40   6.0827625302982193     
          41   6.0827625302982193     
          42   6.3245553203367590     
          43   6.3245553203367590     
          44   6.3245553203367590     
          45   6.4031242374328485     
          46   6.4031242374328485     
          47   6.4031242374328485     
          48   7.2801098892805181     
          49   7.2801098892805181     
          50   8.2462112512353212     
          51   8.2462112512353212     
          52   8.2462112512353212     
          53   8.2462112512353212     
          54   8.2462112512353212     
          55   8.2462112512353212     
          56   8.2462112512353212     
          57   8.2462112512353212     
          58   8.2462112512353212     
          59   8.2462112512353212     
          60   8.2462112512353212     
          61   8.2462112512353212     
          62   8.2462112512353212     
          63   8.4852813742385695     
          64   9.2195444572928871     
          65   10.000000000000000     
          66   10.000000000000000     
          67   10.000000000000000     
          68   10.000000000000000     
          69   10.000000000000000     
          70   10.816653826391969     
          71   10.816653826391969     
          72   11.661903789690601     
          73   11.661903789690601     
          74   11.661903789690601     
          75   11.661903789690601     
          76   11.661903789690601     
          77   11.661903789690601     
          78   11.661903789690601     
          79   11.661903789690601     
          80   11.661903789690601     
          81   11.661903789690601     
          82   11.661903789690601     
          83   11.661903789690601     
          84   11.704699910719626     
          85   11.704699910719626     
          86   11.704699910719626     
          87   11.704699910719626     
          88   11.704699910719626     
          89   11.704699910719626     
          90   12.529964086141668     
          91   12.529964086141668     
          92   12.529964086141668     
          93   12.529964086141668     
          94   13.416407864998739     
          95   13.416407864998739     
          96   13.416407864998739     
          97   13.416407864998739     
          98   13.416407864998739     
          99   13.416407864998739     
         100   13.416407864998739     
         101   13.416407864998739     
         102   13.416407864998739     
         103   13.416407864998739     
         104   13.416407864998739     
         105   13.416407864998739     
         106   13.416407864998739     
         107   13.416407864998739     
         108   13.416407864998739     
         109   13.416407864998739     
         110   13.416407864998739     
         111   13.416407864998739     
         112   14.317821063276353     
         113   14.317821063276353     
         114   14.317821063276353     
         115   14.317821063276353     
         116   14.317821063276353     
         117   14.317821063276353     
         118   14.317821063276353     
         119   14.317821063276353     
         120   14.317821063276353     
         121   15.231546211727817     
         122   15.231546211727817     
         123   15.231546211727817     
         124   15.231546211727817     
         125   15.231546211727817     
         126   15.231546211727817     
         127   15.231546211727817     
         128   15.231546211727817     
         129   15.231546211727817     
         130   15.231546211727817     
         131   15.231546211727817     
         132   15.231546211727817     
         133   15.231546211727817     
         134   15.231546211727817     
         135   15.231546211727817     
         136   15.231546211727817     
         137   15.231546211727817     
         138   15.231546211727817     
         139   15.231546211727817     
         140   15.231546211727817     
         141   15.231546211727817     
         142   15.231546211727817     
         143   15.231546211727817     
         144   15.231546211727817     
         145   15.231546211727817     
         146   15.231546211727817     
         147   15.231546211727817     
         148   15.231546211727817     
         149   15.231546211727817     
         150   15.231546211727817     
         151   15.231546211727817     
         152   15.652475842498529     
         153   15.652475842498529     
         154   15.652475842498529     
         155   16.155494421403510     
         156   16.155494421403510     
         157   16.278820596099706     
         158   16.970562748477139     
         159   16.970562748477139     
         160   16.970562748477139     
         161   16.970562748477139     
         162   16.970562748477139     
         163   16.970562748477139     
         164   16.970562748477139     
         165   16.970562748477139     
         166   17.691806012954132     
         167   17.691806012954132     
         168   17.691806012954132     
         169   17.691806012954132     
         170   17.691806012954132     
         171   17.691806012954132     
         172   17.691806012954132     
         173   17.691806012954132     
         174   17.691806012954132     
         175   17.691806012954132     
         176   17.691806012954132     
         177   17.691806012954132     
         178   17.691806012954132     
         179   17.720045146669349     
         180   17.720045146669349     
         181   17.720045146669349     
         182   18.439088914585774     
         183   18.439088914585774     
         184   18.439088914585774     
         185   18.439088914585774     
         186   18.439088914585774     
         187   19.416487838947599     
         188   19.416487838947599     
         189   20.396078054371138     
         190   20.396078054371138     
         191   21.377558326431949     
         192   21.377558326431949     
         193   21.377558326431949     
         194   21.377558326431949     
         195   21.377558326431949     
         196   21.377558326431949     
         197   21.377558326431949     
         198   21.377558326431949     
         199   22.360679774997898     
         200   22.360679774997898     
         201   22.360679774997898     
         202   22.360679774997898     
         203   22.360679774997898     
         204   22.360679774997898     
         205   22.360679774997898     
         206   22.360679774997898     
         207   22.360679774997898     
         208   22.360679774997898     
         209   22.360679774997898     
         210   22.360679774997898     
         211   22.360679774997898     
         212   22.360679774997898     
         213   22.360679774997898     
         214   22.360679774997898     
         215   22.360679774997898     
         216   22.360679774997898     
         217   22.360679774997898     
         218   22.803508501982758     
         219   22.803508501982758     
         220   22.803508501982758     
         221   22.803508501982758     
         222   22.803508501982758     
         223   22.803508501982758     
         224   22.803508501982758     
         225   23.345235059857504     
         226   23.345235059857504     
         227   23.345235059857504     
         228   23.345235059857504     
         229   23.345235059857504     
         230   23.345235059857504     
         231   23.345235059857504     
         232   23.345235059857504     
         233   23.345235059857504     
         234   23.345235059857504     
         235   23.345235059857504     
         236   23.345235059857504     
         237   23.409399821439251     
         238   23.409399821439251     
         239   23.409399821439251     
         240   23.409399821439251     
         241   23.409399821439251     
         242   23.409399821439251     
         243   23.409399821439251     
         244   23.409399821439251     
         245   23.409399821439251     
         246   23.409399821439251     
         247   23.409399821439251     
         248   23.409399821439251     
         249   23.409399821439251     
         250   23.409399821439251     
