           2   1.0000000000000000     
           3   1.0000000000000000     
           4   1.4142135623730951     
           5   2.0000000000000000     
           6   2.0000000000000000     
           7   2.2360679774997898     
           8   2.8284271247461903     
           9   3.6055512754639891     
          10   3.6055512754639891     
          11   4.4721359549995796     
          12   5.3851648071345037     
          13   5.8309518948453007     
          14   5.8309518948453007     
          15   6.4031242374328485     
          16   6.4031242374328485     
          17   6.4031242374328485     
          18   6.4031242374328485     
          19   6.4031242374328485     
          20   6.4031242374328485     
          21   6.4031242374328485     
          22   6.4031242374328485     
          23   6.4031242374328485     
          24   6.4031242374328485     
          25   6.4031242374328485     
          26   7.0000000000000000     
          27   7.0000000000000000     
          28   7.0710678118654755     
          29   7.0710678118654755     
          30   7.2111025509279782     
          31   8.0000000000000000     
          32   8.0000000000000000     
          33   8.0000000000000000     
          34   8.0000000000000000     
          35   8.0000000000000000     
          36   8.0000000000000000     
          37   8.6023252670426267     
          38   8.6023252670426267     
          39   9.2195444572928871     
          40   9.2195444572928871     
          41   9.2195444572928871     
          42   9.2195444572928871     
          43   10.049875621120890     
          44   10.049875621120890     
          45   10.198039027185569     
          46   10.198039027185569     
          47   11.180339887498949     
          48   11.401754250991379     
          49   11.401754250991379     
          50   11.704699910719626     
          51   12.165525060596439     
          52   12.165525060596439     
          53   13.152946437965905     
          54   13.152946437965905     
          55   13.152946437965905     
          56   13.152946437965905     
          57   13.152946437965905     
          58   13.152946437965905     
          59   13.152946437965905     
          60   13.152946437965905     
          61   13.152946437965905     
          62   13.152946437965905     
          63   13.152946437965905     
          64   13.341664064126334     
          65   13.341664064126334     
          66   13.341664064126334     
          67   13.341664064126334     
          68   13.341664064126334     
          69   13.341664064126334     
          70   13.341664064126334     
          71   13.341664064126334     
          72   13.341664064126334     
          73   13.341664064126334     
          74   13.341664064126334     
          75   13.341664064126334     
          76   13.341664064126334     
          77   13.341664064126334     
          78   13.416407864998739     
          79   14.317821063276353     
          80   14.317821063276353     
          81   14.317821063276353     
          82   14.317821063276353     
          83   15.231546211727817     
          84   15.231546211727817     
          85   15.231546211727817     
          86   15.231546211727817     
          87   15.231546211727817     
          88   15.231546211727817     
          89   15.231546211727817     
          90   15.231546211727817     
          91   15.231546211727817     
          92   15.231546211727817     
          93   15.231546211727817     
          94   15.231546211727817     
          95   16.155494421403510     
          96   16.155494421403510     
          97   16.155494421403510     
          98   16.155494421403510     
          99   16.155494421403510     
         100   16.155494421403510     
         101   16.155494421403510     
         102   16.155494421403510     
         103   16.155494421403510     
         104   16.155494421403510     
         105   16.155494421403510     
         106   16.155494421403510     
         107   16.155494421403510     
         108   16.155494421403510     
         109   16.155494421403510     
         110   16.155494421403510     
         111   16.155494421403510     
         112   16.155494421403510     
         113   16.155494421403510     
         114   16.155494421403510     
         115   16.155494421403510     
         116   16.155494421403510     
         117   16.155494421403510     
         118   16.155494421403510     
         119   16.155494421403510     
         120   16.155494421403510     
         121   16.155494421403510     
         122   16.155494421403510     
         123   16.155494421403510     
         124   16.155494421403510     
         125   16.155494421403510     
         126   16.155494421403510     
         127   16.155494421403510     
         128   16.155494421403510     
         129   16.155494421403510     
         130   16.155494421403510     
         131   16.155494421403510     
         132   16.155494421403510     
         133   16.155494421403510     
         134   16.155494421403510     
         135   16.155494421403510     
         136   16.155494421403510     
         137   16.155494421403510     
         138   16.155494421403510     
         139   16.155494421403510     
         140   16.155494421403510     
         141   16.155494421403510     
         142   16.155494421403510     
         143   16.155494421403510     
         144   16.155494421403510     
         145   16.155494421403510     
         146   16.155494421403510     
         147   16.155494421403510     
         148   16.155494421403510     
         149   16.155494421403510     
         150   16.155494421403510     
         151   16.155494421403510     
         152   16.155494421403510     
         153   16.155494421403510     
         154   16.155494421403510     
         155   16.155494421403510     
         156   16.155494421403510     
         157   16.155494421403510     
         158   16.155494421403510     
         159   16.155494421403510     
         160   16.155494421403510     
         161   16.155494421403510     
         162   16.155494421403510     
         163   16.155494421403510     
         164   16.155494421403510     
         165   16.401219466856727     
         166   16.401219466856727     
         167   16.401219466856727     
         168   16.401219466856727     
         169   16.401219466856727     
         170   16.401219466856727     
         171   16.401219466856727     
         172   16.401219466856727     
         173   16.401219466856727     
         174   16.401219466856727     
         175   16.401219466856727     
         176   16.401219466856727     
         177   16.552945357246848     
         178   16.552945357246848     
         179   16.552945357246848     
         180   17.464249196572979     
         181   17.464249196572979     
         182   17.464249196572979     
         183   17.464249196572979     
         184   17.464249196572979     
         185   17.464249196572979     
         186   17.464249196572979     
         187   17.464249196572979     
         188   17.464249196572979     
         189   17.464249196572979     
         190   17.464249196572979     
         191   17.464249196572979     
         192   17.464249196572979     
         193   17.464249196572979     
         194   17.464249196572979     
         195   17.464249196572979     
         196   17.464249196572979     
         197   17.464249196572979     
         198   17.464249196572979     
         199   17.464249196572979     
         200   17.464249196572979     
         201   17.464249196572979     
         202   17.464249196572979     
         203   17.464249196572979     
         204   17.464249196572979     
         205   17.464249196572979     
         206   17.464249196572979     
         207   17.464249196572979     
         208   17.464249196572979     
         209   17.464249196572979     
         210   17.464249196572979     
         211   17.464249196572979     
         212   17.464249196572979     
         213   17.464249196572979     
         214   17.464249196572979     
         215   17.464249196572979     
         216   17.464249196572979     
         217   17.464249196572979     
         218   17.464249196572979     
         219   17.464249196572979     
         220   17.464249196572979     
         221   17.464249196572979     
         222   17.464249196572979     
         223   17.464249196572979     
         224   17.464249196572979     
         225   17.464249196572979     
         226   17.464249196572979     
         227   17.464249196572979     
         228   17.464249196572979     
         229   17.464249196572979     
         230   17.464249196572979     
         231   17.464249196572979     
         232   17.464249196572979     
         233   17.464249196572979     
         234   17.464249196572979     
         235   17.464249196572979     
         236   17.464249196572979     
         237   17.464249196572979     
         238   17.464249196572979     
         239   17.464249196572979     
         240   17.464249196572979     
         241   17.464249196572979     
