           2   1.0000000000000000     
           3   2.0000000000000000     
           4   3.0000000000000000     
           5   3.0000000000000000     
           6   3.0000000000000000     
           7   3.1622776601683795     
           8   4.0000000000000000     
           9   4.0000000000000000     
          10   4.0000000000000000     
          11   4.0000000000000000     
          12   4.0000000000000000     
          13   4.0000000000000000     
          14   4.0000000000000000     
          15   4.0000000000000000     
          16   4.0000000000000000     
          17   4.0000000000000000     
          18   4.0000000000000000     
          19   4.0000000000000000     
          20   4.0000000000000000     
          21   4.2426406871192848     
          22   4.4721359549995796     
          23   4.4721359549995796     
          24   4.4721359549995796     
          25   4.4721359549995796     
          26   5.3851648071345037     
          27   5.3851648071345037     
          28   5.3851648071345037     
          29   5.3851648071345037     
          30   5.3851648071345037     
          31   5.3851648071345037     
          32   5.3851648071345037     
          33   5.3851648071345037     
          34   5.3851648071345037     
          35   6.3245553203367590     
          36   6.3245553203367590     
          37   6.3245553203367590     
          38   6.3245553203367590     
          39   6.3245553203367590     
          40   6.3245553203367590     
          41   6.3245553203367590     
          42   6.3245553203367590     
          43   6.3245553203367590     
          44   6.7082039324993694     
          45   6.7082039324993694     
          46   6.7082039324993694     
          47   7.6157731058639087     
          48   7.6157731058639087     
          49   7.6157731058639087     
          50   7.6157731058639087     
          51   7.6157731058639087     
          52   7.6157731058639087     
          53   7.6157731058639087     
          54   7.6157731058639087     
          55   7.6157731058639087     
          56   7.6157731058639087     
          57   7.6157731058639087     
          58   7.6157731058639087     
          59   7.6157731058639087     
          60   7.6157731058639087     
          61   7.6157731058639087     
          62   7.6157731058639087     
          63   7.6157731058639087     
          64   7.8102496759066540     
          65   8.6023252670426267     
          66   8.6023252670426267     
          67   9.4339811320566032     
          68   9.4339811320566032     
          69   9.4339811320566032     
          70   9.4339811320566032     
          71   9.4339811320566032     
          72   9.4339811320566032     
          73   9.4339811320566032     
          74   10.295630140987001     
          75   11.180339887498949     
          76   11.180339887498949     
          77   12.083045973594572     
          78   12.083045973594572     
          79   12.083045973594572     
          80   13.000000000000000     
          81   13.000000000000000     
          82   13.000000000000000     
          83   13.000000000000000     
          84   13.000000000000000     
          85   13.000000000000000     
          86   13.928388277184119     
          87   13.928388277184119     
          88   14.317821063276353     
          89   15.231546211727817     
          90   15.231546211727817     
          91   15.231546211727817     
          92   15.231546211727817     
          93   15.231546211727817     
          94   15.231546211727817     
          95   15.231546211727817     
          96   15.231546211727817     
          97   15.231546211727817     
          98   15.231546211727817     
          99   15.231546211727817     
         100   15.231546211727817     
         101   15.231546211727817     
         102   15.231546211727817     
         103   15.231546211727817     
         104   15.231546211727817     
         105   15.231546211727817     
         106   15.231546211727817     
         107   15.231546211727817     
         108   15.297058540778355     
         109   15.652475842498529     
         110   16.278820596099706     
         111   17.262676501632068     
         112   17.262676501632068     
         113   17.262676501632068     
         114   18.110770276274835     
         115   18.110770276274835     
         116   18.110770276274835     
         117   19.104973174542799     
         118   19.104973174542799     
         119   19.235384061671343     
         120   19.416487838947599     
         121   19.416487838947599     
         122   19.416487838947599     
         123   19.416487838947599     
         124   20.396078054371138     
         125   20.396078054371138     
         126   20.396078054371138     
         127   20.615528128088304     
         128   21.587033144922902     
         129   21.587033144922902     
         130   21.587033144922902     
         131   21.587033144922902     
         132   22.561028345356956     
         133   22.561028345356956     
         134   22.561028345356956     
         135   22.561028345356956     
         136   22.561028345356956     
         137   22.561028345356956     
         138   22.561028345356956     
         139   22.561028345356956     
         140   22.561028345356956     
         141   22.561028345356956     
         142   22.561028345356956     
         143   22.561028345356956     
         144   22.561028345356956     
         145   22.561028345356956     
         146   22.561028345356956     
         147   22.561028345356956     
         148   22.561028345356956     
         149   22.561028345356956     
         150   22.561028345356956     
         151   22.561028345356956     
         152   22.561028345356956     
         153   22.561028345356956     
         154   22.561028345356956     
         155   22.561028345356956     
         156   22.561028345356956     
         157   22.561028345356956     
         158   22.561028345356956     
         159   22.561028345356956     
         160   22.561028345356956     
         161   22.561028345356956     
         162   22.561028345356956     
         163   22.561028345356956     
         164   22.561028345356956     
         165   22.561028345356956     
         166   22.561028345356956     
         167   22.561028345356956     
         168   22.561028345356956     
         169   22.561028345356956     
         170   22.561028345356956     
         171   22.561028345356956     
         172   22.561028345356956     
         173   22.561028345356956     
         174   22.561028345356956     
         175   22.561028345356956     
         176   22.561028345356956     
         177   22.561028345356956     
         178   22.561028345356956     
         179   22.561028345356956     
         180   22.561028345356956     
         181   22.561028345356956     
         182   22.561028345356956     
         183   22.561028345356956     
         184   22.561028345356956     
         185   22.561028345356956     
         186   22.561028345356956     
         187   22.561028345356956     
         188   22.561028345356956     
         189   22.561028345356956     
         190   22.561028345356956     
         191   22.561028345356956     
         192   22.561028345356956     
         193   22.561028345356956     
         194   22.561028345356956     
         195   22.561028345356956     
         196   22.561028345356956     
         197   22.561028345356956     
         198   22.561028345356956     
         199   22.561028345356956     
         200   22.561028345356956     
         201   22.561028345356956     
         202   22.561028345356956     
         203   22.561028345356956     
         204   22.561028345356956     
         205   23.345235059857504     
         206   23.345235059857504     
         207   23.345235059857504     
         208   23.345235059857504     
         209   23.345235059857504     
         210   23.345235059857504     
         211   23.345235059857504     
         212   23.345235059857504     
         213   23.345235059857504     
         214   23.345235059857504     
         215   23.345235059857504     
         216   23.345235059857504     
         217   23.345235059857504     
         218   23.345235059857504     
         219   23.345235059857504     
         220   23.345235059857504     
         221   23.345235059857504     
         222   23.345235059857504     
         223   23.345235059857504     
         224   23.345235059857504     
