           2   1.0000000000000000     
           3   1.4142135623730951     
           4   2.2360679774997898     
           5   2.2360679774997898     
           6   2.2360679774997898     
           7   2.2360679774997898     
           8   2.2360679774997898     
           9   2.2360679774997898     
          10   3.1622776601683795     
          11   3.1622776601683795     
          12   3.1622776601683795     
          13   3.1622776601683795     
          14   3.1622776601683795     
          15   3.1622776601683795     
          16   3.1622776601683795     
          17   3.1622776601683795     
          18   3.1622776601683795     
          19   3.1622776601683795     
          20   3.1622776601683795     
          21   3.1622776601683795     
          22   3.6055512754639891     
          23   4.2426406871192848     
          24   4.2426406871192848     
          25   4.2426406871192848     
          26   4.2426406871192848     
          27   4.2426406871192848     
          28   4.2426406871192848     
          29   5.0000000000000000     
          30   5.8309518948453007     
          31   5.8309518948453007     
          32   5.8309518948453007     
          33   5.8309518948453007     
          34   6.7082039324993694     
          35   6.7082039324993694     
          36   7.0710678118654755     
          37   7.0710678118654755     
          38   7.2111025509279782     
          39   7.2111025509279782     
          40   7.6157731058639087     
          41   8.5440037453175304     
          42   8.5440037453175304     
          43   8.5440037453175304     
          44   8.5440037453175304     
          45   8.5440037453175304     
          46   8.5440037453175304     
          47   8.5440037453175304     
          48   8.5440037453175304     
          49   9.0553851381374173     
          50   9.2195444572928871     
          51   10.049875621120890     
          52   10.049875621120890     
          53   11.045361017187261     
          54   12.041594578792296     
          55   12.041594578792296     
          56   12.041594578792296     
          57   12.041594578792296     
          58   12.041594578792296     
          59   13.038404810405298     
          60   13.038404810405298     
          61   13.038404810405298     
          62   13.038404810405298     
          63   13.038404810405298     
          64   13.038404810405298     
          65   13.038404810405298     
          66   14.000000000000000     
          67   14.000000000000000     
          68   14.000000000000000     
          69   15.000000000000000     
          70   15.000000000000000     
          71   15.000000000000000     
          72   15.000000000000000     
          73   15.000000000000000     
          74   15.000000000000000     
          75   15.000000000000000     
          76   15.000000000000000     
          77   15.000000000000000     
          78   15.000000000000000     
          79   15.000000000000000     
          80   15.000000000000000     
          81   15.033296378372908     
          82   15.033296378372908     
          83   15.033296378372908     
          84   15.033296378372908     
          85   15.033296378372908     
          86   15.033296378372908     
          87   16.031219541881399     
          88   16.031219541881399     
          89   16.031219541881399     
          90   16.278820596099706     
          91   16.278820596099706     
          92   17.262676501632068     
          93   17.262676501632068     
          94   17.262676501632068     
          95   18.027756377319946     
          96   18.027756377319946     
          97   18.248287590894659     
          98   18.248287590894659     
          99   18.248287590894659     
         100   18.248287590894659     
         101   18.248287590894659     
         102   18.248287590894659     
         103   18.248287590894659     
         104   18.248287590894659     
         105   18.248287590894659     
         106   18.248287590894659     
         107   18.248287590894659     
         108   18.248287590894659     
         109   18.248287590894659     
         110   18.248287590894659     
         111   18.248287590894659     
         112   18.248287590894659     
         113   18.248287590894659     
         114   18.248287590894659     
         115   19.104973174542799     
         116   19.104973174542799     
         117   19.104973174542799     
         118   19.104973174542799     
         119   19.104973174542799     
         120   19.104973174542799     
         121   19.104973174542799     
         122   19.104973174542799     
         123   19.104973174542799     
         124   19.104973174542799     
         125   19.104973174542799     
         126   19.104973174542799     
         127   19.104973174542799     
         128   19.104973174542799     
         129   19.104973174542799     
         130   19.104973174542799     
         131   19.104973174542799     
         132   19.104973174542799     
         133   19.104973174542799     
         134   19.104973174542799     
         135   19.104973174542799     
         136   19.235384061671343     
         137   19.235384061671343     
         138   20.223748416156685     
         139   20.223748416156685     
         140   20.223748416156685     
         141   20.223748416156685     
         142   20.223748416156685     
         143   20.223748416156685     
         144   20.223748416156685     
         145   20.223748416156685     
         146   20.223748416156685     
         147   20.223748416156685     
         148   20.223748416156685     
         149   20.223748416156685     
         150   20.223748416156685     
         151   20.223748416156685     
         152   20.223748416156685     
         153   20.223748416156685     
         154   20.223748416156685     
         155   20.223748416156685     
         156   20.223748416156685     
         157   20.223748416156685     
         158   20.223748416156685     
         159   20.223748416156685     
         160   20.223748416156685     
         161   20.223748416156685     
         162   20.223748416156685     
         163   20.223748416156685     
         164   20.223748416156685     
         165   20.223748416156685     
         166   20.223748416156685     
         167   20.223748416156685     
         168   20.223748416156685     
         169   20.223748416156685     
         170   20.223748416156685     
         171   21.023796041628639     
         172   21.023796041628639     
         173   21.023796041628639     
         174   21.023796041628639     
         175   21.023796041628639     
         176   22.022715545545239     
         177   23.021728866442675     
         178   23.086792761230392     
         179   23.194827009486403     
         180   24.186773244895647     
         181   25.179356624028344     
         182   25.179356624028344     
         183   25.179356624028344     
         184   25.179356624028344     
         185   25.179356624028344     
         186   25.179356624028344     
         187   25.317977802344327     
         188   25.317977802344327     
         189   25.317977802344327     
         190   25.317977802344327     
         191   25.317977802344327     
         192   25.317977802344327     
         193   25.317977802344327     
         194   25.317977802344327     
         195   25.317977802344327     
         196   25.317977802344327     
         197   26.076809620810597     
         198   26.076809620810597     
         199   26.076809620810597     
         200   26.076809620810597     
         201   27.073972741361768     
         202   28.071337695236398     
         203   28.160255680657446     
         204   29.154759474226502     
         205   29.154759474226502     
         206   29.154759474226502     
         207   29.154759474226502     
         208   29.154759474226502     
         209   29.154759474226502     
         210   30.149626863362670     
         211   30.149626863362670     
         212   30.149626863362670     
         213   30.149626863362670     
         214   30.149626863362670     
         215   30.149626863362670     
         216   30.149626863362670     
         217   30.149626863362670     
         218   30.149626863362670     
         219   30.149626863362670     
         220   30.149626863362670     
         221   30.149626863362670     
         222   30.149626863362670     
         223   30.149626863362670     
         224   30.149626863362670     
         225   30.149626863362670     
         226   30.149626863362670     
         227   30.149626863362670     
         228   31.144823004794873     
         229   32.140317359976393     
         230   33.136083051561783     
         231   33.136083051561783     
         232   33.136083051561783     
         233   34.132096331752024     
         234   34.132096331752024     
         235   34.132096331752024     
         236   34.132096331752024     
         237   34.132096331752024     
         238   34.234485537247380     
         239   34.365680554879162     
         240   34.525353003264136     
         241   34.525353003264136     
         242   34.525353003264136     
         243   34.525353003264136     
         244   34.525353003264136     
         245   34.525353003264136     
         246   34.525353003264136     
         247   34.525353003264136     
         248   34.525353003264136     
         249   34.525353003264136     
         250   34.525353003264136     
         251   34.525353003264136     
         252   34.525353003264136     
         253   34.525353003264136     
         254   34.525353003264136     
         255   35.355339059327378     
         256   35.355339059327378     
         257   35.355339059327378     
         258   35.355339059327378     
         259   35.355339059327378     
         260   35.355339059327378     
         261   35.355339059327378     
         262   35.355339059327378     
         263   35.355339059327378     
         264   35.355339059327378     
         265   35.355339059327378     
         266   35.355339059327378     
         267   35.355339059327378     
         268   35.355339059327378     
         269   35.355339059327378     
         270   35.355339059327378     
         271   35.355339059327378     
         272   35.355339059327378     
         273   35.355339059327378     
         274   35.355339059327378     
         275   36.345563690772494     
         276   36.496575181789318     
         277   36.496575181789318     
         278   36.496575181789318     
         279   37.483329627982627     
         280   37.483329627982627     
         281   37.483329627982627     
         282   37.483329627982627     
         283   37.483329627982627     
         284   37.483329627982627     
         285   37.483329627982627     
         286   37.483329627982627     
         287   37.483329627982627     
         288   37.483329627982627     
         289   37.483329627982627     
         290   37.483329627982627     
         291   37.483329627982627     
         292   37.483329627982627     
         293   37.483329627982627     
         294   37.483329627982627     
         295   37.483329627982627     
         296   37.483329627982627     
         297   37.483329627982627     
         298   37.483329627982627     
         299   37.483329627982627     
         300   37.483329627982627     
         301   37.483329627982627     
         302   37.483329627982627     
         303   37.483329627982627     
         304   37.483329627982627     
         305   37.483329627982627     
         306   37.483329627982627     
         307   37.483329627982627     
         308   37.483329627982627     
         309   37.483329627982627     
         310   37.483329627982627     
         311   37.483329627982627     
         312   37.483329627982627     
         313   37.483329627982627     
         314   37.483329627982627     
         315   37.483329627982627     
         316   37.483329627982627     
         317   37.483329627982627     
         318   37.483329627982627     
         319   37.483329627982627     
         320   37.483329627982627     
         321   37.483329627982627     
         322   37.483329627982627     
         323   37.483329627982627     
         324   37.483329627982627     
         325   37.483329627982627     
         326   37.483329627982627     
         327   37.483329627982627     
         328   37.483329627982627     
         329   37.483329627982627     
         330   37.483329627982627     
         331   37.483329627982627     
         332   37.483329627982627     
         333   37.483329627982627     
         334   37.483329627982627     
         335   37.483329627982627     
         336   37.483329627982627     
         337   37.483329627982627     
         338   37.483329627982627     
         339   37.483329627982627     
         340   37.483329627982627     
         341   37.483329627982627     
         342   37.483329627982627     
         343   37.483329627982627     
         344   37.483329627982627     
         345   37.483329627982627     
         346   37.483329627982627     
         347   37.483329627982627     
         348   37.483329627982627     
         349   37.483329627982627     
         350   37.483329627982627     
         351   37.483329627982627     
         352   37.483329627982627     
         353   37.483329627982627     
         354   37.483329627982627     
         355   37.483329627982627     
         356   37.483329627982627     
         357   37.483329627982627     
         358   37.483329627982627     
         359   37.483329627982627     
