           2   1.0000000000000000     
           3   1.0000000000000000     
           4   2.0000000000000000     
           5   2.2360679774997898     
           6   2.2360679774997898     
           7   3.1622776601683795     
           8   3.1622776601683795     
           9   3.1622776601683795     
          10   3.1622776601683795     
          11   3.1622776601683795     
          12   4.1231056256176606     
          13   4.4721359549995796     
          14   5.3851648071345037     
          15   5.3851648071345037     
          16   5.3851648071345037     
          17   5.3851648071345037     
          18   6.3245553203367590     
          19   6.7082039324993694     
          20   7.2801098892805181     
          21   7.2801098892805181     
          22   7.2801098892805181     
          23   7.2801098892805181     
          24   7.2801098892805181     
          25   7.2801098892805181     
          26   7.2801098892805181     
          27   7.2801098892805181     
          28   7.2801098892805181     
          29   7.2801098892805181     
          30   7.2801098892805181     
          31   7.2801098892805181     
          32   7.2801098892805181     
          33   7.2801098892805181     
          34   7.2801098892805181     
          35   7.2801098892805181     
          36   7.2801098892805181     
          37   7.8102496759066540     
          38   7.8102496759066540     
          39   7.8102496759066540     
          40   7.8102496759066540     
          41   7.8102496759066540     
          42   7.8102496759066540     
          43   7.8102496759066540     
          44   7.8102496759066540     
          45   7.8102496759066540     
          46   8.6023252670426267     
          47   9.2195444572928871     
          48   9.2195444572928871     
          49   9.4339811320566032     
          50   9.4339811320566032     
          51   9.4339811320566032     
          52   9.4339811320566032     
          53   9.4339811320566032     
          54   9.4339811320566032     
          55   9.4339811320566032     
          56   9.4339811320566032     
          57   9.4339811320566032     
          58   9.4339811320566032     
          59   10.000000000000000     
          60   10.000000000000000     
          61   10.000000000000000     
          62   10.000000000000000     
          63   10.000000000000000     
          64   10.000000000000000     
          65   10.000000000000000     
          66   10.000000000000000     
          67   10.630145812734650     
          68   10.630145812734650     
          69   10.630145812734650     
          70   10.630145812734650     
          71   10.630145812734650     
          72   10.630145812734650     
          73   10.630145812734650     
          74   10.630145812734650     
          75   10.630145812734650     
          76   11.180339887498949     
          77   11.401754250991379     
          78   12.041594578792296     
          79   12.041594578792296     
          80   12.041594578792296     
          81   12.041594578792296     
          82   12.041594578792296     
          83   12.041594578792296     
          84   12.806248474865697     
          85   13.601470508735444     
          86   13.601470508735444     
          87   13.601470508735444     
          88   13.601470508735444     
          89   14.422205101855956     
          90   15.000000000000000     
          91   15.000000000000000     
          92   15.000000000000000     
          93   15.000000000000000     
          94   15.000000000000000     
          95   15.000000000000000     
          96   15.000000000000000     
          97   15.000000000000000     
          98   15.000000000000000     
          99   15.000000000000000     
         100   15.811388300841896     
         101   16.401219466856727     
         102   17.029386365926403     
         103   17.029386365926403     
         104   17.029386365926403     
         105   17.029386365926403     
         106   17.029386365926403     
         107   17.029386365926403     
         108   17.029386365926403     
         109   17.029386365926403     
         110   17.029386365926403     
         111   17.029386365926403     
         112   17.029386365926403     
         113   17.029386365926403     
         114   17.029386365926403     
         115   17.029386365926403     
         116   17.029386365926403     
         117   17.029386365926403     
         118   17.029386365926403     
         119   17.888543819998318     
         120   18.788294228055936     
         121   18.788294228055936     
         122   18.788294228055936     
         123   19.697715603592208     
         124   19.697715603592208     
         125   19.697715603592208     
         126   19.697715603592208     
         127   19.697715603592208     
         128   19.697715603592208     
         129   19.697715603592208     
         130   19.697715603592208     
         131   19.697715603592208     
         132   19.697715603592208     
         133   19.697715603592208     
         134   19.697715603592208     
         135   19.697715603592208     
         136   19.697715603592208     
         137   19.697715603592208     
         138   20.615528128088304     
         139   21.023796041628639     
         140   21.023796041628639     
         141   21.023796041628639     
         142   21.023796041628639     
         143   21.023796041628639     
         144   21.470910553583888     
         145   21.470910553583888     
         146   22.360679774997898     
         147   22.360679774997898     
         148   22.360679774997898     
         149   22.360679774997898     
         150   22.360679774997898     
         151   22.360679774997898     
         152   22.360679774997898     
         153   22.360679774997898     
         154   22.360679774997898     
         155   22.360679774997898     
         156   22.360679774997898     
         157   22.360679774997898     
         158   22.360679774997898     
         159   22.360679774997898     
         160   22.360679774997898     
         161   22.360679774997898     
         162   22.360679774997898     
         163   22.360679774997898     
         164   22.360679774997898     
         165   22.360679774997898     
         166   22.360679774997898     
         167   22.360679774997898     
         168   22.360679774997898     
         169   22.360679774997898     
         170   22.360679774997898     
         171   22.360679774997898     
         172   22.360679774997898     
         173   22.360679774997898     
         174   22.360679774997898     
         175   22.360679774997898     
         176   22.360679774997898     
         177   22.360679774997898     
         178   22.360679774997898     
         179   22.360679774997898     
         180   22.360679774997898     
         181   22.360679774997898     
         182   22.360679774997898     
         183   22.360679774997898     
         184   22.360679774997898     
         185   22.360679774997898     
         186   22.360679774997898     
         187   22.360679774997898     
         188   22.360679774997898     
         189   22.360679774997898     
         190   22.360679774997898     
         191   22.360679774997898     
         192   22.360679774997898     
         193   22.360679774997898     
         194   22.360679774997898     
         195   22.360679774997898     
         196   22.360679774997898     
         197   22.360679774997898     
         198   22.360679774997898     
         199   22.360679774997898     
         200   22.360679774997898     
         201   22.360679774997898     
         202   22.360679774997898     
         203   22.360679774997898     
         204   22.360679774997898     
         205   22.360679774997898     
         206   22.360679774997898     
         207   22.360679774997898     
         208   22.360679774997898     
         209   22.360679774997898     
         210   22.360679774997898     
         211   22.360679774997898     
         212   22.360679774997898     
         213   22.360679774997898     
         214   22.360679774997898     
         215   22.360679774997898     
         216   22.360679774997898     
         217   22.360679774997898     
         218   22.360679774997898     
         219   22.360679774997898     
         220   22.360679774997898     
         221   22.360679774997898     
         222   22.360679774997898     
         223   22.360679774997898     
         224   22.360679774997898     
         225   22.360679774997898     
         226   22.360679774997898     
         227   22.360679774997898     
         228   22.360679774997898     
         229   22.360679774997898     
         230   22.360679774997898     
         231   22.360679774997898     
         232   22.360679774997898     
         233   22.360679774997898     
         234   22.360679774997898     
         235   22.360679774997898     
         236   22.360679774997898     
         237   22.360679774997898     
         238   22.360679774997898     
         239   22.360679774997898     
         240   22.360679774997898     
         241   22.360679774997898     
         242   22.360679774997898     
         243   22.360679774997898     
         244   22.360679774997898     
         245   22.360679774997898     
         246   22.360679774997898     
         247   22.360679774997898     
         248   22.360679774997898     
         249   22.360679774997898     
         250   22.360679774997898     
         251   22.360679774997898     
         252   22.360679774997898     
         253   22.360679774997898     
         254   22.360679774997898     
         255   22.360679774997898     
         256   23.259406699226016     
         257   23.259406699226016     
         258   23.259406699226016     
         259   23.259406699226016     
         260   23.259406699226016     
         261   23.259406699226016     
         262   23.259406699226016     
         263   23.259406699226016     
         264   23.259406699226016     
         265   23.259406699226016     
         266   23.259406699226016     
         267   23.259406699226016     
         268   23.259406699226016     
         269   23.259406699226016     
         270   23.259406699226016     
         271   23.259406699226016     
         272   23.259406699226016     
         273   23.259406699226016     
         274   23.259406699226016     
         275   23.259406699226016     
         276   23.259406699226016     
         277   23.259406699226016     
         278   23.259406699226016     
         279   23.259406699226016     
         280   23.259406699226016     
         281   23.259406699226016     
         282   23.259406699226016     
         283   23.259406699226016     
         284   23.259406699226016     
         285   23.259406699226016     
         286   23.259406699226016     
         287   23.259406699226016     
         288   23.259406699226016     
         289   23.259406699226016     
         290   23.259406699226016     
         291   23.259406699226016     
         292   23.259406699226016     
         293   23.259406699226016     
         294   23.259406699226016     
         295   23.259406699226016     
         296   23.259406699226016     
         297   23.259406699226016     
         298   23.259406699226016     
         299   23.259406699226016     
         300   23.259406699226016     
         301   23.259406699226016     
         302   23.259406699226016     
         303   23.259406699226016     
         304   23.259406699226016     
         305   23.259406699226016     
         306   23.259406699226016     
         307   23.259406699226016     
         308   23.259406699226016     
         309   23.259406699226016     
         310   23.259406699226016     
         311   23.259406699226016     
         312   23.259406699226016     
         313   23.259406699226016     
         314   23.259406699226016     
         315   23.259406699226016     
         316   23.259406699226016     
         317   23.259406699226016     
         318   23.259406699226016     
         319   23.259406699226016     
         320   23.259406699226016     
         321   23.259406699226016     
         322   23.259406699226016     
         323   23.259406699226016     
         324   23.259406699226016     
         325   23.259406699226016     
         326   23.259406699226016     
         327   23.259406699226016     
         328   23.259406699226016     
         329   23.259406699226016     
         330   23.259406699226016     
         331   23.259406699226016     
         332   23.259406699226016     
         333   23.259406699226016     
         334   23.259406699226016     
         335   23.259406699226016     
         336   23.259406699226016     
         337   23.259406699226016     
         338   23.259406699226016     
         339   23.259406699226016     
         340   23.259406699226016     
         341   23.259406699226016     
         342   23.259406699226016     
         343   23.259406699226016     
         344   23.259406699226016     
         345   23.259406699226016     
         346   23.259406699226016     
         347   23.259406699226016     
         348   23.259406699226016     
         349   23.259406699226016     
         350   23.259406699226016     
         351   23.259406699226016     
         352   23.259406699226016     
         353   23.259406699226016     
         354   23.259406699226016     
         355   23.259406699226016     
         356   23.259406699226016     
         357   23.259406699226016     
         358   23.259406699226016     
         359   23.259406699226016     
         360   23.259406699226016     
         361   23.259406699226016     
         362   23.259406699226016     
