           2   1.0000000000000000     
           3   1.0000000000000000     
           4   1.4142135623730951     
           5   2.2360679774997898     
           6   2.8284271247461903     
           7   3.6055512754639891     
           8   4.4721359549995796     
           9   4.4721359549995796     
          10   4.4721359549995796     
          11   4.4721359549995796     
          12   4.4721359549995796     
          13   4.4721359549995796     
          14   4.4721359549995796     
          15   4.4721359549995796     
          16   4.4721359549995796     
          17   4.4721359549995796     
          18   4.4721359549995796     
          19   4.4721359549995796     
          20   4.4721359549995796     
          21   4.4721359549995796     
          22   4.4721359549995796     
          23   4.4721359549995796     
          24   4.4721359549995796     
          25   5.3851648071345037     
          26   6.3245553203367590     
          27   7.2801098892805181     
          28   7.2801098892805181     
          29   7.2801098892805181     
          30   7.2801098892805181     
          31   8.2462112512353212     
          32   8.2462112512353212     
          33   8.2462112512353212     
          34   8.2462112512353212     
          35   8.2462112512353212     
          36   8.2462112512353212     
          37   9.2195444572928871     
          38   9.2195444572928871     
          39   10.198039027185569     
          40   10.440306508910551     
          41   10.440306508910551     
          42   10.440306508910551     
          43   10.440306508910551     
          44   10.440306508910551     
          45   10.440306508910551     
          46   10.440306508910551     
          47   10.440306508910551     
          48   10.440306508910551     
          49   10.440306508910551     
          50   10.440306508910551     
          51   10.440306508910551     
          52   10.440306508910551     
          53   10.440306508910551     
          54   10.440306508910551     
          55   10.440306508910551     
          56   10.440306508910551     
          57   10.440306508910551     
          58   10.440306508910551     
          59   10.440306508910551     
          60   10.440306508910551     
          61   10.440306508910551     
          62   10.440306508910551     
          63   10.440306508910551     
          64   10.440306508910551     
          65   10.440306508910551     
          66   10.440306508910551     
          67   10.440306508910551     
          68   10.440306508910551     
          69   10.440306508910551     
          70   10.440306508910551     
          71   10.440306508910551     
          72   10.440306508910551     
          73   10.440306508910551     
          74   10.440306508910551     
          75   10.440306508910551     
          76   10.440306508910551     
          77   10.440306508910551     
          78   10.440306508910551     
          79   10.440306508910551     
          80   10.440306508910551     
          81   10.440306508910551     
          82   10.440306508910551     
          83   10.770329614269007     
          84   10.770329614269007     
          85   10.770329614269007     
          86   10.770329614269007     
          87   10.770329614269007     
          88   10.770329614269007     
          89   10.770329614269007     
          90   10.770329614269007     
          91   11.000000000000000     
          92   12.000000000000000     
          93   12.000000000000000     
          94   12.000000000000000     
          95   12.000000000000000     
          96   12.041594578792296     
          97   12.165525060596439     
          98   12.165525060596439     
          99   13.038404810405298     
         100   13.038404810405298     
         101   13.038404810405298     
         102   13.038404810405298     
         103   13.038404810405298     
         104   13.038404810405298     
         105   13.038404810405298     
         106   13.038404810405298     
         107   14.035668847618199     
         108   14.035668847618199     
         109   15.033296378372908     
         110   15.033296378372908     
         111   15.033296378372908     
         112   15.033296378372908     
         113   15.033296378372908     
         114   15.033296378372908     
         115   15.033296378372908     
         116   15.033296378372908     
         117   15.033296378372908     
         118   15.033296378372908     
         119   15.033296378372908     
         120   15.033296378372908     
         121   15.033296378372908     
         122   15.033296378372908     
         123   15.033296378372908     
         124   15.033296378372908     
         125   15.033296378372908     
         126   16.031219541881399     
         127   16.031219541881399     
         128   16.031219541881399     
         129   17.029386365926403     
         130   17.029386365926403     
         131   17.029386365926403     
         132   17.029386365926403     
         133   17.029386365926403     
         134   17.029386365926403     
         135   17.029386365926403     
         136   17.029386365926403     
         137   17.029386365926403     
         138   17.029386365926403     
         139   17.029386365926403     
         140   17.029386365926403     
         141   17.029386365926403     
         142   17.029386365926403     
         143   17.029386365926403     
         144   17.029386365926403     
         145   17.029386365926403     
         146   17.117242768623690     
         147   17.117242768623690     
         148   17.117242768623690     
         149   17.117242768623690     
         150   18.027756377319946     
         151   19.026297590440446     
         152   19.026297590440446     
         153   19.026297590440446     
         154   19.026297590440446     
         155   19.026297590440446     
         156   19.026297590440446     
         157   19.026297590440446     
         158   19.026297590440446     
         159   19.026297590440446     
         160   19.026297590440446     
         161   19.026297590440446     
         162   20.024984394500787     
         163   20.024984394500787     
         164   20.024984394500787     
         165   20.024984394500787     
         166   20.099751242241780     
         167   20.099751242241780     
         168   20.099751242241780     
         169   21.095023109728988     
         170   21.095023109728988     
         171   21.213203435596427     
         172   21.213203435596427     
         173   21.213203435596427     
         174   21.213203435596427     
         175   21.377558326431949     
         176   22.360679774997898     
         177   22.360679774997898     
         178   23.345235059857504     
         179   23.345235059857504     
         180   23.345235059857504     
         181   23.345235059857504     
         182   23.345235059857504     
         183   23.345235059857504     
         184   23.537204591879640     
         185   23.537204591879640     
         186   23.537204591879640     
         187   23.537204591879640     
         188   23.537204591879640     
         189   23.537204591879640     
         190   23.537204591879640     
         191   23.537204591879640     
         192   23.537204591879640     
         193   23.537204591879640     
         194   23.537204591879640     
         195   24.515301344262525     
         196   24.515301344262525     
         197   24.515301344262525     
         198   24.515301344262525     
         199   24.515301344262525     
         200   24.515301344262525     
         201   24.515301344262525     
         202   24.515301344262525     
         203   24.515301344262525     
         204   24.515301344262525     
         205   24.515301344262525     
         206   24.515301344262525     
         207   24.515301344262525     
         208   24.738633753705962     
         209   24.738633753705962     
         210   24.738633753705962     
         211   24.738633753705962     
         212   24.738633753705962     
         213   25.709920264364882     
         214   25.709920264364882     
         215   25.709920264364882     
         216   25.709920264364882     
         217   25.709920264364882     
         218   25.709920264364882     
         219   25.709920264364882     
         220   25.709920264364882     
         221   25.709920264364882     
         222   25.709920264364882     
         223   25.709920264364882     
         224   25.709920264364882     
         225   25.709920264364882     
         226   26.683328128252668     
         227   26.683328128252668     
         228   27.658633371878661     
         229   27.658633371878661     
         230   27.658633371878661     
         231   27.658633371878661     
         232   27.658633371878661     
         233   27.658633371878661     
         234   27.658633371878661     
         235   27.658633371878661     
         236   27.658633371878661     
         237   27.658633371878661     
         238   27.658633371878661     
         239   27.658633371878661     
         240   27.658633371878661     
         241   27.658633371878661     
         242   27.658633371878661     
         243   27.658633371878661     
         244   27.658633371878661     
         245   27.658633371878661     
         246   27.658633371878661     
         247   27.658633371878661     
         248   27.658633371878661     
         249   27.658633371878661     
         250   27.658633371878661     
         251   27.658633371878661     
         252   27.658633371878661     
         253   27.658633371878661     
         254   27.658633371878661     
         255   27.658633371878661     
         256   27.658633371878661     
         257   27.658633371878661     
         258   27.658633371878661     
         259   27.658633371878661     
         260   27.658633371878661     
         261   27.658633371878661     
         262   28.635642126552707     
         263   28.635642126552707     
         264   28.635642126552707     
         265   28.635642126552707     
         266   29.614185789921695     
         267   29.614185789921695     
         268   29.614185789921695     
         269   29.614185789921695     
         270   29.614185789921695     
         271   29.614185789921695     
         272   29.614185789921695     
         273   29.614185789921695     
         274   29.614185789921695     
         275   29.614185789921695     
         276   29.614185789921695     
         277   29.614185789921695     
         278   29.614185789921695     
         279   29.614185789921695     
         280   29.614185789921695     
         281   29.614185789921695     
         282   30.594117081556711     
         283   30.594117081556711     
         284   30.594117081556711     
         285   30.594117081556711     
         286   30.594117081556711     
         287   30.594117081556711     
         288   30.594117081556711     
         289   30.594117081556711     
         290   30.594117081556711     
         291   30.594117081556711     
         292   30.594117081556711     
         293   30.594117081556711     
         294   30.594117081556711     
         295   30.594117081556711     
         296   30.594117081556711     
         297   30.594117081556711     
         298   30.594117081556711     
         299   30.594117081556711     
         300   30.594117081556711     
         301   30.594117081556711     
         302   30.594117081556711     
         303   30.594117081556711     
         304   30.594117081556711     
         305   30.594117081556711     
         306   30.594117081556711     
         307   30.594117081556711     
         308   30.594117081556711     
         309   30.594117081556711     
         310   30.594117081556711     
         311   30.594117081556711     
         312   30.594117081556711     
         313   30.594117081556711     
         314   30.594117081556711     
         315   30.594117081556711     
         316   30.594117081556711     
         317   30.594117081556711     
         318   30.594117081556711     
         319   30.594117081556711     
         320   30.594117081556711     
         321   30.594117081556711     
         322   30.594117081556711     
         323   30.594117081556711     
         324   31.256999216175569     
         325   31.256999216175569     
         326   31.256999216175569     
         327   31.256999216175569     
         328   31.256999216175569     
         329   31.256999216175569     
         330   31.256999216175569     
         331   31.256999216175569     
         332   31.256999216175569     
         333   31.256999216175569     
         334   31.256999216175569     
         335   31.256999216175569     
         336   31.256999216175569     
         337   31.256999216175569     
         338   31.256999216175569     
         339   31.256999216175569     
         340   31.256999216175569     
         341   31.256999216175569     
         342   31.256999216175569     
         343   31.256999216175569     
         344   31.256999216175569     
         345   31.256999216175569     
         346   32.249030993194197     
         347   32.249030993194197     
         348   32.249030993194197     
         349   32.249030993194197     
         350   32.249030993194197     
         351   32.249030993194197     
         352   32.249030993194197     
         353   32.249030993194197     
         354   32.249030993194197     
         355   32.249030993194197     
         356   33.241540277189323     
         357   33.241540277189323     
         358   33.241540277189323     
         359   33.241540277189323     
         360   33.241540277189323     
         361   33.241540277189323     
         362   33.241540277189323     
         363   33.241540277189323     
         364   33.241540277189323     
         365   33.241540277189323     
         366   33.241540277189323     
         367   33.241540277189323     
         368   33.241540277189323     
         369   33.241540277189323     
         370   33.241540277189323     
         371   33.241540277189323     
         372   33.241540277189323     
         373   33.241540277189323     
         374   33.241540277189323     
         375   33.241540277189323     
         376   33.241540277189323     
         377   33.241540277189323     
         378   33.241540277189323     
         379   33.241540277189323     
         380   33.241540277189323     
         381   33.241540277189323     
         382   33.241540277189323     
         383   33.241540277189323     
         384   33.241540277189323     
         385   33.241540277189323     
         386   33.241540277189323     
         387   33.241540277189323     
         388   33.241540277189323     
         389   33.241540277189323     
         390   33.241540277189323     
         391   33.241540277189323     
         392   33.241540277189323     
         393   34.132096331752024     
         394   34.132096331752024     
         395   35.128336140500593     
         396   35.128336140500593     
         397   35.128336140500593     
         398   35.128336140500593     
         399   36.124783736376884     
