           2   1.0000000000000000     
           3   1.0000000000000000     
           4   1.4142135623730951     
           5   2.0000000000000000     
           6   2.0000000000000000     
           7   2.0000000000000000     
           8   2.0000000000000000     
           9   3.0000000000000000     
          10   3.1622776601683795     
          11   3.1622776601683795     
          12   3.1622776601683795     
          13   3.6055512754639891     
          14   3.6055512754639891     
          15   4.2426406871192848     
          16   5.0000000000000000     
          17   5.0000000000000000     
          18   5.0000000000000000     
          19   5.8309518948453007     
          20   5.8309518948453007     
          21   5.8309518948453007     
          22   5.8309518948453007     
          23   5.8309518948453007     
          24   6.7082039324993694     
          25   6.7082039324993694     
          26   7.6157731058639087     
          27   7.6157731058639087     
          28   7.6157731058639087     
          29   7.6157731058639087     
          30   7.6157731058639087     
          31   7.6157731058639087     
          32   7.6157731058639087     
          33   7.6157731058639087     
          34   7.6157731058639087     
          35   7.6157731058639087     
          36   7.6157731058639087     
          37   7.6157731058639087     
          38   7.6157731058639087     
          39   7.6157731058639087     
          40   7.6157731058639087     
          41   7.6157731058639087     
          42   7.6157731058639087     
          43   7.6157731058639087     
          44   7.6157731058639087     
          45   7.6157731058639087     
          46   7.6157731058639087     
          47   8.5440037453175304     
          48   8.5440037453175304     
          49   8.5440037453175304     
          50   8.5440037453175304     
          51   8.6023252670426267     
          52   8.6023252670426267     
          53   8.6023252670426267     
          54   9.4868329805051381     
          55   9.4868329805051381     
          56   9.4868329805051381     
          57   9.4868329805051381     
          58   10.295630140987001     
          59   10.295630140987001     
          60   10.295630140987001     
          61   10.816653826391969     
          62   11.661903789690601     
          63   11.661903789690601     
          64   11.661903789690601     
          65   11.661903789690601     
          66   11.661903789690601     
          67   11.661903789690601     
          68   11.661903789690601     
          69   11.661903789690601     
          70   12.083045973594572     
          71   12.083045973594572     
          72   12.083045973594572     
          73   12.083045973594572     
          74   12.529964086141668     
          75   12.529964086141668     
          76   13.416407864998739     
          77   13.416407864998739     
          78   13.416407864998739     
          79   13.416407864998739     
          80   13.416407864998739     
          81   13.416407864998739     
          82   13.416407864998739     
          83   13.416407864998739     
          84   13.416407864998739     
          85   13.416407864998739     
          86   13.416407864998739     
          87   14.317821063276353     
          88   14.317821063276353     
          89   15.231546211727817     
          90   15.231546211727817     
          91   15.231546211727817     
          92   15.231546211727817     
          93   15.231546211727817     
          94   15.231546211727817     
          95   15.231546211727817     
          96   15.231546211727817     
          97   15.231546211727817     
          98   16.155494421403510     
          99   16.155494421403510     
         100   16.155494421403510     
         101   16.763054614240211     
         102   16.763054614240211     
         103   16.763054614240211     
         104   17.720045146669349     
         105   18.027756377319946     
         106   18.027756377319946     
         107   18.027756377319946     
         108   18.027756377319946     
         109   18.027756377319946     
         110   18.027756377319946     
         111   18.027756377319946     
         112   18.027756377319946     
         113   18.027756377319946     
         114   18.027756377319946     
         115   18.027756377319946     
         116   18.027756377319946     
         117   18.027756377319946     
         118   18.027756377319946     
         119   18.027756377319946     
         120   18.027756377319946     
         121   18.027756377319946     
         122   18.027756377319946     
         123   18.027756377319946     
         124   18.027756377319946     
         125   18.027756377319946     
         126   18.027756377319946     
         127   18.027756377319946     
         128   18.027756377319946     
         129   18.027756377319946     
         130   18.027756377319946     
         131   18.027756377319946     
         132   18.973665961010276     
         133   19.026297590440446     
         134   19.026297590440446     
         135   19.026297590440446     
         136   19.026297590440446     
         137   19.026297590440446     
         138   19.026297590440446     
         139   19.026297590440446     
         140   19.026297590440446     
         141   19.026297590440446     
         142   19.026297590440446     
         143   19.026297590440446     
         144   19.026297590440446     
         145   19.026297590440446     
         146   19.026297590440446     
         147   19.026297590440446     
         148   19.026297590440446     
         149   19.026297590440446     
         150   19.026297590440446     
         151   19.026297590440446     
         152   19.026297590440446     
         153   19.026297590440446     
         154   19.026297590440446     
         155   19.026297590440446     
         156   19.026297590440446     
         157   19.026297590440446     
         158   19.026297590440446     
         159   19.026297590440446     
         160   19.026297590440446     
         161   19.026297590440446     
         162   19.026297590440446     
         163   19.026297590440446     
         164   19.026297590440446     
         165   19.026297590440446     
         166   19.026297590440446     
         167   19.026297590440446     
         168   19.026297590440446     
         169   19.026297590440446     
         170   19.026297590440446     
         171   19.026297590440446     
         172   19.026297590440446     
         173   19.026297590440446     
         174   19.026297590440446     
         175   19.026297590440446     
         176   19.026297590440446     
         177   19.104973174542799     
         178   19.104973174542799     
         179   19.104973174542799     
         180   19.104973174542799     
         181   19.104973174542799     
         182   19.104973174542799     
         183   19.104973174542799     
         184   19.104973174542799     
         185   19.104973174542799     
         186   19.104973174542799     
         187   19.104973174542799     
         188   19.104973174542799     
         189   19.104973174542799     
         190   19.104973174542799     
         191   19.104973174542799     
         192   19.313207915827967     
         193   19.313207915827967     
         194   19.313207915827967     
         195   19.313207915827967     
         196   19.313207915827967     
         197   19.313207915827967     
         198   19.313207915827967     
         199   19.313207915827967     
         200   19.313207915827967     
         201   19.313207915827967     
         202   19.313207915827967     
         203   19.313207915827967     
         204   19.313207915827967     
         205   19.313207915827967     
         206   19.313207915827967     
         207   19.313207915827967     
         208   19.313207915827967     
         209   19.313207915827967     
         210   19.313207915827967     
         211   19.313207915827967     
         212   19.313207915827967     
         213   19.313207915827967     
         214   19.313207915827967     
         215   19.313207915827967     
         216   19.313207915827967     
         217   19.313207915827967     
         218   19.313207915827967     
         219   19.924858845171276     
         220   20.880613017821101     
         221   21.840329667841555     
         222   22.803508501982758     
         223   22.803508501982758     
         224   22.803508501982758     
         225   22.803508501982758     
         226   23.537204591879640     
         227   23.537204591879640     
         228   23.537204591879640     
         229   23.537204591879640     
         230   23.537204591879640     
         231   23.537204591879640     
         232   23.537204591879640     
         233   23.537204591879640     
         234   23.537204591879640     
         235   24.515301344262525     
         236   24.738633753705962     
         237   25.495097567963924     
         238   25.495097567963924     
         239   25.495097567963924     
         240   25.495097567963924     
         241   26.476404589747453     
         242   26.476404589747453     
         243   26.476404589747453     
         244   26.476404589747453     
         245   26.476404589747453     
         246   26.476404589747453     
         247   26.476404589747453     
         248   26.476404589747453     
         249   26.476404589747453     
         250   26.476404589747453     
         251   26.476404589747453     
         252   26.476404589747453     
         253   26.476404589747453     
         254   26.476404589747453     
         255   26.476404589747453     
         256   26.476404589747453     
         257   26.476404589747453     
         258   26.476404589747453     
         259   26.476404589747453     
         260   26.476404589747453     
         261   26.476404589747453     
         262   26.476404589747453     
         263   26.476404589747453     
         264   26.476404589747453     
         265   26.476404589747453     
         266   26.925824035672520     
         267   27.459060435491963     
         268   27.459060435491963     
         269   27.459060435491963     
         270   27.459060435491963     
         271   27.459060435491963     
         272   27.459060435491963     
         273   27.459060435491963     
         274   27.459060435491963     
         275   27.459060435491963     
         276   27.459060435491963     
         277   27.459060435491963     
         278   27.459060435491963     
         279   27.459060435491963     
         280   27.459060435491963     
         281   27.459060435491963     
         282   27.459060435491963     
         283   27.459060435491963     
         284   27.459060435491963     
         285   27.459060435491963     
         286   27.459060435491963     
         287   27.459060435491963     
         288   27.459060435491963     
         289   27.459060435491963     
         290   27.459060435491963     
         291   27.459060435491963     
         292   28.160255680657446     
         293   28.460498941515414     
         294   28.460498941515414     
         295   28.460498941515414     
         296   28.460498941515414     
         297   28.460498941515414     
         298   28.460498941515414     
         299   28.460498941515414     
         300   28.460498941515414     
         301   28.460498941515414     
         302   28.460498941515414     
         303   28.460498941515414     
         304   28.460498941515414     
         305   28.460498941515414     
         306   28.460498941515414     
         307   28.460498941515414     
         308   28.460498941515414     
         309   28.460498941515414     
         310   28.460498941515414     
         311   28.460498941515414     
         312   28.460498941515414     
         313   28.460498941515414     
         314   28.460498941515414     
         315   28.792360097775937     
         316   28.792360097775937     
         317   29.154759474226502     
         318   30.083217912982647     
         319   30.083217912982647     
         320   31.016124838541646     
         321   31.016124838541646     
         322   31.016124838541646     
         323   31.016124838541646     
         324   31.016124838541646     
         325   31.016124838541646     
         326   31.384709652950431     
         327   31.384709652950431     
         328   31.384709652950431     
         329   31.384709652950431     
         330   31.384709652950431     
         331   31.622776601683793     
         332   31.780497164141408     
         333   31.780497164141408     
         334   31.780497164141408     
         335   31.780497164141408     
         336   31.780497164141408     
         337   31.780497164141408     
         338   31.780497164141408     
         339   32.695565448543633     
         340   32.695565448543633     
         341   32.695565448543633     
         342   32.695565448543633     
         343   32.695565448543633     
         344   32.695565448543633     
         345   32.695565448543633     
         346   32.695565448543633     
         347   32.695565448543633     
         348   32.695565448543633     
         349   32.695565448543633     
         350   32.695565448543633     
         351   32.695565448543633     
         352   32.695565448543633     
         353   32.695565448543633     
