           2   1.0000000000000000     
           3   2.0000000000000000     
           4   2.0000000000000000     
           5   2.0000000000000000     
           6   2.0000000000000000     
           7   2.0000000000000000     
           8   2.2360679774997898     
           9   2.2360679774997898     
          10   3.1622776601683795     
          11   3.1622776601683795     
          12   4.1231056256176606     
          13   5.0990195135927845     
          14   5.0990195135927845     
          15   5.0990195135927845     
          16   5.0990195135927845     
          17   5.0990195135927845     
          18   5.0990195135927845     
          19   5.0990195135927845     
          20   5.0990195135927845     
          21   5.0990195135927845     
          22   5.0990195135927845     
          23   6.0827625302982193     
          24   6.0827625302982193     
          25   6.0827625302982193     
          26   6.0827625302982193     
          27   7.0710678118654755     
          28   7.0710678118654755     
          29   7.0710678118654755     
          30   7.6157731058639087     
          31   7.6157731058639087     
          32   7.6157731058639087     
          33   7.6157731058639087     
          34   7.6157731058639087     
          35   7.6157731058639087     
          36   7.6157731058639087     
          37   7.6157731058639087     
          38   8.0622577482985491     
          39   8.0622577482985491     
          40   8.0622577482985491     
          41   8.0622577482985491     
          42   8.0622577482985491     
          43   8.0622577482985491     
          44   8.0622577482985491     
          45   9.0553851381374173     
          46   9.0553851381374173     
          47   9.0553851381374173     
          48   9.0553851381374173     
          49   9.0553851381374173     
          50   9.2195444572928871     
          51   9.2195444572928871     
          52   9.4868329805051381     
          53   9.4868329805051381     
          54   9.4868329805051381     
          55   10.440306508910551     
          56   10.440306508910551     
          57   10.440306508910551     
          58   11.180339887498949     
          59   11.180339887498949     
          60   11.180339887498949     
          61   11.180339887498949     
          62   11.401754250991379     
          63   12.369316876852981     
          64   12.369316876852981     
          65   12.369316876852981     
          66   12.369316876852981     
          67   12.369316876852981     
          68   13.341664064126334     
          69   13.341664064126334     
          70   14.317821063276353     
          71   14.317821063276353     
          72   14.560219778561036     
          73   14.560219778561036     
          74   15.297058540778355     
          75   16.278820596099706     
          76   16.278820596099706     
          77   16.278820596099706     
          78   16.278820596099706     
          79   16.278820596099706     
          80   16.278820596099706     
          81   16.278820596099706     
          82   16.278820596099706     
          83   16.278820596099706     
          84   16.278820596099706     
          85   16.278820596099706     
          86   16.278820596099706     
          87   16.278820596099706     
          88   16.278820596099706     
          89   16.278820596099706     
          90   16.278820596099706     
          91   17.262676501632068     
          92   18.248287590894659     
          93   18.248287590894659     
          94   18.248287590894659     
          95   18.248287590894659     
          96   18.248287590894659     
          97   18.248287590894659     
          98   18.248287590894659     
          99   19.235384061671343     
         100   19.235384061671343     
         101   19.235384061671343     
         102   19.235384061671343     
         103   19.235384061671343     
         104   19.235384061671343     
         105   19.235384061671343     
         106   19.235384061671343     
         107   19.646882704388499     
         108   19.646882704388499     
         109   19.646882704388499     
         110   19.646882704388499     
         111   19.646882704388499     
         112   19.646882704388499     
         113   19.646882704388499     
         114   20.248456731316587     
         115   20.248456731316587     
         116   20.248456731316587     
         117   20.248456731316587     
         118   20.248456731316587     
         119   20.248456731316587     
         120   20.248456731316587     
         121   20.248456731316587     
         122   20.248456731316587     
         123   20.248456731316587     
         124   20.248456731316587     
         125   20.248456731316587     
         126   20.248456731316587     
         127   20.248456731316587     
         128   20.248456731316587     
         129   20.248456731316587     
         130   20.248456731316587     
         131   20.248456731316587     
         132   20.248456731316587     
         133   20.248456731316587     
         134   20.248456731316587     
         135   20.248456731316587     
         136   20.248456731316587     
         137   20.248456731316587     
         138   20.248456731316587     
         139   20.248456731316587     
         140   20.615528128088304     
         141   21.023796041628639     
         142   21.023796041628639     
         143   21.023796041628639     
         144   21.023796041628639     
         145   21.023796041628639     
         146   21.023796041628639     
         147   21.023796041628639     
         148   21.470910553583888     
         149   21.470910553583888     
         150   21.470910553583888     
         151   21.470910553583888     
         152   21.540659228538015     
         153   21.540659228538015     
         154   22.472205054244231     
         155   22.472205054244231     
         156   22.472205054244231     
         157   22.472205054244231     
         158   22.561028345356956     
         159   23.409399821439251     
         160   23.409399821439251     
         161   23.409399821439251     
         162   23.409399821439251     
         163   23.769728648009426     
         164   23.769728648009426     
         165   24.515301344262525     
         166   24.515301344262525     
         167   24.738633753705962     
         168   25.298221281347036     
         169   25.632011235952593     
         170   26.000000000000000     
         171   26.400757564888170     
         172   26.400757564888170     
         173   26.832815729997478     
         174   26.832815729997478     
         175   26.925824035672520     
         176   26.925824035672520     
         177   26.925824035672520     
         178   27.294688127912362     
         179   27.294688127912362     
         180   27.294688127912362     
         181   27.294688127912362     
         182   27.294688127912362     
         183   27.294688127912362     
         184   27.294688127912362     
         185   27.294688127912362     
         186   27.294688127912362     
         187   27.294688127912362     
         188   27.294688127912362     
         189   27.294688127912362     
         190   27.294688127912362     
         191   27.294688127912362     
         192   27.730849247724095     
         193   27.730849247724095     
         194   27.730849247724095     
         195   27.856776554368238     
         196   27.856776554368238     
         197   27.856776554368238     
         198   27.856776554368238     
         199   27.856776554368238     
         200   27.856776554368238     
         201   27.856776554368238     
         202   27.856776554368238     
         203   27.856776554368238     
         204   27.856776554368238     
         205   28.635642126552707     
         206   28.635642126552707     
         207   28.635642126552707     
         208   28.635642126552707     
         209   28.635642126552707     
         210   29.068883707497267     
         211   29.068883707497267     
         212   29.068883707497267     
         213   29.529646120466801     
         214   29.966648127543394     
         215   29.966648127543394     
         216   29.966648127543394     
         217   30.016662039607269     
         218   30.528675044947494     
         219   30.886890422961002     
         220   31.764760348537180     
         221   31.764760348537180     
         222   32.649655434629018     
         223   32.649655434629018     
         224   32.649655434629018     
         225   33.541019662496844     
         226   33.541019662496844     
         227   33.541019662496844     
         228   33.541019662496844     
         229   33.541019662496844     
         230   33.541019662496844     
         231   33.541019662496844     
         232   33.541019662496844     
         233   33.541019662496844     
         234   33.541019662496844     
         235   33.541019662496844     
         236   33.615472627943220     
         237   33.615472627943220     
         238   33.615472627943220     
         239   33.615472627943220     
         240   33.615472627943220     
         241   33.615472627943220     
         242   33.615472627943220     
         243   33.615472627943220     
         244   33.615472627943220     
         245   33.615472627943220     
         246   33.615472627943220     
         247   33.615472627943220     
         248   33.615472627943220     
         249   33.615472627943220     
         250   33.615472627943220     
         251   33.615472627943220     
         252   33.615472627943220     
         253   33.615472627943220     
         254   33.615472627943220     
         255   33.615472627943220     
         256   33.615472627943220     
         257   33.615472627943220     
         258   33.615472627943220     
         259   33.615472627943220     
         260   33.615472627943220     
         261   33.615472627943220     
         262   33.615472627943220     
         263   33.615472627943220     
         264   33.615472627943220     
         265   33.615472627943220     
         266   33.615472627943220     
         267   33.615472627943220     
         268   33.615472627943220     
         269   33.615472627943220     
         270   33.615472627943220     
         271   33.615472627943220     
         272   33.615472627943220     
         273   33.615472627943220     
         274   33.615472627943220     
         275   33.615472627943220     
         276   33.615472627943220     
         277   33.615472627943220     
         278   33.615472627943220     
         279   33.615472627943220     
         280   33.615472627943220     
         281   33.615472627943220     
         282   33.615472627943220     
         283   33.615472627943220     
         284   33.615472627943220     
         285   33.615472627943220     
         286   33.615472627943220     
         287   33.615472627943220     
         288   34.000000000000000     
         289   34.438350715445125     
         290   34.438350715445125     
         291   34.438350715445125     
         292   34.438350715445125     
         293   34.438350715445125     
         294   34.438350715445125     
         295   34.438350715445125     
         296   34.481879299133332     
         297   34.885527085024819     
         298   34.885527085024819     
         299   34.885527085024819     
         300   34.985711369071801     
         301   34.985711369071801     
         302   34.985711369071801     
         303   34.985711369071801     
         304   34.985711369071801     
         305   34.985711369071801     
         306   34.985711369071801     
         307   34.985711369071801     
         308   34.985711369071801     
         309   34.985711369071801     
         310   34.985711369071801     
         311   34.985711369071801     
         312   34.985711369071801     
         313   34.985711369071801     
         314   34.985711369071801     
         315   34.985711369071801     
         316   35.355339059327378     
         317   35.355339059327378     
         318   35.355339059327378     
         319   35.355339059327378     
         320   35.355339059327378     
         321   35.355339059327378     
         322   35.355339059327378     
         323   35.355339059327378     
         324   35.355339059327378     
         325   35.355339059327378     
         326   36.235341863986875     
         327   36.235341863986875     
         328   36.235341863986875     
         329   36.235341863986875     
         330   36.235341863986875     
         331   36.235341863986875     
         332   36.235341863986875     
         333   36.235341863986875     
         334   36.235341863986875     
         335   36.235341863986875     
         336   36.235341863986875     
         337   36.235341863986875     
         338   36.235341863986875     
         339   36.235341863986875     
         340   36.235341863986875     
         341   36.235341863986875     
         342   36.235341863986875     
         343   36.235341863986875     
         344   36.235341863986875     
         345   36.235341863986875     
         346   36.235341863986875     
         347   36.235341863986875     
         348   36.769552621700470     
         349   36.769552621700470     
         350   36.769552621700470     
         351   37.121422386541170     
         352   37.121422386541170     
         353   37.121422386541170     
         354   37.121422386541170     
         355   37.121422386541170     
         356   37.121422386541170     
         357   37.121422386541170     
         358   37.121422386541170     
         359   37.121422386541170     
         360   37.121422386541170     
         361   37.589892258425003     
         362   38.078865529319543     
         363   38.587562763149478     
         364   39.115214431215890     
         365   39.661064030103880     
         366   39.661064030103880     
         367   39.661064030103880     
         368   39.661064030103880     
         369   39.661064030103880     
         370   39.661064030103880     
         371   39.661064030103880     
         372   39.661064030103880     
         373   39.661064030103880     
         374   39.661064030103880     
         375   39.661064030103880     
         376   40.496913462633174     
         377   40.496913462633174     
         378   40.496913462633174     
         379   40.496913462633174     
         380   41.048751503547585     
         381   41.048751503547585     
         382   41.048751503547585     
         383   41.048751503547585     
         384   41.048751503547585     
         385   41.048751503547585     
         386   41.048751503547585     
         387   41.048751503547585     
         388   41.048751503547585     
         389   41.048751503547585     
         390   41.048751503547585     
         391   41.048751503547585     
         392   41.048751503547585     
         393   41.048751503547585     
         394   41.048751503547585     
         395   41.048751503547585     
         396   41.048751503547585     
         397   41.048751503547585     
         398   41.048751503547585     
         399   41.048751503547585     
         400   41.048751503547585     
         401   41.048751503547585     
         402   41.048751503547585     
         403   41.048751503547585     
         404   41.048751503547585     
         405   41.048751503547585     
         406   41.048751503547585     
         407   41.048751503547585     
         408   41.048751503547585     
         409   41.048751503547585     
         410   41.048751503547585     
         411   41.048751503547585     
         412   41.048751503547585     
         413   41.048751503547585     
         414   41.048751503547585     
         415   41.048751503547585     
         416   41.048751503547585     
         417   41.048751503547585     
         418   41.048751503547585     
         419   41.048751503547585     
         420   41.048751503547585     
         421   41.048751503547585     
         422   41.048751503547585     
         423   41.048751503547585     
         424   41.880783182743848     
         425   41.880783182743848     
         426   41.880783182743848     
         427   41.880783182743848     
         428   41.880783182743848     
         429   41.880783182743848     
         430   41.880783182743848     
         431   41.880783182743848     
         432   41.880783182743848     
         433   41.880783182743848     
         434   41.880783182743848     
         435   41.880783182743848     
         436   41.880783182743848     
         437   41.880783182743848     
         438   41.880783182743848     
         439   41.880783182743848     
         440   41.880783182743848     
         441   41.880783182743848     
         442   41.880783182743848     
