           2   1.0000000000000000     
           3   1.0000000000000000     
           4   1.0000000000000000     
           5   2.0000000000000000     
           6   2.0000000000000000     
           7   2.2360679774997898     
           8   3.0000000000000000     
           9   3.1622776601683795     
          10   3.1622776601683795     
          11   4.1231056256176606     
          12   4.1231056256176606     
          13   4.1231056256176606     
          14   4.1231056256176606     
          15   4.1231056256176606     
          16   4.1231056256176606     
          17   4.1231056256176606     
          18   4.1231056256176606     
          19   4.1231056256176606     
          20   4.1231056256176606     
          21   4.1231056256176606     
          22   4.1231056256176606     
          23   5.0000000000000000     
          24   6.0000000000000000     
          25   6.0827625302982193     
          26   6.0827625302982193     
          27   6.0827625302982193     
          28   6.3245553203367590     
          29   6.7082039324993694     
          30   6.7082039324993694     
          31   6.7082039324993694     
          32   6.7082039324993694     
          33   7.6157731058639087     
          34   7.6157731058639087     
          35   7.6157731058639087     
          36   7.6157731058639087     
          37   8.5440037453175304     
          38   8.5440037453175304     
          39   8.9442719099991592     
          40   9.4339811320566032     
          41   10.295630140987001     
          42   10.295630140987001     
          43   11.180339887498949     
          44   12.083045973594572     
          45   12.083045973594572     
          46   12.529964086141668     
          47   12.529964086141668     
          48   12.529964086141668     
          49   12.529964086141668     
          50   13.416407864998739     
          51   13.416407864998739     
          52   14.317821063276353     
          53   14.317821063276353     
          54   14.317821063276353     
          55   15.231546211727817     
          56   15.231546211727817     
          57   15.231546211727817     
          58   15.231546211727817     
          59   16.155494421403510     
          60   16.155494421403510     
          61   16.155494421403510     
          62   16.155494421403510     
          63   16.155494421403510     
          64   16.155494421403510     
          65   16.155494421403510     
          66   16.155494421403510     
          67   16.155494421403510     
          68   16.155494421403510     
          69   16.155494421403510     
          70   16.552945357246848     
          71   17.088007490635061     
          72   18.027756377319946     
          73   18.027756377319946     
          74   18.027756377319946     
          75   18.027756377319946     
          76   18.027756377319946     
          77   18.027756377319946     
          78   18.027756377319946     
          79   18.027756377319946     
          80   18.027756377319946     
          81   18.384776310850235     
          82   18.384776310850235     
          83   19.313207915827967     
          84   19.313207915827967     
          85   19.313207915827967     
          86   19.313207915827967     
          87   19.313207915827967     
          88   19.313207915827967     
          89   20.248456731316587     
          90   20.248456731316587     
          91   20.248456731316587     
          92   20.248456731316587     
          93   20.248456731316587     
          94   20.248456731316587     
          95   20.248456731316587     
          96   20.248456731316587     
          97   20.248456731316587     
          98   20.248456731316587     
          99   20.248456731316587     
         100   21.189620100417091     
         101   21.189620100417091     
         102   21.189620100417091     
         103   21.189620100417091     
         104   21.189620100417091     
         105   21.189620100417091     
         106   21.189620100417091     
         107   21.189620100417091     
         108   21.189620100417091     
         109   21.189620100417091     
         110   21.189620100417091     
         111   21.189620100417091     
         112   21.189620100417091     
         113   21.189620100417091     
         114   21.189620100417091     
         115   21.189620100417091     
         116   21.189620100417091     
         117   21.189620100417091     
         118   21.189620100417091     
         119   21.189620100417091     
         120   21.189620100417091     
         121   21.189620100417091     
         122   21.189620100417091     
         123   21.189620100417091     
         124   21.189620100417091     
         125   21.189620100417091     
         126   21.189620100417091     
         127   21.189620100417091     
         128   21.189620100417091     
         129   21.189620100417091     
         130   22.135943621178654     
         131   22.135943621178654     
         132   22.135943621178654     
         133   22.135943621178654     
         134   22.135943621178654     
         135   22.135943621178654     
         136   22.135943621178654     
         137   22.135943621178654     
         138   22.135943621178654     
         139   22.135943621178654     
         140   22.135943621178654     
         141   22.135943621178654     
         142   22.135943621178654     
         143   22.135943621178654     
         144   22.135943621178654     
         145   22.135943621178654     
         146   22.135943621178654     
         147   22.135943621178654     
         148   22.135943621178654     
         149   22.135943621178654     
         150   22.135943621178654     
         151   22.135943621178654     
         152   22.135943621178654     
         153   22.135943621178654     
         154   22.135943621178654     
         155   22.135943621178654     
         156   22.135943621178654     
         157   22.135943621178654     
         158   22.135943621178654     
         159   22.135943621178654     
         160   22.135943621178654     
         161   22.135943621178654     
         162   22.135943621178654     
         163   22.135943621178654     
         164   22.135943621178654     
         165   22.135943621178654     
         166   22.135943621178654     
         167   22.135943621178654     
         168   22.135943621178654     
         169   22.135943621178654     
         170   22.135943621178654     
         171   22.135943621178654     
         172   22.135943621178654     
         173   22.135943621178654     
         174   22.135943621178654     
         175   22.135943621178654     
         176   22.135943621178654     
         177   22.135943621178654     
         178   22.135943621178654     
         179   22.135943621178654     
         180   22.135943621178654     
         181   22.135943621178654     
         182   22.135943621178654     
         183   22.135943621178654     
         184   22.135943621178654     
         185   22.135943621178654     
         186   22.135943621178654     
         187   22.135943621178654     
         188   22.135943621178654     
         189   22.135943621178654     
         190   22.135943621178654     
         191   22.135943621178654     
         192   22.135943621178654     
         193   22.135943621178654     
         194   22.135943621178654     
         195   22.135943621178654     
         196   22.135943621178654     
         197   22.135943621178654     
         198   22.135943621178654     
         199   22.135943621178654     
         200   22.135943621178654     
         201   22.135943621178654     
         202   22.135943621178654     
         203   22.135943621178654     
         204   22.135943621178654     
         205   22.135943621178654     
         206   22.135943621178654     
         207   22.135943621178654     
         208   22.135943621178654     
         209   22.135943621178654     
         210   22.135943621178654     
         211   22.135943621178654     
         212   22.135943621178654     
         213   22.135943621178654     
         214   22.135943621178654     
         215   22.135943621178654     
         216   22.135943621178654     
         217   22.135943621178654     
         218   22.135943621178654     
         219   22.135943621178654     
         220   22.135943621178654     
         221   22.135943621178654     
         222   22.135943621178654     
         223   22.135943621178654     
         224   22.135943621178654     
         225   22.135943621178654     
         226   22.135943621178654     
         227   22.135943621178654     
         228   22.135943621178654     
         229   22.135943621178654     
         230   22.135943621178654     
         231   22.135943621178654     
         232   22.135943621178654     
         233   22.135943621178654     
         234   22.135943621178654     
         235   22.135943621178654     
         236   22.135943621178654     
         237   22.135943621178654     
         238   22.135943621178654     
         239   22.135943621178654     
         240   22.135943621178654     
         241   22.135943621178654     
         242   22.135943621178654     
         243   22.135943621178654     
         244   22.135943621178654     
         245   22.135943621178654     
         246   22.135943621178654     
         247   22.135943621178654     
         248   22.472205054244231     
         249   22.472205054244231     
         250   22.472205054244231     
         251   22.472205054244231     
         252   22.472205054244231     
         253   22.472205054244231     
         254   22.472205054244231     
         255   23.021728866442675     
         256   23.323807579381203     
         257   23.600847442411894     
         258   23.600847442411894     
         259   23.600847442411894     
         260   23.600847442411894     
         261   23.600847442411894     
         262   23.600847442411894     
         263   23.600847442411894     
         264   23.600847442411894     
         265   23.600847442411894     
         266   23.600847442411894     
         267   23.600847442411894     
         268   23.600847442411894     
         269   23.600847442411894     
         270   23.600847442411894     
         271   23.600847442411894     
         272   24.413111231467404     
         273   24.413111231467404     
         274   25.059928172283335     
         275   25.942243542145693     
         276   26.832815729997478     
         277   26.832815729997478     
         278   26.832815729997478     
         279   26.832815729997478     
         280   26.832815729997478     
         281   26.832815729997478     
         282   26.832815729997478     
         283   26.832815729997478     
         284   26.832815729997478     
         285   26.832815729997478     
         286   26.832815729997478     
         287   26.832815729997478     
         288   26.832815729997478     
         289   26.832815729997478     
         290   26.832815729997478     
         291   26.832815729997478     
         292   26.832815729997478     
         293   26.832815729997478     
         294   26.832815729997478     
         295   26.832815729997478     
         296   26.832815729997478     
         297   26.832815729997478     
         298   26.832815729997478     
         299   26.832815729997478     
         300   26.832815729997478     
         301   26.832815729997478     
         302   26.832815729997478     
