           2   1.0000000000000000     
           3   1.4142135623730951     
           4   1.4142135623730951     
           5   1.4142135623730951     
           6   1.4142135623730951     
           7   2.2360679774997898     
           8   2.2360679774997898     
           9   2.8284271247461903     
          10   3.1622776601683795     
          11   4.1231056256176606     
          12   4.1231056256176606     
          13   4.1231056256176606     
          14   4.1231056256176606     
          15   4.1231056256176606     
          16   4.1231056256176606     
          17   4.1231056256176606     
          18   4.1231056256176606     
          19   4.1231056256176606     
          20   4.1231056256176606     
          21   4.1231056256176606     
          22   4.1231056256176606     
          23   4.1231056256176606     
          24   4.1231056256176606     
          25   4.1231056256176606     
          26   4.2426406871192848     
          27   4.4721359549995796     
          28   4.4721359549995796     
          29   4.4721359549995796     
          30   4.4721359549995796     
          31   4.4721359549995796     
          32   4.4721359549995796     
          33   4.4721359549995796     
          34   5.3851648071345037     
          35   5.3851648071345037     
          36   5.3851648071345037     
          37   6.3245553203367590     
          38   6.3245553203367590     
          39   6.3245553203367590     
          40   7.2801098892805181     
          41   7.2801098892805181     
          42   7.2801098892805181     
          43   7.2801098892805181     
          44   7.2801098892805181     
          45   7.2801098892805181     
          46   8.2462112512353212     
          47   8.2462112512353212     
          48   8.2462112512353212     
          49   8.2462112512353212     
          50   8.2462112512353212     
          51   8.2462112512353212     
          52   8.2462112512353212     
          53   8.2462112512353212     
          54   8.2462112512353212     
          55   8.2462112512353212     
          56   8.2462112512353212     
          57   8.2462112512353212     
          58   8.2462112512353212     
          59   8.2462112512353212     
          60   8.2462112512353212     
          61   8.2462112512353212     
          62   8.2462112512353212     
          63   8.2462112512353212     
          64   8.2462112512353212     
          65   8.2462112512353212     
          66   8.2462112512353212     
          67   8.2462112512353212     
          68   9.0553851381374173     
          69   9.0553851381374173     
          70   9.2195444572928871     
          71   9.2195444572928871     
          72   9.2195444572928871     
          73   10.198039027185569     
          74   11.180339887498949     
          75   11.180339887498949     
          76   11.180339887498949     
          77   11.401754250991379     
          78   11.401754250991379     
          79   12.369316876852981     
          80   13.341664064126334     
          81   13.341664064126334     
          82   13.341664064126334     
          83   13.341664064126334     
          84   13.341664064126334     
          85   13.341664064126334     
          86   13.601470508735444     
          87   13.601470508735444     
          88   14.560219778561036     
          89   14.560219778561036     
          90   14.560219778561036     
          91   14.560219778561036     
          92   14.560219778561036     
          93   14.560219778561036     
          94   14.560219778561036     
          95   14.560219778561036     
          96   14.560219778561036     
          97   14.560219778561036     
          98   14.560219778561036     
          99   14.560219778561036     
         100   15.524174696260024     
         101   15.524174696260024     
         102   15.524174696260024     
         103   16.492422502470642     
         104   16.492422502470642     
         105   16.492422502470642     
         106   16.492422502470642     
         107   16.492422502470642     
         108   16.492422502470642     
         109   16.492422502470642     
         110   16.492422502470642     
         111   16.492422502470642     
         112   16.492422502470642     
         113   16.492422502470642     
         114   16.763054614240211     
         115   16.763054614240211     
         116   17.464249196572979     
         117   17.720045146669349     
         118   17.720045146669349     
         119   17.720045146669349     
         120   17.720045146669349     
         121   17.720045146669349     
         122   17.720045146669349     
         123   17.720045146669349     
         124   18.681541692269406     
         125   18.973665961010276     
         126   18.973665961010276     
         127   18.973665961010276     
         128   18.973665961010276     
         129   18.973665961010276     
         130   18.973665961010276     
         131   18.973665961010276     
         132   18.973665961010276     
         133   19.646882704388499     
         134   19.646882704388499     
         135   19.646882704388499     
         136   19.646882704388499     
         137   19.646882704388499     
         138   19.646882704388499     
         139   19.646882704388499     
         140   19.646882704388499     
         141   19.646882704388499     
         142   19.646882704388499     
         143   20.000000000000000     
         144   20.000000000000000     
         145   20.808652046684813     
         146   20.808652046684813     
         147   20.808652046684813     
         148   20.808652046684813     
         149   20.808652046684813     
         150   20.808652046684813     
         151   20.808652046684813     
         152   20.808652046684813     
         153   20.808652046684813     
         154   20.808652046684813     
         155   20.808652046684813     
         156   20.808652046684813     
         157   20.808652046684813     
         158   20.808652046684813     
         159   20.808652046684813     
         160   20.808652046684813     
         161   20.808652046684813     
         162   20.808652046684813     
         163   20.808652046684813     
         164   20.808652046684813     
         165   20.808652046684813     
         166   20.808652046684813     
         167   20.808652046684813     
         168   20.808652046684813     
         169   20.808652046684813     
         170   20.808652046684813     
         171   20.808652046684813     
         172   20.808652046684813     
         173   20.808652046684813     
         174   20.808652046684813     
         175   20.808652046684813     
         176   20.808652046684813     
         177   20.808652046684813     
         178   20.808652046684813     
         179   20.808652046684813     
         180   20.808652046684813     
         181   20.808652046684813     
         182   20.808652046684813     
         183   20.808652046684813     
         184   20.808652046684813     
         185   20.808652046684813     
         186   20.808652046684813     
         187   21.633307652783937     
         188   21.633307652783937     
         189   21.633307652783937     
         190   21.633307652783937     
         191   21.633307652783937     
         192   21.633307652783937     
         193   21.633307652783937     
         194   21.633307652783937     
         195   21.633307652783937     
         196   21.633307652783937     
         197   21.633307652783937     
         198   21.633307652783937     
         199   21.633307652783937     
         200   21.633307652783937     
         201   21.633307652783937     
         202   21.633307652783937     
         203   21.633307652783937     
         204   21.633307652783937     
         205   21.633307652783937     
         206   21.633307652783937     
         207   21.633307652783937     
         208   21.633307652783937     
         209   21.633307652783937     
         210   21.633307652783937     
         211   21.633307652783937     
         212   21.633307652783937     
         213   21.633307652783937     
         214   21.633307652783937     
         215   21.633307652783937     
         216   21.633307652783937     
         217   21.633307652783937     
         218   21.633307652783937     
         219   21.633307652783937     
         220   21.633307652783937     
         221   21.633307652783937     
         222   21.633307652783937     
         223   21.633307652783937     
         224   21.633307652783937     
         225   21.633307652783937     
         226   21.633307652783937     
         227   21.633307652783937     
         228   21.633307652783937     
         229   21.633307652783937     
         230   21.633307652783937     
         231   21.633307652783937     
         232   22.022715545545239     
         233   22.022715545545239     
         234   22.671568097509269     
         235   22.671568097509269     
         236   22.671568097509269     
         237   22.671568097509269     
         238   22.671568097509269     
         239   22.671568097509269     
         240   23.345235059857504     
         241   24.041630560342615     
         242   24.041630560342615     
         243   24.041630560342615     
         244   24.041630560342615     
         245   24.041630560342615     
         246   24.041630560342615     
         247   24.041630560342615     
         248   24.041630560342615     
         249   24.041630560342615     
         250   24.041630560342615     
         251   24.041630560342615     
         252   24.041630560342615     
         253   24.041630560342615     
         254   24.041630560342615     
         255   24.041630560342615     
         256   24.041630560342615     
         257   24.041630560342615     
         258   24.041630560342615     
         259   24.041630560342615     
         260   24.041630560342615     
         261   24.041630560342615     
         262   24.041630560342615     
         263   24.041630560342615     
         264   24.041630560342615     
         265   24.041630560342615     
         266   24.041630560342615     
         267   24.041630560342615     
         268   24.041630560342615     
         269   24.041630560342615     
         270   24.041630560342615     
         271   24.041630560342615     
         272   24.041630560342615     
         273   24.083189157584592     
         274   24.758836806279895     
         275   24.758836806279895     
         276   24.758836806279895     
         277   24.758836806279895     
         278   24.758836806279895     
         279   24.758836806279895     
         280   24.758836806279895     
         281   24.758836806279895     
         282   25.455844122715710     
         283   25.455844122715710     
         284   25.455844122715710     
         285   25.455844122715710     
         286   25.455844122715710     
         287   25.455844122715710     
         288   26.172504656604801     
         289   26.172504656604801     
         290   26.172504656604801     
         291   26.172504656604801     
         292   26.172504656604801     
         293   26.172504656604801     
         294   26.172504656604801     
         295   26.172504656604801     
         296   26.172504656604801     
         297   26.172504656604801     
         298   26.172504656604801     
         299   26.172504656604801     
         300   26.172504656604801     
         301   26.172504656604801     
         302   26.172504656604801     
         303   26.172504656604801     
         304   26.172504656604801     
         305   26.172504656604801     
         306   26.172504656604801     
         307   26.172504656604801     
         308   26.172504656604801     
         309   26.172504656604801     
         310   26.172504656604801     
         311   26.172504656604801     
         312   26.907248094147420     
         313   26.907248094147420     
         314   26.907248094147420     
         315   26.907248094147420     
         316   26.907248094147420     
         317   26.907248094147420     
         318   26.907248094147420     
         319   26.907248094147420     
         320   26.907248094147420     
         321   26.907248094147420     
         322   26.907248094147420     
         323   27.658633371878661     
         324   27.658633371878661     
         325   28.319604517012593     
         326   28.319604517012593     
         327   28.319604517012593     
         328   29.068883707497267     
         329   29.068883707497267     
         330   29.068883707497267     
         331   29.068883707497267     
         332   29.068883707497267     
         333   29.068883707497267     
         334   29.068883707497267     
         335   29.832867780352597     
         336   29.832867780352597     
         337   29.832867780352597     
         338   29.832867780352597     
         339   29.832867780352597     
         340   29.832867780352597     
         341   29.832867780352597     
         342   29.832867780352597     
         343   29.832867780352597     
         344   29.832867780352597     
         345   29.832867780352597     
         346   29.832867780352597     
         347   29.832867780352597     
         348   29.832867780352597     
         349   29.832867780352597     
         350   29.832867780352597     
         351   29.832867780352597     
         352   29.832867780352597     
         353   29.832867780352597     
         354   29.832867780352597     
         355   29.832867780352597     
         356   29.832867780352597     
         357   29.832867780352597     
         358   29.832867780352597     
         359   29.832867780352597     
         360   29.832867780352597     
         361   29.832867780352597     
         362   29.832867780352597     
         363   29.832867780352597     
         364   29.832867780352597     
         365   29.832867780352597     
         366   29.832867780352597     
         367   29.832867780352597     
         368   29.832867780352597     
         369   29.832867780352597     
         370   29.832867780352597     
         371   29.832867780352597     
         372   29.832867780352597     
         373   29.832867780352597     
         374   29.832867780352597     
         375   29.832867780352597     
         376   29.832867780352597     
         377   29.832867780352597     
         378   29.832867780352597     
         379   29.832867780352597     
         380   29.832867780352597     
         381   29.832867780352597     
         382   29.832867780352597     
         383   29.832867780352597     
         384   29.832867780352597     
         385   29.832867780352597     
         386   29.832867780352597     
         387   29.832867780352597     
         388   30.610455730027933     
         389   30.610455730027933     
         390   30.610455730027933     
         391   30.805843601498726     
         392   30.805843601498726     
         393   31.622776601683793     
         394   31.622776601683793     
         395   32.449961479175904     
         396   32.449961479175904     
         397   32.449961479175904     
         398   32.449961479175904     
         399   32.449961479175904     
         400   32.449961479175904     
         401   32.449961479175904     
         402   32.449961479175904     
         403   33.015148038438355     
         404   33.015148038438355     
         405   33.015148038438355     
         406   33.015148038438355     
         407   33.015148038438355     
         408   33.015148038438355     
         409   33.015148038438355     
         410   33.015148038438355     
         411   33.015148038438355     
         412   33.015148038438355     
         413   33.015148038438355     
         414   33.015148038438355     
         415   33.015148038438355     
         416   33.015148038438355     
         417   33.015148038438355     
         418   33.015148038438355     
         419   33.015148038438355     
         420   33.015148038438355     
         421   33.015148038438355     
         422   33.015148038438355     
         423   33.015148038438355     
         424   33.015148038438355     
         425   33.015148038438355     
         426   33.015148038438355     
         427   33.015148038438355     
         428   33.286633954186478     
         429   34.132096331752024     
         430   34.132096331752024     
         431   34.132096331752024     
