           2   1.0000000000000000     
           3   2.0000000000000000     
           4   3.0000000000000000     
           5   3.1622776601683795     
           6   3.1622776601683795     
           7   4.0000000000000000     
           8   5.0000000000000000     
           9   5.0000000000000000     
          10   5.0990195135927845     
          11   5.0990195135927845     
          12   6.0000000000000000     
          13   6.0827625302982193     
          14   6.3245553203367590     
          15   6.3245553203367590     
          16   6.3245553203367590     
          17   6.3245553203367590     
          18   6.4031242374328485     
          19   7.2111025509279782     
          20   7.2801098892805181     
          21   7.2801098892805181     
          22   7.2801098892805181     
          23   7.2801098892805181     
          24   7.2801098892805181     
          25   7.2801098892805181     
          26   7.2801098892805181     
          27   7.2801098892805181     
          28   7.2801098892805181     
          29   7.8102496759066540     
          30   8.0622577482985491     
          31   8.4852813742385695     
          32   8.6023252670426267     
          33   8.9442719099991592     
          34   8.9442719099991592     
          35   8.9442719099991592     
          36   9.8488578017961039     
          37   10.295630140987001     
          38   10.295630140987001     
          39   10.295630140987001     
          40   10.295630140987001     
          41   11.180339887498949     
          42   11.180339887498949     
          43   11.180339887498949     
          44   11.180339887498949     
          45   11.180339887498949     
          46   11.180339887498949     
          47   11.180339887498949     
          48   11.661903789690601     
          49   12.529964086141668     
          50   12.529964086141668     
          51   12.529964086141668     
          52   12.529964086141668     
          53   12.529964086141668     
          54   12.529964086141668     
          55   12.529964086141668     
          56   12.529964086141668     
          57   13.038404810405298     
          58   13.038404810405298     
          59   13.038404810405298     
          60   13.038404810405298     
          61   13.038404810405298     
          62   13.038404810405298     
          63   13.152946437965905     
          64   14.142135623730951     
          65   14.142135623730951     
          66   14.142135623730951     
          67   14.142135623730951     
          68   14.142135623730951     
          69   14.142135623730951     
          70   14.142135623730951     
          71   14.142135623730951     
          72   14.142135623730951     
          73   14.142135623730951     
          74   14.142135623730951     
          75   14.142135623730951     
          76   14.142135623730951     
          77   14.142135623730951     
          78   14.142135623730951     
          79   14.142135623730951     
          80   14.142135623730951     
          81   14.142135623730951     
          82   14.142135623730951     
          83   14.142135623730951     
          84   14.142135623730951     
          85   14.142135623730951     
          86   14.142135623730951     
          87   14.142135623730951     
          88   14.142135623730951     
          89   14.142135623730951     
          90   14.142135623730951     
          91   14.142135623730951     
          92   14.142135623730951     
          93   14.142135623730951     
          94   14.142135623730951     
          95   14.212670403551895     
          96   14.212670403551895     
          97   14.212670403551895     
          98   14.212670403551895     
          99   14.212670403551895     
         100   14.212670403551895     
         101   14.212670403551895     
         102   14.212670403551895     
         103   14.212670403551895     
         104   14.212670403551895     
         105   14.212670403551895     
         106   14.212670403551895     
         107   14.212670403551895     
         108   14.212670403551895     
         109   15.000000000000000     
         110   15.000000000000000     
         111   15.556349186104045     
         112   15.556349186104045     
         113   15.556349186104045     
         114   15.556349186104045     
         115   15.556349186104045     
         116   15.556349186104045     
         117   15.556349186104045     
         118   15.556349186104045     
         119   15.556349186104045     
         120   15.556349186104045     
         121   15.556349186104045     
         122   15.556349186104045     
         123   15.556349186104045     
         124   15.556349186104045     
         125   15.556349186104045     
         126   15.556349186104045     
         127   15.556349186104045     
         128   15.556349186104045     
         129   15.556349186104045     
         130   15.556349186104045     
         131   15.556349186104045     
         132   15.556349186104045     
         133   15.556349186104045     
         134   15.556349186104045     
         135   15.556349186104045     
         136   15.556349186104045     
         137   15.556349186104045     
         138   15.556349186104045     
         139   15.556349186104045     
         140   15.556349186104045     
         141   15.556349186104045     
         142   15.556349186104045     
         143   15.556349186104045     
         144   15.556349186104045     
         145   15.556349186104045     
         146   15.556349186104045     
         147   15.556349186104045     
         148   15.556349186104045     
         149   15.556349186104045     
         150   15.556349186104045     
         151   15.556349186104045     
         152   15.556349186104045     
         153   15.556349186104045     
         154   15.556349186104045     
         155   15.556349186104045     
         156   15.556349186104045     
         157   15.556349186104045     
         158   15.556349186104045     
         159   15.556349186104045     
         160   15.556349186104045     
         161   15.556349186104045     
         162   16.278820596099706     
         163   16.278820596099706     
         164   16.278820596099706     
         165   16.401219466856727     
         166   17.204650534085253     
         167   17.204650534085253     
         168   17.204650534085253     
         169   17.204650534085253     
         170   17.204650534085253     
         171   17.204650534085253     
         172   17.204650534085253     
         173   17.204650534085253     
         174   17.804493814764857     
         175   17.804493814764857     
         176   18.027756377319946     
         177   18.601075237738275     
         178   19.416487838947599     
         179   20.248456731316587     
         180   20.248456731316587     
         181   20.248456731316587     
         182   20.248456731316587     
         183   20.248456731316587     
         184   20.248456731316587     
         185   20.248456731316587     
         186   20.248456731316587     
         187   20.248456731316587     
         188   20.518284528683193     
         189   20.518284528683193     
         190   20.808652046684813     
         191   21.633307652783937     
         192   21.633307652783937     
         193   21.633307652783937     
         194   21.633307652783937     
         195   21.633307652783937     
         196   21.633307652783937     
         197   21.633307652783937     
         198   22.472205054244231     
         199   22.472205054244231     
         200   22.472205054244231     
         201   22.472205054244231     
         202   22.472205054244231     
         203   22.472205054244231     
         204   22.472205054244231     
         205   22.472205054244231     
         206   22.472205054244231     
         207   22.472205054244231     
         208   22.472205054244231     
         209   22.472205054244231     
         210   22.472205054244231     
         211   22.472205054244231     
         212   22.472205054244231     
         213   22.472205054244231     
         214   22.472205054244231     
         215   22.472205054244231     
         216   22.472205054244231     
         217   22.472205054244231     
         218   22.472205054244231     
         219   22.472205054244231     
         220   22.472205054244231     
         221   22.472205054244231     
         222   22.472205054244231     
         223   22.472205054244231     
         224   22.472205054244231     
         225   22.472205054244231     
         226   22.472205054244231     
         227   22.472205054244231     
         228   22.472205054244231     
         229   22.472205054244231     
         230   22.472205054244231     
         231   22.472205054244231     
         232   22.472205054244231     
         233   22.472205054244231     
         234   22.472205054244231     
         235   22.472205054244231     
         236   22.472205054244231     
         237   22.472205054244231     
         238   22.472205054244231     
         239   22.472205054244231     
         240   22.472205054244231     
         241   22.472205054244231     
         242   22.472205054244231     
         243   22.472205054244231     
         244   22.472205054244231     
         245   22.472205054244231     
         246   22.472205054244231     
         247   22.472205054244231     
         248   22.472205054244231     
         249   22.472205054244231     
         250   22.472205054244231     
         251   22.472205054244231     
         252   22.472205054244231     
         253   22.472205054244231     
         254   22.472205054244231     
         255   22.472205054244231     
         256   22.472205054244231     
         257   22.472205054244231     
         258   22.472205054244231     
         259   22.472205054244231     
         260   22.472205054244231     
         261   22.472205054244231     
         262   22.472205054244231     
         263   22.472205054244231     
         264   22.472205054244231     
         265   22.472205054244231     
         266   22.472205054244231     
