           2   1.0000000000000000     
           3   1.0000000000000000     
           4   2.0000000000000000     
           5   2.0000000000000000     
           6   3.0000000000000000     
           7   3.0000000000000000     
           8   4.0000000000000000     
           9   4.0000000000000000     
          10   4.0000000000000000     
          11   4.0000000000000000     
          12   4.0000000000000000     
          13   4.0000000000000000     
          14   4.0000000000000000     
          15   4.4721359549995796     
          16   5.3851648071345037     
          17   5.3851648071345037     
          18   5.3851648071345037     
          19   5.3851648071345037     
          20   5.3851648071345037     
          21   6.3245553203367590     
          22   6.3245553203367590     
          23   6.3245553203367590     
          24   6.3245553203367590     
          25   7.2801098892805181     
          26   8.2462112512353212     
          27   8.2462112512353212     
          28   8.2462112512353212     
          29   8.2462112512353212     
          30   8.5440037453175304     
          31   8.9442719099991592     
          32   8.9442719099991592     
          33   9.4868329805051381     
          34   9.8488578017961039     
          35   9.8488578017961039     
          36   10.000000000000000     
          37   10.000000000000000     
          38   10.000000000000000     
          39   10.000000000000000     
          40   10.630145812734650     
          41   11.313708498984761     
          42   11.313708498984761     
          43   12.041594578792296     
          44   12.041594578792296     
          45   12.041594578792296     
          46   12.041594578792296     
          47   12.041594578792296     
          48   12.041594578792296     
          49   12.806248474865697     
          50   13.453624047073710     
          51   14.212670403551895     
          52   14.212670403551895     
          53   14.212670403551895     
          54   14.212670403551895     
          55   14.212670403551895     
          56   14.212670403551895     
          57   14.212670403551895     
          58   14.212670403551895     
          59   14.212670403551895     
          60   14.212670403551895     
          61   14.212670403551895     
          62   14.212670403551895     
          63   14.212670403551895     
          64   14.212670403551895     
          65   14.212670403551895     
          66   14.212670403551895     
          67   14.212670403551895     
          68   14.212670403551895     
          69   14.212670403551895     
          70   14.212670403551895     
          71   14.212670403551895     
          72   14.212670403551895     
          73   14.212670403551895     
          74   14.212670403551895     
          75   14.212670403551895     
          76   14.212670403551895     
          77   14.212670403551895     
          78   14.212670403551895     
          79   14.212670403551895     
          80   14.212670403551895     
          81   14.212670403551895     
          82   14.212670403551895     
          83   14.212670403551895     
          84   14.212670403551895     
          85   14.212670403551895     
          86   14.212670403551895     
          87   14.212670403551895     
          88   14.212670403551895     
          89   14.212670403551895     
          90   14.212670403551895     
          91   14.212670403551895     
          92   14.212670403551895     
          93   14.212670403551895     
          94   14.212670403551895     
          95   14.212670403551895     
          96   14.212670403551895     
          97   14.212670403551895     
          98   14.422205101855956     
          99   14.422205101855956     
         100   14.422205101855956     
         101   14.422205101855956     
         102   14.422205101855956     
         103   14.422205101855956     
         104   14.422205101855956     
         105   14.422205101855956     
         106   14.422205101855956     
         107   14.422205101855956     
         108   14.422205101855956     
         109   15.264337522473747     
         110   15.264337522473747     
         111   15.264337522473747     
         112   15.264337522473747     
         113   15.264337522473747     
         114   15.264337522473747     
         115   15.264337522473747     
         116   15.297058540778355     
         117   16.124515496597098     
         118   16.278820596099706     
         119   17.000000000000000     
         120   17.888543819998318     
         121   17.888543819998318     
         122   17.888543819998318     
         123   17.888543819998318     
         124   17.888543819998318     
         125   18.384776310850235     
         126   18.384776310850235     
         127   18.384776310850235     
         128   18.384776310850235     
         129   18.384776310850235     
         130   18.384776310850235     
         131   19.313207915827967     
         132   19.697715603592208     
         133   19.697715603592208     
         134   19.697715603592208     
         135   20.248456731316587     
         136   20.248456731316587     
         137   20.248456731316587     
         138   20.248456731316587     
         139   20.248456731316587     
         140   20.248456731316587     
         141   21.189620100417091     
         142   21.189620100417091     
         143   21.189620100417091     
         144   21.189620100417091     
         145   21.189620100417091     
         146   21.189620100417091     
         147   21.189620100417091     
         148   21.189620100417091     
         149   21.189620100417091     
         150   21.189620100417091     
         151   21.189620100417091     
         152   21.189620100417091     
         153   21.189620100417091     
         154   21.540659228538015     
         155   21.540659228538015     
         156   22.472205054244231     
         157   22.847319317591726     
         158   23.769728648009426     
         159   23.769728648009426     
         160   23.769728648009426     
         161   23.769728648009426     
         162   23.769728648009426     
         163   23.769728648009426     
         164   23.769728648009426     
         165   23.769728648009426     
         166   23.769728648009426     
         167   23.769728648009426     
         168   23.769728648009426     
         169   23.769728648009426     
         170   23.769728648009426     
         171   23.769728648009426     
         172   23.769728648009426     
         173   23.769728648009426     
         174   23.769728648009426     
         175   23.769728648009426     
         176   23.769728648009426     
         177   23.769728648009426     
         178   23.769728648009426     
         179   23.769728648009426     
         180   23.769728648009426     
         181   23.769728648009426     
         182   23.769728648009426     
         183   23.769728648009426     
         184   23.769728648009426     
         185   23.769728648009426     
         186   23.769728648009426     
         187   23.769728648009426     
         188   23.769728648009426     
         189   23.769728648009426     
         190   23.769728648009426     
         191   23.769728648009426     
         192   23.769728648009426     
         193   23.769728648009426     
         194   23.769728648009426     
         195   23.769728648009426     
         196   24.698178070456937     
         197   25.632011235952593     
         198   25.632011235952593     
         199   26.570660511172846     
         200   26.570660511172846     
         201   26.570660511172846     
         202   26.570660511172846     
         203   26.570660511172846     
         204   26.570660511172846     
         205   26.570660511172846     
         206   26.570660511172846     
         207   26.570660511172846     
         208   26.570660511172846     
         209   26.570660511172846     
         210   26.570660511172846     
         211   26.570660511172846     
         212   27.513632984395208     
         213   27.513632984395208     
         214   27.513632984395208     
         215   27.513632984395208     
         216   27.513632984395208     
         217   27.513632984395208     
         218   27.513632984395208     
         219   27.513632984395208     
         220   27.513632984395208     
         221   27.513632984395208     
         222   27.513632984395208     
         223   27.513632984395208     
         224   27.513632984395208     
         225   27.513632984395208     
         226   27.513632984395208     
         227   27.513632984395208     
         228   27.513632984395208     
         229   27.513632984395208     
         230   27.513632984395208     
         231   27.513632984395208     
         232   27.513632984395208     
         233   27.513632984395208     
         234   27.513632984395208     
         235   27.513632984395208     
         236   27.513632984395208     
         237   27.513632984395208     
         238   27.513632984395208     
         239   27.513632984395208     
         240   27.513632984395208     
         241   27.513632984395208     
         242   27.856776554368238     
         243   27.856776554368238     
         244   27.856776554368238     
         245   27.856776554368238     
         246   27.856776554368238     
         247   27.856776554368238     
         248   27.856776554368238     
         249   27.856776554368238     
         250   27.856776554368238     
         251   27.856776554368238     
         252   27.856776554368238     
         253   27.856776554368238     
         254   27.856776554368238     
         255   27.856776554368238     
         256   27.856776554368238     
         257   27.856776554368238     
         258   27.856776554368238     
         259   27.856776554368238     
         260   27.856776554368238     
         261   27.856776554368238     
         262   27.856776554368238     
         263   27.856776554368238     
         264   27.856776554368238     
         265   27.856776554368238     
         266   27.856776554368238     
         267   27.856776554368238     
         268   27.856776554368238     
         269   27.856776554368238     
         270   27.856776554368238     
         271   27.856776554368238     
