           2   1.0000000000000000     
           3   1.4142135623730951     
           4   1.4142135623730951     
           5   2.0000000000000000     
           6   2.0000000000000000     
           7   2.2360679774997898     
           8   3.0000000000000000     
           9   3.0000000000000000     
          10   3.0000000000000000     
          11   3.6055512754639891     
          12   4.2426406871192848     
          13   4.2426406871192848     
          14   5.0000000000000000     
          15   5.0000000000000000     
          16   5.0000000000000000     
          17   5.0000000000000000     
          18   5.0000000000000000     
          19   5.0000000000000000     
          20   5.0000000000000000     
          21   5.0000000000000000     
          22   6.0000000000000000     
          23   6.0000000000000000     
          24   6.0000000000000000     
          25   6.0000000000000000     
          26   7.0000000000000000     
          27   7.0710678118654755     
          28   7.0710678118654755     
          29   7.0710678118654755     
          30   8.0622577482985491     
          31   8.0622577482985491     
          32   8.0622577482985491     
          33   8.0622577482985491     
          34   8.0622577482985491     
          35   8.0622577482985491     
          36   8.0622577482985491     
          37   9.0553851381374173     
          38   9.0553851381374173     
          39   9.0553851381374173     
          40   9.0553851381374173     
          41   9.0553851381374173     
          42   9.0553851381374173     
          43   9.0553851381374173     
          44   9.0553851381374173     
          45   9.0553851381374173     
          46   9.0553851381374173     
          47   9.0553851381374173     
          48   9.0553851381374173     
          49   9.0553851381374173     
          50   9.0553851381374173     
          51   9.0553851381374173     
          52   9.0553851381374173     
          53   9.0553851381374173     
          54   9.0553851381374173     
          55   9.0553851381374173     
          56   10.049875621120890     
          57   10.049875621120890     
          58   10.049875621120890     
          59   10.049875621120890     
          60   10.049875621120890     
          61   10.049875621120890     
          62   10.049875621120890     
          63   10.049875621120890     
          64   10.049875621120890     
          65   10.049875621120890     
          66   10.049875621120890     
          67   10.049875621120890     
          68   10.049875621120890     
          69   10.049875621120890     
          70   10.049875621120890     
          71   10.049875621120890     
          72   10.049875621120890     
          73   10.049875621120890     
          74   10.049875621120890     
          75   10.049875621120890     
          76   10.049875621120890     
          77   10.049875621120890     
          78   11.045361017187261     
          79   11.045361017187261     
          80   11.045361017187261     
          81   11.045361017187261     
          82   11.045361017187261     
          83   11.045361017187261     
          84   11.045361017187261     
          85   11.045361017187261     
          86   11.045361017187261     
          87   11.045361017187261     
          88   11.045361017187261     
          89   11.045361017187261     
          90   11.045361017187261     
          91   11.045361017187261     
          92   11.045361017187261     
          93   11.045361017187261     
          94   11.045361017187261     
          95   11.045361017187261     
          96   11.045361017187261     
          97   11.045361017187261     
          98   11.045361017187261     
          99   11.045361017187261     
         100   11.045361017187261     
         101   11.045361017187261     
         102   11.045361017187261     
         103   11.045361017187261     
         104   11.045361017187261     
         105   11.045361017187261     
         106   11.045361017187261     
         107   11.045361017187261     
         108   11.045361017187261     
         109   11.045361017187261     
         110   11.045361017187261     
         111   11.045361017187261     
         112   11.045361017187261     
         113   11.045361017187261     
         114   11.045361017187261     
         115   11.045361017187261     
         116   11.180339887498949     
         117   11.180339887498949     
         118   11.704699910719626     
         119   11.704699910719626     
         120   11.704699910719626     
         121   11.704699910719626     
         122   11.704699910719626     
         123   12.165525060596439     
         124   12.165525060596439     
         125   12.165525060596439     
         126   12.165525060596439     
         127   12.165525060596439     
         128   13.152946437965905     
         129   13.152946437965905     
         130   13.152946437965905     
         131   13.152946437965905     
         132   13.152946437965905     
         133   13.152946437965905     
         134   13.152946437965905     
         135   13.152946437965905     
         136   13.152946437965905     
         137   13.152946437965905     
         138   13.152946437965905     
         139   13.152946437965905     
         140   13.152946437965905     
         141   13.152946437965905     
         142   13.152946437965905     
         143   13.152946437965905     
         144   13.152946437965905     
         145   13.152946437965905     
         146   13.152946437965905     
         147   13.152946437965905     
         148   13.152946437965905     
         149   13.152946437965905     
         150   13.152946437965905     
         151   13.152946437965905     
         152   13.152946437965905     
         153   13.152946437965905     
         154   13.152946437965905     
         155   13.152946437965905     
         156   13.152946437965905     
         157   14.035668847618199     
         158   14.035668847618199     
         159   14.035668847618199     
         160   14.035668847618199     
         161   14.035668847618199     
         162   14.035668847618199     
         163   14.035668847618199     
         164   15.033296378372908     
         165   15.033296378372908     
         166   15.033296378372908     
         167   15.033296378372908     
         168   15.033296378372908     
         169   15.033296378372908     
         170   15.033296378372908     
         171   15.033296378372908     
         172   15.033296378372908     
         173   15.132745950421556     
         174   15.297058540778355     
         175   15.524174696260024     
         176   15.524174696260024     
         177   16.031219541881399     
         178   16.031219541881399     
         179   16.031219541881399     
         180   16.031219541881399     
         181   16.031219541881399     
         182   16.031219541881399     
         183   16.031219541881399     
         184   16.031219541881399     
         185   16.031219541881399     
         186   16.031219541881399     
         187   16.031219541881399     
         188   16.031219541881399     
         189   16.031219541881399     
         190   16.031219541881399     
         191   16.031219541881399     
         192   16.031219541881399     
         193   16.031219541881399     
         194   16.031219541881399     
         195   16.031219541881399     
         196   16.031219541881399     
         197   16.031219541881399     
         198   16.031219541881399     
         199   16.031219541881399     
         200   16.031219541881399     
         201   16.124515496597098     
         202   17.000000000000000     
         203   17.888543819998318     
         204   17.888543819998318     
         205   17.888543819998318     
         206   17.888543819998318     
         207   17.888543819998318     
         208   17.888543819998318     
         209   17.888543819998318     
         210   17.888543819998318     
         211   17.888543819998318     
         212   17.888543819998318     
         213   17.888543819998318     
         214   17.888543819998318     
         215   17.888543819998318     
         216   17.888543819998318     
         217   17.888543819998318     
         218   17.888543819998318     
         219   17.888543819998318     
         220   17.888543819998318     
         221   17.888543819998318     
         222   17.888543819998318     
         223   18.357559750685819     
         224   18.357559750685819     
         225   18.867962264113206     
         226   18.867962264113206     
         227   18.867962264113206     
         228   18.867962264113206     
         229   19.723082923316021     
         230   20.591260281974002     
         231   20.591260281974002     
         232   20.591260281974002     
         233   20.591260281974002     
         234   20.591260281974002     
         235   20.591260281974002     
         236   20.591260281974002     
         237   20.591260281974002     
         238   20.591260281974002     
