           2   1.0000000000000000     
           3   1.0000000000000000     
           4   1.4142135623730951     
           5   1.4142135623730951     
           6   2.2360679774997898     
           7   2.2360679774997898     
           8   2.2360679774997898     
           9   2.2360679774997898     
          10   3.1622776601683795     
          11   3.1622776601683795     
          12   3.6055512754639891     
          13   3.6055512754639891     
          14   4.4721359549995796     
          15   4.4721359549995796     
          16   4.4721359549995796     
          17   4.4721359549995796     
          18   4.4721359549995796     
          19   4.4721359549995796     
          20   5.0000000000000000     
          21   5.3851648071345037     
          22   5.8309518948453007     
          23   5.8309518948453007     
          24   5.8309518948453007     
          25   5.8309518948453007     
          26   6.4031242374328485     
          27   7.0710678118654755     
          28   7.0710678118654755     
          29   7.0710678118654755     
          30   7.8102496759066540     
          31   7.8102496759066540     
          32   7.8102496759066540     
          33   7.8102496759066540     
          34   8.0000000000000000     
          35   8.0000000000000000     
          36   8.0000000000000000     
          37   9.0000000000000000     
          38   9.0000000000000000     
          39   9.0000000000000000     
          40   9.0000000000000000     
          41   9.0000000000000000     
          42   9.0000000000000000     
          43   9.0000000000000000     
          44   9.0000000000000000     
          45   9.0000000000000000     
          46   10.000000000000000     
          47   10.049875621120890     
          48   10.198039027185569     
          49   11.180339887498949     
          50   12.165525060596439     
          51   12.165525060596439     
          52   13.152946437965905     
          53   13.152946437965905     
          54   13.152946437965905     
          55   13.152946437965905     
          56   13.152946437965905     
          57   13.152946437965905     
          58   13.152946437965905     
          59   13.152946437965905     
          60   13.152946437965905     
          61   13.152946437965905     
          62   13.152946437965905     
          63   13.152946437965905     
          64   13.152946437965905     
          65   13.152946437965905     
          66   13.152946437965905     
          67   13.152946437965905     
          68   13.152946437965905     
          69   13.152946437965905     
          70   13.152946437965905     
          71   13.152946437965905     
          72   13.152946437965905     
          73   13.152946437965905     
          74   13.152946437965905     
          75   13.152946437965905     
          76   13.152946437965905     
          77   13.152946437965905     
          78   13.152946437965905     
          79   13.152946437965905     
          80   13.152946437965905     
          81   14.142135623730951     
          82   14.142135623730951     
          83   14.142135623730951     
          84   14.142135623730951     
          85   14.142135623730951     
          86   14.142135623730951     
          87   14.142135623730951     
          88   15.132745950421556     
          89   15.132745950421556     
          90   15.132745950421556     
          91   15.132745950421556     
          92   15.297058540778355     
          93   15.297058540778355     
          94   15.297058540778355     
          95   15.297058540778355     
          96   15.297058540778355     
          97   15.297058540778355     
          98   16.124515496597098     
          99   16.124515496597098     
         100   16.124515496597098     
         101   16.124515496597098     
         102   16.124515496597098     
         103   16.124515496597098     
         104   16.124515496597098     
         105   16.278820596099706     
         106   16.278820596099706     
         107   16.278820596099706     
         108   16.278820596099706     
         109   16.278820596099706     
         110   16.278820596099706     
         111   16.278820596099706     
         112   16.278820596099706     
         113   16.278820596099706     
         114   17.117242768623690     
         115   18.110770276274835     
         116   18.248287590894659     
         117   18.248287590894659     
         118   18.439088914585774     
         119   18.439088914585774     
         120   18.439088914585774     
         121   19.104973174542799     
         122   20.099751242241780     
         123   20.223748416156685     
         124   20.223748416156685     
         125   20.223748416156685     
         126   21.213203435596427     
         127   21.213203435596427     
         128   22.203603311174518     
         129   22.203603311174518     
         130   22.203603311174518     
         131   22.203603311174518     
         132   22.360679774997898     
         133   22.360679774997898     
         134   22.360679774997898     
         135   22.360679774997898     
         136   22.360679774997898     
         137   22.360679774997898     
         138   23.194827009486403     
         139   24.186773244895647     
         140   24.186773244895647     
         141   24.186773244895647     
         142   24.186773244895647     
         143   24.186773244895647     
         144   24.186773244895647     
         145   24.186773244895647     
         146   24.186773244895647     
         147   25.079872407968907     
         148   25.079872407968907     
         149   25.079872407968907     
         150   25.079872407968907     
         151   25.079872407968907     
         152   25.079872407968907     
         153   25.079872407968907     
         154   25.079872407968907     
         155   25.079872407968907     
         156   25.079872407968907     
         157   25.079872407968907     
         158   25.079872407968907     
         159   25.079872407968907     
         160   25.079872407968907     
         161   25.079872407968907     
         162   25.079872407968907     
         163   25.079872407968907     
         164   25.961509971494340     
         165   25.961509971494340     
         166   25.961509971494340     
         167   25.961509971494340     
         168   25.961509971494340     
         169   25.961509971494340     
         170   25.961509971494340     
         171   25.961509971494340     
         172   26.248809496813376     
         173   26.248809496813376     
         174   26.925824035672520     
         175   26.925824035672520     
         176   26.925824035672520     
         177   26.925824035672520     
         178   26.925824035672520     
         179   26.925824035672520     
         180   26.925824035672520     
         181   26.925824035672520     
         182   26.925824035672520     
         183   26.925824035672520     
         184   26.925824035672520     
         185   26.925824035672520     
         186   26.925824035672520     
         187   26.925824035672520     
         188   26.925824035672520     
         189   27.892651361962706     
         190   27.892651361962706     
         191   27.892651361962706     
         192   27.892651361962706     
         193   27.892651361962706     
         194   27.892651361962706     
         195   27.892651361962706     
         196   27.892651361962706     
         197   28.160255680657446     
         198   29.120439557122072     
         199   30.083217912982647     
         200   31.048349392520048     
         201   31.048349392520048     
         202   31.048349392520048     
         203   31.048349392520048     
         204   31.048349392520048     
         205   31.048349392520048     
         206   31.048349392520048     
         207   31.048349392520048     
         208   31.048349392520048     
         209   31.048349392520048     
         210   31.048349392520048     
         211   31.048349392520048     
         212   31.048349392520048     
         213   31.048349392520048     
         214   31.048349392520048     
         215   31.048349392520048     
         216   31.048349392520048     
         217   31.048349392520048     
         218   31.048349392520048     
         219   31.048349392520048     
         220   31.048349392520048     
         221   31.048349392520048     
         222   31.048349392520048     
         223   31.048349392520048     
         224   31.048349392520048     
         225   31.048349392520048     
         226   31.048349392520048     
         227   31.048349392520048     
         228   31.048349392520048     
         229   31.048349392520048     
         230   31.048349392520048     
         231   31.048349392520048     
         232   31.048349392520048     
         233   31.048349392520048     
         234   31.048349392520048     
         235   31.048349392520048     
         236   31.048349392520048     
         237   31.048349392520048     
         238   31.048349392520048     
         239   31.048349392520048     
         240   31.048349392520048     
         241   31.048349392520048     
         242   31.048349392520048     
         243   31.048349392520048     
         244   31.048349392520048     
         245   31.048349392520048     
         246   31.048349392520048     
         247   31.048349392520048     
         248   31.048349392520048     
         249   31.048349392520048     
         250   31.048349392520048     
         251   31.048349392520048     
         252   31.048349392520048     
         253   31.048349392520048     
         254   31.048349392520048     
         255   31.048349392520048     
         256   31.048349392520048     
         257   31.048349392520048     
         258   31.048349392520048     
         259   31.048349392520048     
         260   31.048349392520048     
         261   31.048349392520048     
         262   31.048349392520048     
         263   31.048349392520048     
         264   31.048349392520048     
         265   31.048349392520048     
         266   31.048349392520048     
         267   31.048349392520048     
         268   31.048349392520048     
         269   31.048349392520048     
         270   31.048349392520048     
         271   31.048349392520048     
         272   31.048349392520048     
         273   31.048349392520048     
         274   31.048349392520048     
         275   31.048349392520048     
         276   31.048349392520048     
         277   31.048349392520048     
         278   31.048349392520048     
         279   31.048349392520048     
         280   31.048349392520048     
         281   31.048349392520048     
         282   31.048349392520048     
         283   31.048349392520048     
         284   31.048349392520048     
         285   31.048349392520048     
         286   31.048349392520048     
         287   31.048349392520048     
         288   31.048349392520048     
         289   31.048349392520048     
         290   31.048349392520048     
         291   31.048349392520048     
         292   31.048349392520048     
         293   31.048349392520048     
         294   31.048349392520048     
         295   31.048349392520048     
         296   31.048349392520048     
         297   31.048349392520048     
         298   31.048349392520048     
         299   31.048349392520048     
         300   31.048349392520048     
         301   31.048349392520048     
         302   31.048349392520048     
         303   31.048349392520048     
         304   31.048349392520048     
         305   31.048349392520048     
         306   31.048349392520048     
         307   31.048349392520048     
         308   31.048349392520048     
         309   31.048349392520048     
         310   31.048349392520048     
         311   31.048349392520048     
         312   31.048349392520048     
         313   31.048349392520048     
         314   31.064449134018133     
         315   31.144823004794873     
         316   31.144823004794873     
         317   31.144823004794873     
         318   32.015621187164243     
         319   32.015621187164243     
         320   32.015621187164243     
         321   32.015621187164243     
         322   32.015621187164243     
         323   32.015621187164243     
         324   32.015621187164243     
         325   32.015621187164243     
         326   32.015621187164243     
         327   32.015621187164243     
         328   32.984845004941285     
         329   32.984845004941285     
         330   33.955853692699293     
         331   34.205262752974143     
         332   34.205262752974143     
         333   34.205262752974143     
         334   34.205262752974143     
         335   34.205262752974143     
         336   34.205262752974143     
         337   34.205262752974143     
         338   34.205262752974143     
         339   34.205262752974143     
         340   34.205262752974143     
         341   34.205262752974143     
         342   34.205262752974143     
         343   34.205262752974143     
         344   34.205262752974143     
         345   34.205262752974143     
         346   34.205262752974143     
         347   35.000000000000000     
         348   35.000000000000000     
         349   35.000000000000000     
         350   35.000000000000000     
         351   35.805027579936315     
         352   36.400549446402593     
         353   36.400549446402593     
         354   36.400549446402593     
         355   36.400549446402593     
         356   36.400549446402593     
         357   36.400549446402593     
         358   36.400549446402593     
         359   36.400549446402593     
         360   36.400549446402593     
         361   36.400549446402593     
         362   36.400549446402593     
         363   36.400549446402593     
         364   36.400549446402593     
         365   36.400549446402593     
         366   36.400549446402593     
         367   36.619666847201110     
         368   36.619666847201110     
         369   36.619666847201110     
         370   36.619666847201110     
         371   36.891733491393431     
