           2   1.0000000000000000     
           3   1.4142135623730951     
           4   2.2360679774997898     
           5   2.8284271247461903     
           6   3.6055512754639891     
           7   4.4721359549995796     
           8   5.0000000000000000     
           9   5.0000000000000000     
          10   5.0000000000000000     
          11   5.0000000000000000     
          12   5.8309518948453007     
          13   5.8309518948453007     
          14   5.8309518948453007     
          15   5.8309518948453007     
          16   6.0827625302982193     
          17   6.0827625302982193     
          18   6.0827625302982193     
          19   6.4031242374328485     
          20   7.0710678118654755     
          21   7.0710678118654755     
          22   7.0710678118654755     
          23   7.2111025509279782     
          24   8.0622577482985491     
          25   8.9442719099991592     
          26   9.8488578017961039     
          27   9.8488578017961039     
          28   10.770329614269007     
          29   11.704699910719626     
          30   11.704699910719626     
          31   12.649110640673518     
          32   12.649110640673518     
          33   12.649110640673518     
          34   12.649110640673518     
          35   12.649110640673518     
          36   12.649110640673518     
          37   12.649110640673518     
          38   12.649110640673518     
          39   12.649110640673518     
          40   12.649110640673518     
          41   12.649110640673518     
          42   12.649110640673518     
          43   12.649110640673518     
          44   12.806248474865697     
          45   12.806248474865697     
          46   12.806248474865697     
          47   12.806248474865697     
          48   12.806248474865697     
          49   13.601470508735444     
          50   13.601470508735444     
          51   13.601470508735444     
          52   13.601470508735444     
          53   13.601470508735444     
          54   13.601470508735444     
          55   13.601470508735444     
          56   13.601470508735444     
          57   13.601470508735444     
          58   13.601470508735444     
          59   13.601470508735444     
          60   13.601470508735444     
          61   13.601470508735444     
          62   13.601470508735444     
          63   13.601470508735444     
          64   13.601470508735444     
          65   13.601470508735444     
          66   13.601470508735444     
          67   13.601470508735444     
          68   13.601470508735444     
          69   13.928388277184119     
          70   13.928388277184119     
          71   14.142135623730951     
          72   14.142135623730951     
          73   14.142135623730951     
          74   14.866068747318506     
          75   14.866068747318506     
          76   14.866068747318506     
          77   14.866068747318506     
          78   14.866068747318506     
          79   15.556349186104045     
          80   15.556349186104045     
          81   15.556349186104045     
          82   15.556349186104045     
          83   15.556349186104045     
          84   15.556349186104045     
          85   15.556349186104045     
          86   15.556349186104045     
          87   15.556349186104045     
          88   15.556349186104045     
          89   16.278820596099706     
          90   16.278820596099706     
          91   16.278820596099706     
          92   16.278820596099706     
          93   16.278820596099706     
          94   16.278820596099706     
          95   16.278820596099706     
          96   16.278820596099706     
          97   16.278820596099706     
          98   16.278820596099706     
          99   16.278820596099706     
         100   16.278820596099706     
         101   16.278820596099706     
         102   16.278820596099706     
         103   16.278820596099706     
         104   16.278820596099706     
         105   16.278820596099706     
         106   16.278820596099706     
         107   16.278820596099706     
         108   16.278820596099706     
         109   16.278820596099706     
         110   16.278820596099706     
         111   16.278820596099706     
         112   16.278820596099706     
         113   16.278820596099706     
         114   16.278820596099706     
         115   16.278820596099706     
         116   16.278820596099706     
         117   16.278820596099706     
         118   16.278820596099706     
         119   16.278820596099706     
         120   16.278820596099706     
         121   16.278820596099706     
         122   16.278820596099706     
         123   16.278820596099706     
         124   16.278820596099706     
         125   16.278820596099706     
         126   16.278820596099706     
         127   16.278820596099706     
         128   16.278820596099706     
         129   16.278820596099706     
         130   16.278820596099706     
         131   16.492422502470642     
         132   16.492422502470642     
         133   16.492422502470642     
         134   16.492422502470642     
         135   17.029386365926403     
         136   17.029386365926403     
         137   17.029386365926403     
         138   17.029386365926403     
         139   17.029386365926403     
         140   17.029386365926403     
         141   17.029386365926403     
         142   17.117242768623690     
         143   17.117242768623690     
         144   17.117242768623690     
         145   17.117242768623690     
         146   17.117242768623690     
         147   17.117242768623690     
         148   17.117242768623690     
         149   17.117242768623690     
         150   17.117242768623690     
         151   17.117242768623690     
         152   17.262676501632068     
         153   18.248287590894659     
         154   18.439088914585774     
         155   19.416487838947599     
         156   19.416487838947599     
         157   19.416487838947599     
         158   19.416487838947599     
         159   19.416487838947599     
         160   19.416487838947599     
         161   19.416487838947599     
         162   19.416487838947599     
         163   19.416487838947599     
         164   19.646882704388499     
         165   19.646882704388499     
         166   19.646882704388499     
         167   19.646882704388499     
         168   19.646882704388499     
         169   19.646882704388499     
         170   19.646882704388499     
         171   19.646882704388499     
         172   19.646882704388499     
         173   19.646882704388499     
         174   20.615528128088304     
         175   21.587033144922902     
         176   21.587033144922902     
         177   21.587033144922902     
         178   21.587033144922902     
         179   21.587033144922902     
         180   21.587033144922902     
         181   21.587033144922902     
         182   22.561028345356956     
         183   22.561028345356956     
         184   22.561028345356956     
         185   22.561028345356956     
         186   22.561028345356956     
         187   22.561028345356956     
         188   22.561028345356956     
         189   23.537204591879640     
         190   23.769728648009426     
         191   23.769728648009426     
         192   23.769728648009426     
         193   23.769728648009426     
         194   23.769728648009426     
         195   23.769728648009426     
         196   23.769728648009426     
         197   24.041630560342615     
         198   24.041630560342615     
         199   24.041630560342615     
         200   24.041630560342615     
         201   24.041630560342615     
         202   24.351591323771842     
         203   24.351591323771842     
         204   24.351591323771842     
         205   24.351591323771842     
         206   24.351591323771842     
         207   24.351591323771842     
         208   24.351591323771842     
         209   24.351591323771842     
         210   24.351591323771842     
         211   24.351591323771842     
         212   24.351591323771842     
         213   24.351591323771842     
         214   24.351591323771842     
         215   24.351591323771842     
         216   24.351591323771842     
         217   24.351591323771842     
         218   24.351591323771842     
         219   24.351591323771842     
         220   24.351591323771842     
         221   24.351591323771842     
         222   24.351591323771842     
         223   24.351591323771842     
         224   24.351591323771842     
         225   24.351591323771842     
         226   24.351591323771842     
         227   24.351591323771842     
         228   24.351591323771842     
         229   24.351591323771842     
         230   24.351591323771842     
         231   24.351591323771842     
         232   24.351591323771842     
         233   24.351591323771842     
         234   24.351591323771842     
         235   24.351591323771842     
         236   24.351591323771842     
         237   24.351591323771842     
         238   24.351591323771842     
         239   24.698178070456937     
         240   24.698178070456937     
         241   24.698178070456937     
         242   24.698178070456937     
         243   24.698178070456937     
         244   24.698178070456937     
         245   24.698178070456937     
         246   25.298221281347036     
         247   25.298221281347036     
         248   25.298221281347036     
         249   25.298221281347036     
         250   25.298221281347036     
         251   25.632011235952593     
         252   25.632011235952593     
         253   25.632011235952593     
         254   26.570660511172846     
         255   26.570660511172846     
         256   26.570660511172846     
         257   26.570660511172846     
         258   26.570660511172846     
         259   26.570660511172846     
         260   26.570660511172846     
         261   26.570660511172846     
         262   26.570660511172846     
         263   26.570660511172846     
         264   26.832815729997478     
         265   26.832815729997478     
         266   26.832815729997478     
         267   26.832815729997478     
         268   26.832815729997478     
         269   26.832815729997478     
         270   26.832815729997478     
         271   26.832815729997478     
         272   26.832815729997478     
         273   26.832815729997478     
         274   27.730849247724095     
         275   27.730849247724095     
         276   27.730849247724095     
         277   27.730849247724095     
         278   27.730849247724095     
         279   27.730849247724095     
         280   27.730849247724095     
         281   27.730849247724095     
         282   27.730849247724095     
         283   27.730849247724095     
         284   27.730849247724095     
         285   27.730849247724095     
         286   27.730849247724095     
         287   27.730849247724095     
         288   27.730849247724095     
         289   27.730849247724095     
         290   27.730849247724095     
         291   27.730849247724095     
         292   27.730849247724095     
         293   27.730849247724095     
         294   27.730849247724095     
         295   27.730849247724095     
         296   27.730849247724095     
         297   27.730849247724095     
         298   27.730849247724095     
         299   27.730849247724095     
         300   27.730849247724095     
         301   27.730849247724095     
         302   27.730849247724095     
         303   27.730849247724095     
         304   27.730849247724095     
         305   27.730849247724095     
         306   27.730849247724095     
         307   27.730849247724095     
         308   27.730849247724095     
         309   27.730849247724095     
         310   27.730849247724095     
         311   27.730849247724095     
         312   27.730849247724095     
         313   27.730849247724095     
         314   27.730849247724095     
         315   27.730849247724095     
         316   27.730849247724095     
         317   27.730849247724095     
         318   27.730849247724095     
         319   27.730849247724095     
         320   27.730849247724095     
         321   27.730849247724095     
         322   27.730849247724095     
         323   27.730849247724095     
         324   27.730849247724095     
         325   27.730849247724095     
         326   27.730849247724095     
         327   27.730849247724095     
         328   27.730849247724095     
         329   27.730849247724095     
         330   27.730849247724095     
         331   27.730849247724095     
         332   27.730849247724095     
         333   27.730849247724095     
         334   27.730849247724095     
         335   27.730849247724095     
         336   27.730849247724095     
         337   27.730849247724095     
         338   27.730849247724095     
         339   27.730849247724095     
         340   27.730849247724095     
         341   27.730849247724095     
         342   27.730849247724095     
