           2   1.0000000000000000     
           3   2.0000000000000000     
           4   3.0000000000000000     
           5   4.0000000000000000     
           6   4.0000000000000000     
           7   4.0000000000000000     
           8   4.0000000000000000     
           9   4.1231056256176606     
          10   5.0000000000000000     
          11   5.0990195135927845     
          12   5.0990195135927845     
          13   5.3851648071345037     
          14   5.3851648071345037     
          15   5.3851648071345037     
          16   6.0827625302982193     
          17   6.0827625302982193     
          18   6.0827625302982193     
          19   6.0827625302982193     
          20   6.0827625302982193     
          21   6.0827625302982193     
          22   6.0827625302982193     
          23   6.0827625302982193     
          24   6.0827625302982193     
          25   6.0827625302982193     
          26   6.0827625302982193     
          27   6.0827625302982193     
          28   6.0827625302982193     
          29   6.0827625302982193     
          30   6.0827625302982193     
          31   6.3245553203367590     
          32   7.0710678118654755     
          33   8.0622577482985491     
          34   8.0622577482985491     
          35   8.0622577482985491     
          36   8.0622577482985491     
          37   9.0553851381374173     
          38   9.0553851381374173     
          39   9.0553851381374173     
          40   9.0553851381374173     
          41   9.2195444572928871     
          42   9.2195444572928871     
          43   9.2195444572928871     
          44   9.2195444572928871     
          45   9.2195444572928871     
          46   9.2195444572928871     
          47   9.2195444572928871     
          48   9.2195444572928871     
          49   9.2195444572928871     
          50   10.198039027185569     
          51   11.180339887498949     
          52   11.180339887498949     
          53   11.180339887498949     
          54   11.180339887498949     
          55   11.180339887498949     
          56   11.180339887498949     
          57   11.401754250991379     
          58   11.401754250991379     
          59   12.041594578792296     
          60   12.165525060596439     
          61   12.165525060596439     
          62   12.165525060596439     
          63   12.165525060596439     
          64   12.165525060596439     
          65   12.165525060596439     
          66   12.165525060596439     
          67   13.038404810405298     
          68   13.038404810405298     
          69   13.038404810405298     
          70   13.038404810405298     
          71   13.038404810405298     
          72   13.038404810405298     
          73   13.038404810405298     
          74   13.038404810405298     
          75   13.038404810405298     
          76   13.038404810405298     
          77   13.038404810405298     
          78   13.038404810405298     
          79   13.038404810405298     
          80   13.038404810405298     
          81   13.038404810405298     
          82   13.038404810405298     
          83   13.038404810405298     
          84   13.038404810405298     
          85   13.038404810405298     
          86   13.038404810405298     
          87   13.038404810405298     
          88   13.038404810405298     
          89   14.035668847618199     
          90   14.035668847618199     
          91   14.035668847618199     
          92   14.035668847618199     
          93   15.033296378372908     
          94   15.033296378372908     
          95   15.231546211727817     
          96   16.031219541881399     
          97   16.031219541881399     
          98   16.031219541881399     
          99   16.031219541881399     
         100   16.031219541881399     
         101   16.031219541881399     
         102   16.031219541881399     
         103   16.031219541881399     
         104   16.031219541881399     
         105   16.031219541881399     
         106   16.031219541881399     
         107   16.031219541881399     
         108   16.031219541881399     
         109   16.031219541881399     
         110   16.031219541881399     
         111   16.031219541881399     
         112   16.031219541881399     
         113   16.031219541881399     
         114   16.031219541881399     
         115   16.031219541881399     
         116   16.031219541881399     
         117   16.031219541881399     
         118   16.031219541881399     
         119   16.031219541881399     
         120   16.031219541881399     
         121   16.031219541881399     
         122   16.031219541881399     
         123   16.031219541881399     
         124   16.031219541881399     
         125   16.031219541881399     
         126   16.031219541881399     
         127   16.031219541881399     
         128   16.031219541881399     
         129   16.031219541881399     
         130   16.031219541881399     
         131   16.031219541881399     
         132   16.031219541881399     
         133   16.031219541881399     
         134   16.031219541881399     
         135   16.031219541881399     
         136   16.031219541881399     
         137   16.031219541881399     
         138   16.031219541881399     
         139   16.031219541881399     
         140   16.031219541881399     
         141   16.031219541881399     
         142   16.031219541881399     
         143   16.031219541881399     
         144   16.031219541881399     
         145   16.031219541881399     
         146   16.031219541881399     
         147   16.031219541881399     
         148   16.031219541881399     
         149   16.031219541881399     
         150   16.031219541881399     
         151   16.401219466856727     
         152   17.029386365926403     
         153   17.804493814764857     
         154   17.804493814764857     
         155   17.804493814764857     
         156   17.804493814764857     
         157   17.804493814764857     
         158   17.804493814764857     
         159   17.804493814764857     
         160   17.804493814764857     
         161   17.804493814764857     
         162   17.804493814764857     
         163   17.804493814764857     
         164   17.804493814764857     
         165   17.804493814764857     
         166   17.804493814764857     
         167   18.601075237738275     
         168   18.601075237738275     
         169   18.601075237738275     
         170   18.601075237738275     
         171   18.601075237738275     
         172   18.601075237738275     
         173   18.601075237738275     
         174   18.601075237738275     
         175   18.601075237738275     
         176   18.601075237738275     
         177   18.601075237738275     
         178   18.601075237738275     
         179   18.601075237738275     
         180   18.601075237738275     
         181   18.601075237738275     
         182   18.601075237738275     
         183   18.601075237738275     
         184   18.601075237738275     
         185   18.601075237738275     
         186   18.601075237738275     
         187   18.601075237738275     
         188   18.601075237738275     
         189   18.601075237738275     
         190   18.601075237738275     
         191   18.601075237738275     
         192   18.601075237738275     
         193   18.601075237738275     
         194   18.601075237738275     
         195   18.601075237738275     
         196   18.601075237738275     
         197   18.601075237738275     
         198   18.601075237738275     
         199   18.601075237738275     
         200   18.601075237738275     
         201   19.416487838947599     
         202   19.416487838947599     
         203   19.416487838947599     
         204   19.416487838947599     
         205   19.416487838947599     
