           2   1.0000000000000000     
           3   1.0000000000000000     
           4   1.0000000000000000     
           5   2.0000000000000000     
           6   3.0000000000000000     
           7   3.0000000000000000     
           8   3.0000000000000000     
           9   4.0000000000000000     
          10   4.1231056256176606     
          11   4.4721359549995796     
          12   4.4721359549995796     
          13   5.3851648071345037     
          14   5.3851648071345037     
          15   5.3851648071345037     
          16   6.0000000000000000     
          17   7.0000000000000000     
          18   7.0000000000000000     
          19   7.0000000000000000     
          20   7.0000000000000000     
          21   7.0000000000000000     
          22   7.0000000000000000     
          23   7.0000000000000000     
          24   8.0000000000000000     
          25   8.0000000000000000     
          26   9.0000000000000000     
          27   9.0000000000000000     
          28   9.0000000000000000     
          29   9.2195444572928871     
          30   9.4868329805051381     
          31   9.4868329805051381     
          32   9.4868329805051381     
          33   10.440306508910551     
          34   10.770329614269007     
          35   11.180339887498949     
          36   11.180339887498949     
          37   11.180339887498949     
          38   11.180339887498949     
          39   12.083045973594572     
          40   12.083045973594572     
          41   12.083045973594572     
          42   12.083045973594572     
          43   12.083045973594572     
          44   12.083045973594572     
          45   12.083045973594572     
          46   12.083045973594572     
          47   12.083045973594572     
          48   12.083045973594572     
          49   12.083045973594572     
          50   12.083045973594572     
          51   12.083045973594572     
          52   12.083045973594572     
          53   12.083045973594572     
          54   12.083045973594572     
          55   12.206555615733702     
          56   12.206555615733702     
          57   12.206555615733702     
          58   12.206555615733702     
          59   12.206555615733702     
          60   12.206555615733702     
          61   12.206555615733702     
          62   12.206555615733702     
          63   12.206555615733702     
          64   12.206555615733702     
          65   12.206555615733702     
          66   12.206555615733702     
          67   12.206555615733702     
          68   12.206555615733702     
          69   12.206555615733702     
          70   12.206555615733702     
          71   12.206555615733702     
          72   12.206555615733702     
          73   12.206555615733702     
          74   12.206555615733702     
          75   12.206555615733702     
          76   12.206555615733702     
          77   12.206555615733702     
          78   12.206555615733702     
          79   12.206555615733702     
          80   12.206555615733702     
          81   12.206555615733702     
          82   12.206555615733702     
          83   12.206555615733702     
          84   12.206555615733702     
          85   12.206555615733702     
          86   12.206555615733702     
          87   12.206555615733702     
          88   12.206555615733702     
          89   12.206555615733702     
          90   12.206555615733702     
          91   12.206555615733702     
          92   12.206555615733702     
          93   12.206555615733702     
          94   12.206555615733702     
          95   12.206555615733702     
          96   12.206555615733702     
          97   12.206555615733702     
          98   12.206555615733702     
          99   12.206555615733702     
         100   12.206555615733702     
         101   12.206555615733702     
         102   12.206555615733702     
         103   12.206555615733702     
         104   12.206555615733702     
         105   12.206555615733702     
         106   12.206555615733702     
         107   12.206555615733702     
         108   12.206555615733702     
         109   12.206555615733702     
         110   12.206555615733702     
         111   12.206555615733702     
         112   12.206555615733702     
         113   12.206555615733702     
         114   12.206555615733702     
         115   12.206555615733702     
         116   12.206555615733702     
         117   12.206555615733702     
         118   12.206555615733702     
         119   12.206555615733702     
         120   12.206555615733702     
         121   12.206555615733702     
         122   12.369316876852981     
         123   13.341664064126334     
         124   13.341664064126334     
         125   13.341664064126334     
         126   13.341664064126334     
         127   13.341664064126334     
         128   13.601470508735444     
         129   13.601470508735444     
         130   13.601470508735444     
         131   13.601470508735444     
         132   13.601470508735444     
         133   13.601470508735444     
         134   13.601470508735444     
         135   13.601470508735444     
         136   13.601470508735444     
         137   13.601470508735444     
         138   13.601470508735444     
         139   13.601470508735444     
         140   14.212670403551895     
         141   14.212670403551895     
         142   14.560219778561036     
         143   15.000000000000000     
         144   15.524174696260024     
         145   15.524174696260024     
         146   15.524174696260024     
         147   15.524174696260024     
         148   15.524174696260024     
         149   15.811388300841896     
         150   15.811388300841896     
         151   15.811388300841896     
         152   15.811388300841896     
         153   15.811388300841896     
         154   15.811388300841896     
         155   15.811388300841896     
         156   16.643316977093239     
         157   16.643316977093239     
         158   16.643316977093239     
         159   16.643316977093239     
         160   16.643316977093239     
         161   16.643316977093239     
         162   16.643316977093239     
         163   16.643316977093239     
         164   16.643316977093239     
         165   17.204650534085253     
         166   17.204650534085253     
         167   17.804493814764857     
         168   17.804493814764857     
         169   17.804493814764857     
         170   17.804493814764857     
         171   17.804493814764857     
         172   17.804493814764857     
         173   17.804493814764857     
         174   17.804493814764857     
         175   17.804493814764857     
         176   17.804493814764857     
         177   17.804493814764857     
         178   17.804493814764857     
         179   17.804493814764857     
         180   17.804493814764857     
         181   17.804493814764857     
         182   17.804493814764857     
         183   17.804493814764857     
         184   17.804493814764857     
         185   17.804493814764857     
         186   17.804493814764857     
         187   17.804493814764857     
         188   17.804493814764857     
         189   17.804493814764857     
         190   17.804493814764857     
         191   18.027756377319946     
         192   18.027756377319946     
         193   18.027756377319946     
         194   18.027756377319946     
         195   18.110770276274835     
         196   18.110770276274835     
         197   18.110770276274835     
         198   18.110770276274835     
         199   18.110770276274835     
         200   19.104973174542799     
         201   19.104973174542799     
         202   19.104973174542799     
         203   19.104973174542799     
         204   19.104973174542799     
         205   19.104973174542799     
         206   19.104973174542799     
         207   19.104973174542799     
         208   19.104973174542799     
         209   19.104973174542799     
         210   19.104973174542799     
         211   19.104973174542799     
         212   19.104973174542799     
         213   19.104973174542799     
         214   19.104973174542799     
         215   19.104973174542799     
         216   19.104973174542799     
         217   19.104973174542799     
         218   19.104973174542799     
         219   19.104973174542799     
         220   19.104973174542799     
         221   19.104973174542799     
         222   19.104973174542799     
         223   19.104973174542799     
         224   19.104973174542799     
         225   19.104973174542799     
         226   19.104973174542799     
         227   19.104973174542799     
         228   19.104973174542799     
         229   19.104973174542799     
         230   19.104973174542799     
         231   19.104973174542799     
         232   19.104973174542799     
         233   19.104973174542799     
         234   19.104973174542799     
         235   19.104973174542799     
         236   19.104973174542799     
         237   19.104973174542799     
         238   19.104973174542799     
         239   19.235384061671343     
         240   19.235384061671343     
         241   19.235384061671343     
         242   19.235384061671343     
         243   19.235384061671343     
         244   19.235384061671343     
         245   20.099751242241780     
         246   20.099751242241780     
         247   20.099751242241780     
         248   20.099751242241780     
         249   20.099751242241780     
         250   20.099751242241780     
         251   20.099751242241780     
         252   20.099751242241780     
         253   20.099751242241780     
         254   20.099751242241780     
         255   20.099751242241780     
         256   20.099751242241780     
         257   20.099751242241780     
         258   20.099751242241780     
         259   20.099751242241780     
         260   20.099751242241780     
         261   20.099751242241780     
         262   20.099751242241780     
         263   20.099751242241780     
         264   21.095023109728988     
         265   21.095023109728988     
         266   21.095023109728988     
         267   21.095023109728988     
         268   21.095023109728988     
         269   21.095023109728988     
         270   21.095023109728988     
         271   21.095023109728988     
         272   21.095023109728988     
         273   21.095023109728988     
         274   22.090722034374522     
         275   22.090722034374522     
         276   22.090722034374522     
         277   22.090722034374522     
         278   22.090722034374522     
         279   22.090722034374522     
         280   22.090722034374522     
         281   22.090722034374522     
         282   23.086792761230392     
         283   23.086792761230392     
         284   23.086792761230392     
         285   23.086792761230392     
         286   23.086792761230392     
         287   23.086792761230392     
         288   23.086792761230392     
         289   23.086792761230392     
         290   23.086792761230392     
         291   23.086792761230392     
         292   23.086792761230392     
         293   23.086792761230392     
         294   23.086792761230392     
         295   23.086792761230392     
         296   23.086792761230392     
         297   23.086792761230392     
         298   23.086792761230392     
         299   23.086792761230392     
         300   23.086792761230392     
         301   23.086792761230392     
         302   23.086792761230392     
         303   23.086792761230392     
         304   23.537204591879640     
         305   23.537204591879640     
         306   23.537204591879640     
         307   23.537204591879640     
         308   23.537204591879640     
         309   23.537204591879640     
         310   23.537204591879640     
         311   23.537204591879640     
         312   23.537204591879640     
         313   23.537204591879640     
         314   23.537204591879640     
         315   24.083189157584592     
         316   24.083189157584592     
         317   24.083189157584592     
         318   24.083189157584592     
         319   24.083189157584592     
         320   24.083189157584592     
         321   24.083189157584592     
         322   24.083189157584592     
         323   24.083189157584592     
         324   24.083189157584592     
         325   24.083189157584592     
         326   24.083189157584592     
         327   24.083189157584592     
         328   24.083189157584592     
         329   24.083189157584592     
         330   24.083189157584592     
         331   24.083189157584592     
         332   24.083189157584592     
         333   24.083189157584592     
         334   24.083189157584592     
         335   24.083189157584592     
         336   24.083189157584592     
         337   24.083189157584592     
         338   24.083189157584592     
         339   24.083189157584592     
         340   24.083189157584592     
         341   24.596747752497688     
         342   24.738633753705962     
         343   24.738633753705962     
         344   24.738633753705962     
         345   24.738633753705962     
         346   24.738633753705962     
         347   24.738633753705962     
         348   24.738633753705962     
         349   24.738633753705962     
         350   24.738633753705962     
         351   24.738633753705962     
         352   24.738633753705962     
         353   24.738633753705962     
         354   24.738633753705962     
         355   24.738633753705962     
         356   24.738633753705962     
         357   24.738633753705962     
         358   24.738633753705962     
         359   25.079872407968907     
         360   25.079872407968907     
         361   25.079872407968907     
         362   25.079872407968907     
         363   25.079872407968907     
         364   25.079872407968907     
         365   25.079872407968907     
         366   25.079872407968907     
         367   25.079872407968907     
         368   25.079872407968907     
         369   25.079872407968907     
         370   25.079872407968907     
         371   25.079872407968907     
         372   25.079872407968907     
         373   25.079872407968907     
         374   25.942243542145693     
         375   25.942243542145693     
         376   25.942243542145693     
         377   25.942243542145693     
         378   25.942243542145693     
         379   26.419689627245813     
         380   26.419689627245813     
         381   26.419689627245813     
         382   26.419689627245813     
         383   26.419689627245813     
         384   26.419689627245813     
         385   26.419689627245813     
         386   26.419689627245813     
         387   27.294688127912362     
         388   27.294688127912362     
         389   27.459060435491963     
         390   27.459060435491963     
         391   28.178005607210743     
         392   28.178005607210743     
         393   28.178005607210743     
         394   28.178005607210743     
         395   28.178005607210743     
         396   28.178005607210743     
         397   28.178005607210743     
         398   28.178005607210743     
         399   28.178005607210743     
         400   28.178005607210743     
         401   28.178005607210743     
         402   28.178005607210743     
         403   28.178005607210743     
         404   28.178005607210743     
         405   28.178005607210743     
         406   28.178005607210743     
         407   28.178005607210743     
         408   28.178005607210743     
         409   28.178005607210743     
         410   28.178005607210743     
         411   28.178005607210743     
         412   28.178005607210743     
         413   28.178005607210743     
         414   28.178005607210743     
         415   28.178005607210743     
         416   28.178005607210743     
         417   28.178005607210743     
         418   28.178005607210743     
         419   28.178005607210743     
         420   28.178005607210743     
         421   28.178005607210743     
         422   28.178005607210743     
         423   28.178005607210743     
         424   28.178005607210743     
         425   28.178005607210743     
         426   28.178005607210743     
         427   28.178005607210743     
         428   28.178005607210743     
         429   28.178005607210743     
         430   28.178005607210743     
         431   28.178005607210743     
         432   28.178005607210743     
         433   28.178005607210743     
         434   28.178005607210743     
         435   28.178005607210743     
         436   28.178005607210743     
         437   28.178005607210743     
         438   28.178005607210743     
         439   28.178005607210743     
         440   28.178005607210743     
         441   28.178005607210743     
         442   28.178005607210743     
         443   28.178005607210743     
         444   29.068883707497267     
         445   29.068883707497267     
         446   29.068883707497267     
         447   29.068883707497267     
         448   29.154759474226502     
         449   29.154759474226502     
         450   29.154759474226502     
         451   29.154759474226502     
         452   29.966648127543394     
