           2   1.0000000000000000     
           3   1.4142135623730951     
           4   1.4142135623730951     
           5   1.4142135623730951     
           6   1.4142135623730951     
           7   2.0000000000000000     
           8   2.0000000000000000     
           9   2.2360679774997898     
          10   3.1622776601683795     
          11   3.1622776601683795     
          12   3.1622776601683795     
          13   3.1622776601683795     
          14   3.6055512754639891     
          15   3.6055512754639891     
          16   4.4721359549995796     
          17   4.4721359549995796     
          18   4.4721359549995796     
          19   4.4721359549995796     
          20   4.4721359549995796     
          21   4.4721359549995796     
          22   4.4721359549995796     
          23   4.4721359549995796     
          24   4.4721359549995796     
          25   4.4721359549995796     
          26   5.0000000000000000     
          27   6.0000000000000000     
          28   7.0000000000000000     
          29   7.0000000000000000     
          30   8.0000000000000000     
          31   8.0000000000000000     
          32   9.0000000000000000     
          33   9.0553851381374173     
          34   9.0553851381374173     
          35   9.0553851381374173     
          36   10.049875621120890     
          37   11.045361017187261     
          38   11.180339887498949     
          39   11.180339887498949     
          40   11.180339887498949     
          41   11.180339887498949     
          42   11.180339887498949     
          43   11.180339887498949     
          44   11.180339887498949     
          45   12.041594578792296     
          46   12.041594578792296     
          47   12.041594578792296     
          48   12.041594578792296     
          49   12.041594578792296     
          50   12.041594578792296     
          51   12.041594578792296     
          52   12.041594578792296     
          53   13.038404810405298     
          54   13.038404810405298     
          55   13.038404810405298     
          56   13.038404810405298     
          57   13.038404810405298     
          58   13.038404810405298     
          59   13.038404810405298     
          60   13.038404810405298     
          61   13.038404810405298     
          62   13.038404810405298     
          63   13.038404810405298     
          64   13.038404810405298     
          65   13.038404810405298     
          66   13.038404810405298     
          67   13.038404810405298     
          68   14.035668847618199     
          69   14.035668847618199     
          70   14.035668847618199     
          71   14.035668847618199     
          72   14.035668847618199     
          73   14.035668847618199     
          74   14.035668847618199     
          75   14.035668847618199     
          76   14.035668847618199     
          77   14.035668847618199     
          78   14.035668847618199     
          79   14.035668847618199     
          80   14.035668847618199     
          81   14.035668847618199     
          82   14.035668847618199     
          83   14.035668847618199     
          84   14.035668847618199     
          85   14.035668847618199     
          86   14.035668847618199     
          87   14.035668847618199     
          88   14.035668847618199     
          89   14.035668847618199     
          90   14.035668847618199     
          91   14.035668847618199     
          92   14.035668847618199     
          93   14.035668847618199     
          94   14.035668847618199     
          95   14.035668847618199     
          96   14.035668847618199     
          97   14.035668847618199     
          98   14.035668847618199     
          99   14.035668847618199     
         100   14.035668847618199     
         101   14.035668847618199     
         102   14.035668847618199     
         103   14.035668847618199     
         104   14.035668847618199     
         105   14.035668847618199     
         106   14.035668847618199     
         107   15.033296378372908     
         108   15.033296378372908     
         109   15.033296378372908     
         110   15.033296378372908     
         111   16.031219541881399     
         112   16.031219541881399     
         113   16.124515496597098     
         114   16.124515496597098     
         115   16.124515496597098     
         116   16.124515496597098     
         117   16.124515496597098     
         118   16.124515496597098     
         119   16.278820596099706     
         120   17.262676501632068     
         121   17.464249196572979     
         122   17.464249196572979     
         123   18.439088914585774     
         124   18.439088914585774     
         125   18.439088914585774     
         126   18.681541692269406     
         127   19.416487838947599     
         128   19.416487838947599     
         129   19.416487838947599     
         130   19.416487838947599     
         131   19.416487838947599     
         132   19.416487838947599     
         133   19.416487838947599     
         134   19.416487838947599     
         135   19.416487838947599     
         136   19.416487838947599     
         137   19.416487838947599     
         138   19.416487838947599     
         139   19.416487838947599     
         140   19.416487838947599     
         141   19.416487838947599     
         142   19.416487838947599     
         143   19.416487838947599     
         144   19.416487838947599     
         145   19.416487838947599     
         146   19.416487838947599     
         147   19.416487838947599     
         148   19.416487838947599     
         149   19.416487838947599     
         150   19.416487838947599     
         151   19.416487838947599     
         152   19.416487838947599     
         153   19.416487838947599     
         154   19.416487838947599     
         155   19.416487838947599     
         156   19.416487838947599     
         157   19.416487838947599     
         158   19.416487838947599     
         159   19.416487838947599     
         160   19.416487838947599     
         161   19.416487838947599     
         162   19.416487838947599     
         163   19.416487838947599     
         164   19.416487838947599     
         165   19.416487838947599     
         166   19.416487838947599     
         167   19.416487838947599     
         168   19.416487838947599     
         169   19.416487838947599     
         170   19.416487838947599     
         171   19.416487838947599     
         172   19.416487838947599     
         173   19.416487838947599     
         174   19.416487838947599     
         175   19.416487838947599     
         176   19.416487838947599     
         177   19.416487838947599     
         178   19.416487838947599     
         179   19.416487838947599     
         180   19.416487838947599     
         181   19.416487838947599     
         182   19.416487838947599     
         183   19.416487838947599     
         184   19.416487838947599     
         185   19.416487838947599     
         186   19.416487838947599     
         187   19.416487838947599     
         188   19.416487838947599     
         189   19.416487838947599     
         190   19.416487838947599     
         191   19.697715603592208     
         192   20.615528128088304     
         193   20.615528128088304     
         194   20.615528128088304     
         195   20.615528128088304     
         196   20.615528128088304     
         197   20.615528128088304     
         198   20.615528128088304     
         199   20.615528128088304     
         200   20.615528128088304     
         201   20.615528128088304     
         202   20.615528128088304     
         203   20.615528128088304     
         204   20.615528128088304     
         205   20.615528128088304     
