           2   1.0000000000000000     
           3   1.0000000000000000     
           4   1.0000000000000000     
           5   1.0000000000000000     
           6   2.0000000000000000     
           7   2.0000000000000000     
           8   2.0000000000000000     
           9   3.0000000000000000     
          10   3.0000000000000000     
          11   3.0000000000000000     
          12   3.0000000000000000     
          13   4.0000000000000000     
          14   5.0000000000000000     
          15   6.0000000000000000     
          16   6.0000000000000000     
          17   7.0000000000000000     
          18   7.0000000000000000     
          19   7.0000000000000000     
          20   7.0000000000000000     
          21   7.0000000000000000     
          22   7.0000000000000000     
          23   7.0000000000000000     
          24   7.0000000000000000     
          25   7.0000000000000000     
          26   7.0000000000000000     
          27   7.0000000000000000     
          28   7.0000000000000000     
          29   7.0000000000000000     
          30   7.0000000000000000     
          31   7.0000000000000000     
          32   7.0000000000000000     
          33   8.0000000000000000     
          34   8.0000000000000000     
          35   8.0000000000000000     
          36   8.0000000000000000     
          37   8.0000000000000000     
          38   8.0000000000000000     
          39   8.0000000000000000     
          40   8.0000000000000000     
          41   8.0622577482985491     
          42   8.0622577482985491     
          43   8.0622577482985491     
          44   8.0622577482985491     
          45   8.0622577482985491     
          46   9.0553851381374173     
          47   9.0553851381374173     
          48   9.0553851381374173     
          49   9.0553851381374173     
          50   9.0553851381374173     
          51   9.0553851381374173     
          52   9.0553851381374173     
          53   9.0553851381374173     
          54   9.0553851381374173     
          55   9.0553851381374173     
          56   9.0553851381374173     
          57   9.0553851381374173     
          58   9.0553851381374173     
          59   9.0553851381374173     
          60   10.049875621120890     
          61   10.049875621120890     
          62   11.045361017187261     
          63   11.045361017187261     
          64   11.045361017187261     
          65   11.045361017187261     
          66   11.045361017187261     
          67   11.045361017187261     
          68   11.045361017187261     
          69   11.180339887498949     
          70   11.180339887498949     
          71   11.180339887498949     
          72   11.180339887498949     
          73   11.180339887498949     
          74   11.180339887498949     
          75   12.000000000000000     
          76   12.000000000000000     
          77   12.000000000000000     
          78   12.000000000000000     
          79   12.000000000000000     
          80   12.000000000000000     
          81   12.000000000000000     
          82   12.000000000000000     
          83   12.000000000000000     
          84   12.000000000000000     
          85   12.000000000000000     
          86   12.000000000000000     
          87   12.041594578792296     
          88   12.165525060596439     
          89   12.369316876852981     
          90   12.369316876852981     
          91   12.369316876852981     
          92   12.369316876852981     
          93   12.369316876852981     
          94   12.369316876852981     
          95   12.369316876852981     
          96   12.369316876852981     
          97   12.369316876852981     
          98   12.369316876852981     
          99   12.369316876852981     
         100   12.369316876852981     
         101   12.369316876852981     
         102   12.369316876852981     
         103   12.369316876852981     
         104   13.038404810405298     
         105   13.038404810405298     
         106   13.038404810405298     
         107   13.038404810405298     
         108   13.152946437965905     
         109   13.152946437965905     
         110   13.152946437965905     
         111   13.152946437965905     
         112   13.152946437965905     
         113   13.152946437965905     
         114   13.152946437965905     
         115   13.152946437965905     
         116   13.152946437965905     
         117   13.152946437965905     
         118   14.000000000000000     
         119   14.000000000000000     
         120   14.000000000000000     
         121   14.000000000000000     
         122   14.035668847618199     
         123   14.035668847618199     
         124   14.035668847618199     
         125   14.035668847618199     
         126   14.035668847618199     
         127   14.035668847618199     
         128   14.035668847618199     
         129   14.035668847618199     
         130   14.035668847618199     
         131   14.035668847618199     
         132   14.035668847618199     
         133   14.035668847618199     
         134   14.317821063276353     
         135   15.231546211727817     
         136   16.155494421403510     
         137   16.155494421403510     
         138   16.155494421403510     
         139   16.552945357246848     
         140   16.552945357246848     
         141   16.552945357246848     
         142   16.552945357246848     
         143   16.552945357246848     
         144   16.552945357246848     
         145   16.552945357246848     
         146   16.552945357246848     
         147   16.552945357246848     
         148   16.552945357246848     
         149   17.088007490635061     
         150   17.088007490635061     
         151   17.088007490635061     
         152   17.088007490635061     
         153   17.088007490635061     
         154   17.088007490635061     
         155   17.088007490635061     
         156   17.088007490635061     
         157   17.088007490635061     
         158   17.088007490635061     
         159   17.464249196572979     
         160   17.464249196572979     
         161   18.027756377319946     
         162   18.973665961010276     
         163   18.973665961010276     
         164   18.973665961010276     
         165   18.973665961010276     
         166   18.973665961010276     
         167   18.973665961010276     
         168   18.973665961010276     
         169   18.973665961010276     
         170   18.973665961010276     
         171   18.973665961010276     
         172   18.973665961010276     
         173   18.973665961010276     
         174   19.026297590440446     
         175   20.024984394500787     
         176   20.024984394500787     
         177   20.024984394500787     
         178   20.099751242241780     
         179   20.099751242241780     
         180   20.099751242241780     
         181   20.099751242241780     
         182   20.099751242241780     
         183   20.099751242241780     
         184   20.099751242241780     
         185   20.099751242241780     
         186   20.099751242241780     
         187   20.099751242241780     
         188   20.099751242241780     
         189   20.099751242241780     
         190   20.099751242241780     
         191   20.099751242241780     
         192   20.099751242241780     
         193   20.099751242241780     
         194   20.099751242241780     
         195   20.099751242241780     
         196   20.099751242241780     
         197   20.099751242241780     
         198   20.099751242241780     
         199   20.099751242241780     
         200   20.099751242241780     
         201   20.099751242241780     
         202   20.099751242241780     
         203   20.099751242241780     
         204   20.099751242241780     
         205   20.099751242241780     
         206   20.099751242241780     
         207   20.099751242241780     
         208   20.099751242241780     
         209   20.099751242241780     
         210   20.099751242241780     
         211   20.099751242241780     
         212   20.099751242241780     
         213   20.099751242241780     
         214   20.099751242241780     
         215   20.099751242241780     
         216   20.099751242241780     
         217   20.099751242241780     
         218   20.099751242241780     
         219   20.099751242241780     
         220   21.023796041628639     
         221   21.023796041628639     
         222   21.023796041628639     
         223   21.023796041628639     
         224   21.023796041628639     
         225   21.023796041628639     
         226   21.023796041628639     
         227   21.095023109728988     
         228   22.090722034374522     
         229   22.203603311174518     
         230   23.194827009486403     
         231   23.194827009486403     
         232   23.194827009486403     
         233   23.194827009486403     
         234   23.194827009486403     
         235   23.194827009486403     
         236   23.194827009486403     
         237   23.194827009486403     
         238   23.194827009486403     
         239   23.194827009486403     
         240   23.194827009486403     
         241   23.194827009486403     
         242   23.194827009486403     
         243   23.194827009486403     
         244   23.194827009486403     
         245   23.194827009486403     
         246   23.194827009486403     
         247   24.186773244895647     
         248   24.186773244895647     
         249   24.186773244895647     
         250   24.186773244895647     
         251   24.186773244895647     
         252   24.186773244895647     
         253   24.186773244895647     
         254   24.186773244895647     
         255   24.331050121192877     
         256   24.331050121192877     
         257   24.331050121192877     
         258   24.331050121192877     
         259   24.331050121192877     
         260   24.331050121192877     
         261   24.331050121192877     
         262   24.331050121192877     
         263   25.317977802344327     
         264   25.317977802344327     
         265   25.317977802344327     
         266   25.317977802344327     
         267   25.317977802344327     
         268   25.317977802344327     
         269   25.317977802344327     
         270   26.305892875931811     
         271   26.305892875931811     
         272   26.305892875931811     
         273   26.305892875931811     
         274   26.305892875931811     
         275   26.305892875931811     
         276   26.305892875931811     
         277   26.305892875931811     
         278   26.305892875931811     
         279   26.305892875931811     
         280   26.305892875931811     
         281   26.305892875931811     
         282   26.305892875931811     
         283   26.305892875931811     
         284   26.305892875931811     
         285   26.305892875931811     
         286   26.305892875931811     
         287   26.305892875931811     
         288   26.305892875931811     
         289   26.305892875931811     
         290   26.305892875931811     
         291   27.294688127912362     
         292   27.294688127912362     
         293   27.294688127912362     
         294   27.294688127912362     
         295   27.294688127912362     
         296   27.294688127912362     
         297   27.294688127912362     
         298   27.294688127912362     
         299   27.294688127912362     
         300   27.658633371878661     
         301   27.658633371878661     
         302   27.658633371878661     
         303   27.892651361962706     
         304   27.892651361962706     
         305   27.892651361962706     
         306   27.892651361962706     
         307   27.892651361962706     
         308   27.892651361962706     
         309   27.892651361962706     
         310   27.892651361962706     
         311   27.892651361962706     
         312   27.892651361962706     
         313   27.892651361962706     
         314   27.892651361962706     
         315   27.892651361962706     
         316   27.892651361962706     
         317   27.892651361962706     
         318   27.892651361962706     
         319   27.892651361962706     
         320   27.892651361962706     
         321   28.160255680657446     
         322   29.120439557122072     
         323   29.120439557122072     
         324   29.120439557122072     
         325   29.120439557122072     
         326   29.120439557122072     
         327   29.120439557122072     
         328   29.120439557122072     
         329   29.120439557122072     
         330   29.120439557122072     
         331   29.120439557122072     
         332   29.120439557122072     
         333   29.120439557122072     
         334   29.120439557122072     
         335   29.120439557122072     
         336   29.614185789921695     
         337   30.594117081556711     
         338   30.594117081556711     
         339   30.594117081556711     
         340   30.594117081556711     
         341   30.594117081556711     
         342   30.594117081556711     
         343   30.594117081556711     
         344   30.594117081556711     
         345   30.594117081556711     
         346   30.594117081556711     
         347   30.594117081556711     
         348   30.594117081556711     
         349   31.400636936215164     
         350   31.400636936215164     
         351   31.400636936215164     
         352   31.400636936215164     
         353   31.400636936215164     
         354   31.400636936215164     
         355   31.400636936215164     
         356   31.400636936215164     
         357   31.400636936215164     
         358   31.400636936215164     
         359   31.400636936215164     
         360   31.400636936215164     
         361   31.400636936215164     
