           2   1.0000000000000000     
           3   1.0000000000000000     
           4   1.0000000000000000     
           5   1.0000000000000000     
           6   2.0000000000000000     
           7   2.0000000000000000     
           8   2.2360679774997898     
           9   2.2360679774997898     
          10   2.8284271247461903     
          11   2.8284271247461903     
          12   3.0000000000000000     
          13   3.0000000000000000     
          14   3.6055512754639891     
          15   3.6055512754639891     
          16   4.2426406871192848     
          17   4.2426406871192848     
          18   4.2426406871192848     
          19   4.2426406871192848     
          20   4.2426406871192848     
          21   4.2426406871192848     
          22   4.2426406871192848     
          23   4.2426406871192848     
          24   4.2426406871192848     
          25   4.2426406871192848     
          26   4.2426406871192848     
          27   5.0000000000000000     
          28   5.0990195135927845     
          29   5.0990195135927845     
          30   5.0990195135927845     
          31   5.3851648071345037     
          32   5.3851648071345037     
          33   5.3851648071345037     
          34   5.3851648071345037     
          35   5.3851648071345037     
          36   5.3851648071345037     
          37   5.3851648071345037     
          38   6.0827625302982193     
          39   6.0827625302982193     
          40   6.0827625302982193     
          41   6.0827625302982193     
          42   6.0827625302982193     
          43   6.0827625302982193     
          44   6.0827625302982193     
          45   6.0827625302982193     
          46   6.0827625302982193     
          47   6.0827625302982193     
          48   7.0710678118654755     
          49   7.0710678118654755     
          50   7.0710678118654755     
          51   7.0710678118654755     
          52   7.0710678118654755     
          53   7.0710678118654755     
          54   7.0710678118654755     
          55   7.0710678118654755     
          56   7.2801098892805181     
          57   7.2801098892805181     
          58   7.2801098892805181     
          59   7.2801098892805181     
          60   8.2462112512353212     
          61   8.2462112512353212     
          62   8.2462112512353212     
          63   8.2462112512353212     
          64   8.2462112512353212     
          65   8.2462112512353212     
          66   8.2462112512353212     
          67   8.2462112512353212     
          68   8.2462112512353212     
          69   8.2462112512353212     
          70   8.2462112512353212     
          71   8.5440037453175304     
          72   8.5440037453175304     
          73   8.5440037453175304     
          74   8.5440037453175304     
          75   8.5440037453175304     
          76   8.5440037453175304     
          77   8.9442719099991592     
          78   9.0553851381374173     
          79   9.0553851381374173     
          80   9.0553851381374173     
          81   9.0553851381374173     
          82   10.049875621120890     
          83   11.045361017187261     
          84   11.045361017187261     
          85   11.045361017187261     
          86   11.045361017187261     
          87   11.045361017187261     
          88   11.045361017187261     
          89   11.045361017187261     
          90   12.041594578792296     
          91   12.041594578792296     
          92   12.041594578792296     
          93   12.041594578792296     
          94   12.041594578792296     
          95   12.041594578792296     
          96   12.041594578792296     
          97   12.041594578792296     
          98   12.041594578792296     
          99   12.041594578792296     
         100   12.041594578792296     
         101   12.041594578792296     
         102   12.041594578792296     
         103   12.165525060596439     
         104   12.165525060596439     
         105   12.165525060596439     
         106   12.165525060596439     
         107   12.165525060596439     
         108   12.165525060596439     
         109   12.165525060596439     
         110   12.165525060596439     
         111   12.165525060596439     
         112   12.165525060596439     
         113   12.165525060596439     
         114   12.165525060596439     
         115   12.165525060596439     
         116   12.369316876852981     
         117   12.369316876852981     
         118   13.341664064126334     
         119   13.341664064126334     
         120   13.341664064126334     
         121   13.341664064126334     
         122   13.341664064126334     
         123   13.341664064126334     
         124   13.341664064126334     
         125   13.341664064126334     
         126   13.341664064126334     
         127   13.341664064126334     
         128   13.341664064126334     
         129   13.341664064126334     
         130   13.341664064126334     
         131   13.341664064126334     
         132   13.341664064126334     
         133   14.142135623730951     
         134   14.142135623730951     
         135   14.142135623730951     
         136   14.142135623730951     
         137   14.142135623730951     
         138   14.142135623730951     
         139   14.142135623730951     
         140   14.142135623730951     
         141   14.142135623730951     
         142   14.142135623730951     
         143   14.142135623730951     
         144   14.142135623730951     
         145   14.142135623730951     
         146   14.142135623730951     
         147   14.142135623730951     
         148   14.142135623730951     
         149   14.142135623730951     
         150   14.142135623730951     
         151   14.142135623730951     
         152   14.142135623730951     
         153   15.132745950421556     
         154   15.132745950421556     
         155   15.297058540778355     
         156   15.297058540778355     
         157   15.297058540778355     
         158   15.297058540778355     
         159   15.297058540778355     
         160   15.297058540778355     
         161   15.297058540778355     
         162   15.652475842498529     
         163   15.652475842498529     
         164   15.652475842498529     
         165   15.652475842498529     
         166   15.652475842498529     
         167   15.652475842498529     
         168   15.652475842498529     
         169   16.552945357246848     
         170   16.552945357246848     
         171   16.552945357246848     
         172   16.552945357246848     
         173   16.552945357246848     
         174   16.552945357246848     
         175   16.552945357246848     
         176   16.552945357246848     
         177   16.552945357246848     
         178   16.552945357246848     
         179   17.117242768623690     
         180   17.117242768623690     
         181   17.117242768623690     
         182   17.117242768623690     
         183   17.117242768623690     
         184   17.117242768623690     
         185   17.117242768623690     
         186   17.117242768623690     
         187   18.110770276274835     
         188   18.110770276274835     
         189   19.104973174542799     
         190   19.104973174542799     
         191   19.104973174542799     
         192   19.104973174542799     
         193   20.099751242241780     
         194   20.099751242241780     
         195   20.099751242241780     
         196   20.099751242241780     
         197   20.099751242241780     
         198   20.099751242241780     
         199   20.099751242241780     
         200   20.099751242241780     
         201   20.099751242241780     
         202   20.099751242241780     
         203   21.095023109728988     
         204   22.090722034374522     
         205   22.090722034374522     
         206   22.090722034374522     
         207   22.090722034374522     
         208   22.090722034374522     
         209   22.090722034374522     
         210   22.090722034374522     
         211   22.090722034374522     
         212   22.090722034374522     
         213   22.090722034374522     
         214   22.090722034374522     
         215   22.090722034374522     
         216   22.090722034374522     
         217   22.090722034374522     
         218   22.090722034374522     
         219   22.090722034374522     
         220   22.090722034374522     
         221   22.090722034374522     
         222   22.090722034374522     
         223   22.090722034374522     
         224   22.090722034374522     
         225   22.090722034374522     
         226   22.090722034374522     
         227   22.090722034374522     
         228   22.090722034374522     
         229   22.090722034374522     
         230   22.090722034374522     
         231   22.203603311174518     
         232   22.203603311174518     
         233   22.203603311174518     
         234   23.194827009486403     
         235   24.186773244895647     
         236   24.186773244895647     
         237   24.186773244895647     
         238   24.186773244895647     
         239   24.186773244895647     
         240   24.186773244895647     
         241   24.186773244895647     
         242   24.186773244895647     
         243   24.186773244895647     
         244   24.186773244895647     
         245   24.186773244895647     
         246   24.186773244895647     
         247   24.331050121192877     
         248   25.179356624028344     
         249   25.179356624028344     
         250   25.179356624028344     
         251   25.179356624028344     
         252   25.179356624028344     
         253   25.179356624028344     
         254   25.179356624028344     
         255   25.179356624028344     
         256   25.179356624028344     
         257   25.179356624028344     
         258   25.179356624028344     
         259   25.179356624028344     
         260   25.179356624028344     
         261   25.179356624028344     
         262   25.179356624028344     
         263   25.179356624028344     
         264   25.495097567963924     
         265   25.495097567963924     
         266   25.495097567963924     
         267   25.495097567963924     
         268   25.495097567963924     
         269   25.495097567963924     
         270   25.709920264364882     
         271   25.709920264364882     
         272   25.961509971494340     
         273   26.248809496813376     
         274   26.248809496813376     
         275   26.476404589747453     
         276   26.476404589747453     
         277   26.476404589747453     
         278   26.476404589747453     
         279   26.476404589747453     
         280   26.476404589747453     
         281   26.476404589747453     
         282   26.476404589747453     
         283   26.476404589747453     
         284   26.476404589747453     
         285   26.476404589747453     
         286   26.476404589747453     
         287   26.476404589747453     
         288   26.476404589747453     
         289   26.476404589747453     
         290   26.476404589747453     
         291   26.476404589747453     
         292   26.570660511172846     
         293   26.570660511172846     
         294   26.570660511172846     
         295   26.570660511172846     
         296   26.570660511172846     
         297   26.570660511172846     
         298   26.570660511172846     
         299   26.570660511172846     
         300   26.683328128252668     
         301   26.683328128252668     
         302   26.683328128252668     
         303   26.683328128252668     
         304   26.683328128252668     
         305   26.925824035672520     
