           2   1.0000000000000000     
           3   2.0000000000000000     
           4   2.2360679774997898     
           5   3.1622776601683795     
           6   4.1231056256176606     
           7   4.1231056256176606     
           8   4.1231056256176606     
           9   4.4721359549995796     
          10   4.4721359549995796     
          11   4.4721359549995796     
          12   5.3851648071345037     
          13   5.3851648071345037     
          14   5.8309518948453007     
          15   6.7082039324993694     
          16   6.7082039324993694     
          17   7.2111025509279782     
          18   7.2111025509279782     
          19   7.2111025509279782     
          20   8.0622577482985491     
          21   8.9442719099991592     
          22   8.9442719099991592     
          23   9.4339811320566032     
          24   9.4339811320566032     
          25   9.4339811320566032     
          26   9.4339811320566032     
          27   9.4339811320566032     
          28   9.4339811320566032     
          29   9.4339811320566032     
          30   9.4339811320566032     
          31   9.4339811320566032     
          32   9.4339811320566032     
          33   9.4339811320566032     
          34   9.4339811320566032     
          35   9.4339811320566032     
          36   9.4339811320566032     
          37   9.8994949366116654     
          38   9.8994949366116654     
          39   9.8994949366116654     
          40   9.8994949366116654     
          41   9.8994949366116654     
          42   10.770329614269007     
          43   11.180339887498949     
          44   12.083045973594572     
          45   12.083045973594572     
          46   12.083045973594572     
          47   12.083045973594572     
          48   12.083045973594572     
          49   12.083045973594572     
          50   12.083045973594572     
          51   12.083045973594572     
          52   12.083045973594572     
          53   12.083045973594572     
          54   12.083045973594572     
          55   12.083045973594572     
          56   12.083045973594572     
          57   12.083045973594572     
          58   12.083045973594572     
          59   12.083045973594572     
          60   12.083045973594572     
          61   12.083045973594572     
          62   12.083045973594572     
          63   12.083045973594572     
          64   12.083045973594572     
          65   13.000000000000000     
          66   13.000000000000000     
          67   13.000000000000000     
          68   13.000000000000000     
          69   13.000000000000000     
          70   13.000000000000000     
          71   13.000000000000000     
          72   13.000000000000000     
          73   13.601470508735444     
          74   13.601470508735444     
          75   13.601470508735444     
          76   13.601470508735444     
          77   13.601470508735444     
          78   13.601470508735444     
          79   13.601470508735444     
          80   13.601470508735444     
          81   13.601470508735444     
          82   13.601470508735444     
          83   13.601470508735444     
          84   13.601470508735444     
          85   13.601470508735444     
          86   13.601470508735444     
          87   13.601470508735444     
          88   13.601470508735444     
          89   13.601470508735444     
          90   13.601470508735444     
          91   13.601470508735444     
          92   13.601470508735444     
          93   13.601470508735444     
          94   13.601470508735444     
          95   13.601470508735444     
          96   13.601470508735444     
          97   13.601470508735444     
          98   13.601470508735444     
          99   13.601470508735444     
         100   13.601470508735444     
         101   13.601470508735444     
         102   13.601470508735444     
         103   13.601470508735444     
         104   13.601470508735444     
         105   13.601470508735444     
         106   13.601470508735444     
         107   13.601470508735444     
         108   13.601470508735444     
         109   13.601470508735444     
         110   13.601470508735444     
         111   13.601470508735444     
         112   13.601470508735444     
         113   13.601470508735444     
         114   13.601470508735444     
         115   13.601470508735444     
         116   13.601470508735444     
         117   13.601470508735444     
         118   13.601470508735444     
         119   13.601470508735444     
         120   13.601470508735444     
         121   13.601470508735444     
         122   13.601470508735444     
         123   13.928388277184119     
         124   14.212670403551895     
         125   14.212670403551895     
         126   14.212670403551895     
         127   15.000000000000000     
         128   15.000000000000000     
         129   15.000000000000000     
         130   15.000000000000000     
         131   15.000000000000000     
         132   15.000000000000000     
         133   15.811388300841896     
         134   15.811388300841896     
         135   15.811388300841896     
         136   15.811388300841896     
         137   15.811388300841896     
         138   15.811388300841896     
         139   15.811388300841896     
         140   15.811388300841896     
         141   16.552945357246848     
         142   16.552945357246848     
         143   17.088007490635061     
         144   17.088007490635061     
         145   17.088007490635061     
         146   17.088007490635061     
         147   17.088007490635061     
         148   17.088007490635061     
         149   17.088007490635061     
         150   17.088007490635061     
         151   17.088007490635061     
         152   17.088007490635061     
         153   17.088007490635061     
         154   17.088007490635061     
         155   17.088007490635061     
         156   17.088007490635061     
         157   17.088007490635061     
         158   17.088007490635061     
         159   17.088007490635061     
         160   17.088007490635061     
         161   17.088007490635061     
         162   17.088007490635061     
         163   17.088007490635061     
         164   17.088007490635061     
         165   17.088007490635061     
         166   17.088007490635061     
         167   17.088007490635061     
         168   17.088007490635061     
         169   17.088007490635061     
         170   17.088007490635061     
         171   17.088007490635061     
         172   17.088007490635061     
         173   17.088007490635061     
         174   17.464249196572979     
         175   17.464249196572979     
         176   17.464249196572979     
         177   17.720045146669349     
         178   17.720045146669349     
         179   18.681541692269406     
         180   18.681541692269406     
         181   19.646882704388499     
         182   19.646882704388499     
         183   19.924858845171276     
         184   20.615528128088304     
         185   20.615528128088304     
         186   20.615528128088304     
         187   20.615528128088304     
         188   20.615528128088304     
         189   20.880613017821101     
         190   20.880613017821101     
         191   20.880613017821101     
         192   20.880613017821101     
         193   20.880613017821101     
         194   20.880613017821101     
         195   20.880613017821101     
         196   20.880613017821101     
         197   20.880613017821101     
         198   20.880613017821101     
         199   20.880613017821101     
         200   20.880613017821101     
         201   20.880613017821101     
         202   20.880613017821101     
         203   21.189620100417091     
         204   21.189620100417091     
         205   21.189620100417091     
         206   21.189620100417091     
         207   21.587033144922902     
         208   21.587033144922902     
         209   21.587033144922902     
         210   21.587033144922902     
         211   21.587033144922902     
         212   21.587033144922902     
         213   21.587033144922902     
         214   21.587033144922902     
         215   21.587033144922902     
         216   21.587033144922902     
         217   21.587033144922902     
         218   22.135943621178654     
         219   22.135943621178654     
         220   23.086792761230392     
         221   23.086792761230392     
         222   23.086792761230392     
