           2   1.0000000000000000     
           3   2.0000000000000000     
           4   2.0000000000000000     
           5   2.0000000000000000     
           6   2.2360679774997898     
           7   3.0000000000000000     
           8   3.0000000000000000     
           9   3.1622776601683795     
          10   4.1231056256176606     
          11   4.1231056256176606     
          12   4.4721359549995796     
          13   5.3851648071345037     
          14   5.3851648071345037     
          15   5.8309518948453007     
          16   6.7082039324993694     
          17   6.7082039324993694     
          18   7.6157731058639087     
          19   7.6157731058639087     
          20   7.6157731058639087     
          21   7.6157731058639087     
          22   7.6157731058639087     
          23   7.6157731058639087     
          24   7.6157731058639087     
          25   7.6157731058639087     
          26   7.6157731058639087     
          27   7.6157731058639087     
          28   8.5440037453175304     
          29   8.5440037453175304     
          30   9.4868329805051381     
          31   9.4868329805051381     
          32   9.4868329805051381     
          33   9.4868329805051381     
          34   9.4868329805051381     
          35   9.4868329805051381     
          36   9.4868329805051381     
          37   9.4868329805051381     
          38   9.4868329805051381     
          39   9.4868329805051381     
          40   10.440306508910551     
          41   10.440306508910551     
          42   10.440306508910551     
          43   10.770329614269007     
          44   10.770329614269007     
          45   10.770329614269007     
          46   10.770329614269007     
          47   10.770329614269007     
          48   10.770329614269007     
          49   10.770329614269007     
          50   10.770329614269007     
          51   10.770329614269007     
          52   10.770329614269007     
          53   10.770329614269007     
          54   10.770329614269007     
          55   11.704699910719626     
          56   12.649110640673518     
          57   12.649110640673518     
          58   12.649110640673518     
          59   12.649110640673518     
          60   12.649110640673518     
          61   12.649110640673518     
          62   12.649110640673518     
          63   12.649110640673518     
          64   12.649110640673518     
          65   12.649110640673518     
          66   12.649110640673518     
          67   12.649110640673518     
          68   12.649110640673518     
          69   12.649110640673518     
          70   12.649110640673518     
          71   12.649110640673518     
          72   13.000000000000000     
          73   13.000000000000000     
          74   13.000000000000000     
          75   13.000000000000000     
          76   13.000000000000000     
          77   13.000000000000000     
          78   13.000000000000000     
          79   13.000000000000000     
          80   13.000000000000000     
          81   13.000000000000000     
          82   13.000000000000000     
          83   13.000000000000000     
          84   13.000000000000000     
          85   13.000000000000000     
          86   13.000000000000000     
          87   13.000000000000000     
          88   13.000000000000000     
          89   13.000000000000000     
          90   13.000000000000000     
          91   13.000000000000000     
          92   13.000000000000000     
          93   13.000000000000000     
          94   13.000000000000000     
          95   13.000000000000000     
          96   13.152946437965905     
          97   13.152946437965905     
          98   14.142135623730951     
          99   14.142135623730951     
         100   14.142135623730951     
         101   14.317821063276353     
         102   15.132745950421556     
         103   15.132745950421556     
         104   15.132745950421556     
         105   15.132745950421556     
         106   15.132745950421556     
         107   15.132745950421556     
         108   15.132745950421556     
         109   15.132745950421556     
         110   15.132745950421556     
         111   15.132745950421556     
         112   15.132745950421556     
         113   15.132745950421556     
         114   16.000000000000000     
         115   16.000000000000000     
         116   16.000000000000000     
         117   16.000000000000000     
         118   16.000000000000000     
         119   17.000000000000000     
         120   17.000000000000000     
         121   17.000000000000000     
         122   17.000000000000000     
         123   17.000000000000000     
         124   17.000000000000000     
         125   17.000000000000000     
         126   17.000000000000000     
         127   17.000000000000000     
         128   17.000000000000000     
         129   17.000000000000000     
         130   17.000000000000000     
         131   17.000000000000000     
         132   17.000000000000000     
         133   17.029386365926403     
         134   17.029386365926403     
         135   17.029386365926403     
         136   17.029386365926403     
         137   17.029386365926403     
         138   17.029386365926403     
         139   17.029386365926403     
         140   17.029386365926403     
         141   17.029386365926403     
         142   17.029386365926403     
         143   17.029386365926403     
         144   18.000000000000000     
         145   18.000000000000000     
         146   18.000000000000000     
         147   18.000000000000000     
         148   18.000000000000000     
         149   18.000000000000000     
         150   18.000000000000000     
         151   18.000000000000000     
         152   18.000000000000000     
         153   18.000000000000000     
         154   18.000000000000000     
         155   18.000000000000000     
         156   18.000000000000000     
         157   18.000000000000000     
         158   18.000000000000000     
         159   18.000000000000000     
         160   18.000000000000000     
         161   18.000000000000000     
         162   18.000000000000000     
         163   18.000000000000000     
         164   18.000000000000000     
         165   18.000000000000000     
         166   18.000000000000000     
         167   18.000000000000000     
         168   18.000000000000000     
         169   18.000000000000000     
         170   18.000000000000000     
         171   18.000000000000000     
         172   18.000000000000000     
         173   18.000000000000000     
         174   18.000000000000000     
         175   18.000000000000000     
         176   18.000000000000000     
         177   18.000000000000000     
         178   18.000000000000000     
         179   18.000000000000000     
         180   18.000000000000000     
         181   18.000000000000000     
         182   18.000000000000000     
         183   18.000000000000000     
         184   18.000000000000000     
         185   18.000000000000000     
         186   18.000000000000000     
         187   18.000000000000000     
         188   18.000000000000000     
         189   18.000000000000000     
         190   18.000000000000000     
         191   18.000000000000000     
         192   18.000000000000000     
         193   18.000000000000000     
         194   18.000000000000000     
         195   18.000000000000000     
         196   18.000000000000000     
         197   18.000000000000000     
         198   18.000000000000000     
         199   18.000000000000000     
         200   18.000000000000000     
         201   18.000000000000000     
         202   18.000000000000000     
         203   18.000000000000000     
         204   18.000000000000000     
         205   18.000000000000000     
         206   18.000000000000000     
         207   18.000000000000000     
         208   18.000000000000000     
         209   18.000000000000000     
         210   18.000000000000000     
         211   18.000000000000000     
         212   18.000000000000000     
         213   18.000000000000000     
         214   18.000000000000000     
         215   18.000000000000000     
         216   18.000000000000000     
         217   18.000000000000000     
         218   18.000000000000000     
         219   18.000000000000000     
         220   18.000000000000000     
         221   18.000000000000000     
         222   18.000000000000000     
         223   18.000000000000000     
         224   18.000000000000000     
         225   18.000000000000000     
         226   18.000000000000000     
         227   18.000000000000000     
         228   18.000000000000000     
         229   18.000000000000000     
         230   18.000000000000000     
         231   18.000000000000000     
         232   18.000000000000000     
         233   18.000000000000000     
         234   18.000000000000000     
         235   18.000000000000000     
         236   18.000000000000000     
         237   18.000000000000000     
         238   18.000000000000000     
         239   18.000000000000000     
         240   18.000000000000000     
         241   18.000000000000000     
         242   18.000000000000000     
         243   18.027756377319946     
         244   18.027756377319946     
         245   18.027756377319946     
         246   18.027756377319946     
         247   18.027756377319946     
         248   18.384776310850235     
         249   18.788294228055936     
         250   19.697715603592208     
         251   20.615528128088304     
         252   20.615528128088304     
         253   21.023796041628639     
         254   21.023796041628639     
         255   21.023796041628639     
         256   21.023796041628639     
         257   21.023796041628639     
         258   21.023796041628639     
         259   21.023796041628639     
         260   21.931712199461309     
         261   21.931712199461309     
         262   21.931712199461309     
         263   21.931712199461309     
         264   21.931712199461309     
         265   21.931712199461309     
         266   21.931712199461309     
         267   21.931712199461309     
         268   21.931712199461309     
         269   21.931712199461309     
         270   21.931712199461309     
         271   22.847319317591726     
         272   23.259406699226016     
         273   23.259406699226016     
         274   23.259406699226016     
         275   24.166091947189145     
         276   24.166091947189145     
         277   24.166091947189145     
         278   25.079872407968907     
         279   25.079872407968907     
         280   25.079872407968907     
         281   25.079872407968907     
         282   25.079872407968907     
         283   25.079872407968907     
         284   25.079872407968907     
         285   25.079872407968907     
         286   25.079872407968907     
         287   25.079872407968907     
         288   25.079872407968907     
         289   25.079872407968907     
         290   25.079872407968907     
         291   25.079872407968907     
         292   25.079872407968907     
         293   25.079872407968907     
         294   25.079872407968907     
         295   25.079872407968907     
         296   25.079872407968907     
         297   26.000000000000000     
         298   26.400757564888170     
         299   26.400757564888170     
         300   26.400757564888170     
         301   26.832815729997478     
         302   26.832815729997478     
         303   26.832815729997478     
         304   26.832815729997478     
         305   26.832815729997478     
         306   26.832815729997478     
         307   26.832815729997478     
         308   26.832815729997478     
         309   26.832815729997478     
         310   26.832815729997478     
         311   26.832815729997478     
         312   26.832815729997478     
         313   26.832815729997478     
         314   26.832815729997478     
         315   26.832815729997478     
         316   26.832815729997478     
         317   26.832815729997478     
         318   26.832815729997478     
         319   26.832815729997478     
         320   26.832815729997478     
         321   26.832815729997478     
         322   27.313000567495326     
         323   27.313000567495326     
         324   27.313000567495326     
         325   27.313000567495326     
         326   27.313000567495326     
         327   27.313000567495326     
         328   27.313000567495326     
         329   27.313000567495326     
         330   27.313000567495326     
         331   27.313000567495326     
         332   27.313000567495326     
         333   27.313000567495326     
         334   27.313000567495326     
         335   27.313000567495326     
         336   27.313000567495326     
         337   27.313000567495326     
         338   27.313000567495326     
         339   27.313000567495326     
         340   27.313000567495326     
         341   27.313000567495326     
         342   27.313000567495326     
         343   27.313000567495326     
         344   27.313000567495326     
         345   27.313000567495326     
         346   27.313000567495326     
         347   27.313000567495326     
         348   27.784887978899608     
         349   27.784887978899608     
         350   27.784887978899608     
         351   27.784887978899608     
         352   27.784887978899608     
         353   27.784887978899608     
         354   27.784887978899608     
         355   27.784887978899608     
         356   27.784887978899608     
         357   27.784887978899608     
         358   27.784887978899608     
         359   27.784887978899608     
         360   27.784887978899608     
         361   27.784887978899608     
         362   27.784887978899608     
         363   27.784887978899608     
         364   27.784887978899608     
         365   27.784887978899608     
         366   27.784887978899608     
         367   27.784887978899608     
         368   27.784887978899608     
         369   27.784887978899608     
         370   27.784887978899608     
         371   27.784887978899608     
         372   27.784887978899608     
         373   27.784887978899608     
         374   27.784887978899608     
         375   27.784887978899608     
         376   27.784887978899608     
         377   27.784887978899608     
         378   28.178005607210743     
         379   28.178005607210743     
         380   28.178005607210743     
         381   28.460498941515414     
         382   29.410882339705484     
         383   29.410882339705484     
         384   29.410882339705484     
         385   29.410882339705484     
         386   29.410882339705484     
         387   29.410882339705484     
         388   29.410882339705484     
         389   29.966648127543394     
         390   30.870698080866262     
         391   31.780497164141408     
         392   31.780497164141408     
         393   31.780497164141408     
         394   31.780497164141408     
         395   31.780497164141408     
         396   31.780497164141408     
         397   31.780497164141408     
         398   31.780497164141408     
         399   31.780497164141408     
         400   31.780497164141408     
         401   31.780497164141408     
         402   31.780497164141408     
         403   31.780497164141408     
         404   31.780497164141408     
         405   31.780497164141408     
         406   31.780497164141408     
         407   31.780497164141408     
         408   31.780497164141408     
         409   31.780497164141408     
         410   32.695565448543633     
         411   33.105890714493697     
         412   33.105890714493697     
         413   33.105890714493697     
         414   33.615472627943220     
         415   33.615472627943220     
         416   33.615472627943220     
         417   33.615472627943220     
         418   33.615472627943220     
         419   33.615472627943220     
         420   34.539832078341085     
         421   34.539832078341085     
         422   34.539832078341085     
         423   34.539832078341085     
         424   34.539832078341085     
         425   34.928498393145958     
         426   34.928498393145958     
