           2   1.0000000000000000     
           3   1.0000000000000000     
           4   2.0000000000000000     
           5   2.0000000000000000     
           6   2.0000000000000000     
           7   3.0000000000000000     
           8   3.0000000000000000     
           9   3.0000000000000000     
          10   4.0000000000000000     
          11   4.1231056256176606     
          12   4.4721359549995796     
          13   4.4721359549995796     
          14   5.0000000000000000     
          15   5.0000000000000000     
          16   5.0000000000000000     
          17   5.0000000000000000     
          18   5.0000000000000000     
          19   5.0000000000000000     
          20   5.0000000000000000     
          21   5.0000000000000000     
          22   5.0000000000000000     
          23   5.0000000000000000     
          24   5.0000000000000000     
          25   5.0000000000000000     
          26   5.0000000000000000     
          27   5.0000000000000000     
          28   5.0000000000000000     
          29   5.0000000000000000     
          30   5.0000000000000000     
          31   5.0000000000000000     
          32   5.0000000000000000     
          33   5.0000000000000000     
          34   5.0000000000000000     
          35   5.8309518948453007     
          36   5.8309518948453007     
          37   5.8309518948453007     
          38   5.8309518948453007     
          39   5.8309518948453007     
          40   5.8309518948453007     
          41   5.8309518948453007     
          42   5.8309518948453007     
          43   5.8309518948453007     
          44   5.8309518948453007     
          45   6.4031242374328485     
          46   6.4031242374328485     
          47   6.7082039324993694     
          48   7.6157731058639087     
          49   7.6157731058639087     
          50   7.6157731058639087     
          51   8.5440037453175304     
          52   8.5440037453175304     
          53   8.9442719099991592     
          54   9.4339811320566032     
          55   9.4339811320566032     
          56   9.4339811320566032     
          57   9.8488578017961039     
          58   10.770329614269007     
          59   10.770329614269007     
          60   10.770329614269007     
          61   10.770329614269007     
          62   10.770329614269007     
          63   10.770329614269007     
          64   10.770329614269007     
          65   10.770329614269007     
          66   10.770329614269007     
          67   10.770329614269007     
          68   11.180339887498949     
          69   11.180339887498949     
          70   11.180339887498949     
          71   11.180339887498949     
          72   12.083045973594572     
          73   12.083045973594572     
          74   12.083045973594572     
          75   12.649110640673518     
          76   13.601470508735444     
          77   13.928388277184119     
          78   14.317821063276353     
          79   14.866068747318506     
          80   15.811388300841896     
          81   15.811388300841896     
          82   15.811388300841896     
          83   15.811388300841896     
          84   15.811388300841896     
          85   15.811388300841896     
          86   15.811388300841896     
          87   15.811388300841896     
          88   15.811388300841896     
          89   15.811388300841896     
          90   15.811388300841896     
          91   15.811388300841896     
          92   15.811388300841896     
          93   15.811388300841896     
          94   15.811388300841896     
          95   15.811388300841896     
          96   15.811388300841896     
          97   16.552945357246848     
          98   16.552945357246848     
          99   16.552945357246848     
         100   16.552945357246848     
         101   16.552945357246848     
         102   16.552945357246848     
         103   16.552945357246848     
         104   16.763054614240211     
         105   17.720045146669349     
         106   17.720045146669349     
         107   18.681541692269406     
         108   18.681541692269406     
         109   18.973665961010276     
         110   18.973665961010276     
         111   18.973665961010276     
         112   18.973665961010276     
         113   18.973665961010276     
         114   18.973665961010276     
         115   18.973665961010276     
         116   18.973665961010276     
         117   18.973665961010276     
         118   18.973665961010276     
         119   19.646882704388499     
         120   19.646882704388499     
         121   19.646882704388499     
         122   19.924858845171276     
         123   19.924858845171276     
         124   20.880613017821101     
         125   20.880613017821101     
         126   20.880613017821101     
         127   20.880613017821101     
         128   20.880613017821101     
         129   20.880613017821101     
         130   20.880613017821101     
         131   20.880613017821101     
         132   20.880613017821101     
         133   20.880613017821101     
         134   20.880613017821101     
         135   20.880613017821101     
         136   20.880613017821101     
         137   20.880613017821101     
         138   20.880613017821101     
         139   20.880613017821101     
         140   20.880613017821101     
         141   20.880613017821101     
         142   20.880613017821101     
         143   21.189620100417091     
         144   21.189620100417091     
         145   21.189620100417091     
         146   21.189620100417091     
         147   21.540659228538015     
         148   21.540659228538015     
         149   21.540659228538015     
         150   21.540659228538015     
         151   21.540659228538015     
         152   21.840329667841555     
         153   21.840329667841555     
         154   21.840329667841555     
         155   21.840329667841555     
         156   21.840329667841555     
         157   22.135943621178654     
         158   22.135943621178654     
         159   22.135943621178654     
         160   22.135943621178654     
         161   22.135943621178654     
         162   22.135943621178654     
         163   22.135943621178654     
         164   22.135943621178654     
         165   22.135943621178654     
         166   22.135943621178654     
         167   22.135943621178654     
         168   22.135943621178654     
         169   22.135943621178654     
         170   22.803508501982758     
         171   22.803508501982758     
         172   22.803508501982758     
         173   22.803508501982758     
         174   22.803508501982758     
         175   22.803508501982758     
         176   22.803508501982758     
         177   22.803508501982758     
         178   22.803508501982758     
         179   22.803508501982758     
         180   22.803508501982758     
         181   22.803508501982758     
         182   22.803508501982758     
         183   22.803508501982758     
         184   22.803508501982758     
         185   22.803508501982758     
         186   22.803508501982758     
         187   22.803508501982758     
         188   22.803508501982758     
         189   22.803508501982758     
         190   22.803508501982758     
         191   22.803508501982758     
         192   22.803508501982758     
         193   22.803508501982758     
         194   22.803508501982758     
         195   22.803508501982758     
         196   22.803508501982758     
         197   22.803508501982758     
         198   22.803508501982758     
         199   22.803508501982758     
         200   22.803508501982758     
         201   22.803508501982758     
         202   22.803508501982758     
         203   22.803508501982758     
         204   22.803508501982758     
         205   22.803508501982758     
         206   22.803508501982758     
         207   22.803508501982758     
         208   22.803508501982758     
         209   23.086792761230392     
         210   23.345235059857504     
         211   23.345235059857504     
         212   23.345235059857504     
         213   23.345235059857504     
         214   23.345235059857504     
         215   24.186773244895647     
         216   24.186773244895647     
         217   24.186773244895647     
         218   24.186773244895647     
         219   24.186773244895647     
         220   24.186773244895647     
         221   24.186773244895647     
         222   24.186773244895647     
         223   24.186773244895647     
         224   24.186773244895647     
         225   24.186773244895647     
         226   25.079872407968907     
         227   25.079872407968907     
         228   25.079872407968907     
         229   25.079872407968907     
         230   25.079872407968907     
         231   25.079872407968907     
         232   25.079872407968907     
         233   25.079872407968907     
         234   25.079872407968907     
         235   25.079872407968907     
         236   26.019223662515376     
         237   26.019223662515376     
         238   26.019223662515376     
         239   26.019223662515376     
         240   26.019223662515376     
         241   26.019223662515376     
         242   26.019223662515376     
         243   26.019223662515376     
         244   26.019223662515376     
         245   26.019223662515376     
         246   26.019223662515376     
         247   26.019223662515376     
         248   26.019223662515376     
         249   26.019223662515376     
         250   26.019223662515376     
         251   26.019223662515376     
         252   26.019223662515376     
         253   26.019223662515376     
         254   26.019223662515376     
         255   26.019223662515376     
         256   26.019223662515376     
         257   26.019223662515376     
         258   26.019223662515376     
         259   26.019223662515376     
         260   26.019223662515376     
         261   26.019223662515376     
         262   26.019223662515376     
         263   26.019223662515376     
         264   26.019223662515376     
         265   26.019223662515376     
         266   26.019223662515376     
         267   26.019223662515376     
         268   26.019223662515376     
         269   26.019223662515376     
         270   26.019223662515376     
         271   26.019223662515376     
         272   26.019223662515376     
         273   26.019223662515376     
         274   26.019223662515376     
         275   26.019223662515376     
         276   26.019223662515376     
         277   26.019223662515376     
         278   26.019223662515376     
         279   26.019223662515376     
         280   26.019223662515376     
         281   26.019223662515376     
         282   26.019223662515376     
         283   26.019223662515376     
         284   26.019223662515376     
         285   26.019223662515376     
         286   26.019223662515376     
         287   26.019223662515376     
         288   26.019223662515376     
         289   26.019223662515376     
         290   26.019223662515376     
         291   26.019223662515376     
         292   26.019223662515376     
         293   26.019223662515376     
         294   26.019223662515376     
         295   26.019223662515376     
         296   26.019223662515376     
