           2   1.0000000000000000     
           3   1.4142135623730951     
           4   2.2360679774997898     
           5   2.2360679774997898     
           6   3.1622776601683795     
           7   3.1622776601683795     
           8   4.0000000000000000     
           9   4.0000000000000000     
          10   4.0000000000000000     
          11   4.0000000000000000     
          12   4.1231056256176606     
          13   5.0000000000000000     
          14   5.0990195135927845     
          15   5.0990195135927845     
          16   5.0990195135927845     
          17   5.0990195135927845     
          18   5.0990195135927845     
          19   5.0990195135927845     
          20   5.0990195135927845     
          21   6.0827625302982193     
          22   6.0827625302982193     
          23   6.0827625302982193     
          24   6.0827625302982193     
          25   6.0827625302982193     
          26   6.3245553203367590     
          27   6.3245553203367590     
          28   6.3245553203367590     
          29   6.3245553203367590     
          30   6.3245553203367590     
          31   6.3245553203367590     
          32   6.3245553203367590     
          33   6.3245553203367590     
          34   6.3245553203367590     
          35   6.3245553203367590     
          36   6.3245553203367590     
          37   6.3245553203367590     
          38   6.3245553203367590     
          39   6.3245553203367590     
          40   6.3245553203367590     
          41   6.3245553203367590     
          42   6.3245553203367590     
          43   6.3245553203367590     
          44   6.3245553203367590     
          45   6.3245553203367590     
          46   6.4031242374328485     
          47   6.4031242374328485     
          48   7.2111025509279782     
          49   7.8102496759066540     
          50   7.8102496759066540     
          51   7.8102496759066540     
          52   7.8102496759066540     
          53   7.8102496759066540     
          54   8.0622577482985491     
          55   8.0622577482985491     
          56   9.0000000000000000     
          57   10.000000000000000     
          58   10.049875621120890     
          59   10.198039027185569     
          60   10.198039027185569     
          61   11.000000000000000     
          62   11.000000000000000     
          63   11.000000000000000     
          64   11.000000000000000     
          65   11.000000000000000     
          66   11.000000000000000     
          67   11.045361017187261     
          68   12.041594578792296     
          69   12.041594578792296     
          70   12.041594578792296     
          71   13.038404810405298     
          72   13.038404810405298     
          73   13.038404810405298     
          74   13.038404810405298     
          75   13.038404810405298     
          76   13.038404810405298     
          77   13.038404810405298     
          78   14.035668847618199     
          79   14.035668847618199     
          80   14.035668847618199     
          81   14.035668847618199     
          82   14.035668847618199     
          83   14.035668847618199     
          84   14.035668847618199     
          85   14.142135623730951     
          86   14.142135623730951     
          87   14.317821063276353     
          88   14.317821063276353     
          89   14.317821063276353     
          90   14.317821063276353     
          91   14.317821063276353     
          92   15.033296378372908     
          93   15.033296378372908     
          94   15.524174696260024     
          95   16.492422502470642     
          96   16.492422502470642     
          97   16.492422502470642     
          98   16.492422502470642     
          99   16.492422502470642     
         100   16.492422502470642     
         101   16.492422502470642     
         102   16.492422502470642     
         103   16.492422502470642     
         104   16.492422502470642     
         105   16.492422502470642     
         106   16.492422502470642     
         107   16.763054614240211     
         108   16.763054614240211     
         109   16.763054614240211     
         110   17.464249196572979     
         111   17.464249196572979     
         112   17.464249196572979     
         113   17.464249196572979     
         114   17.464249196572979     
         115   17.464249196572979     
         116   17.464249196572979     
         117   17.464249196572979     
         118   17.464249196572979     
         119   17.464249196572979     
         120   17.464249196572979     
         121   17.464249196572979     
         122   17.464249196572979     
         123   17.464249196572979     
         124   17.464249196572979     
         125   17.464249196572979     
         126   17.464249196572979     
         127   17.464249196572979     
         128   17.464249196572979     
         129   17.464249196572979     
         130   17.464249196572979     
         131   17.464249196572979     
         132   17.464249196572979     
         133   17.464249196572979     
         134   17.464249196572979     
         135   17.492855684535900     
         136   18.027756377319946     
         137   18.027756377319946     
         138   18.027756377319946     
         139   18.027756377319946     
         140   18.027756377319946     
         141   18.027756377319946     
         142   18.027756377319946     
         143   18.027756377319946     
         144   18.027756377319946     
         145   18.601075237738275     
         146   18.601075237738275     
         147   18.601075237738275     
         148   18.601075237738275     
         149   18.601075237738275     
         150   18.601075237738275     
         151   18.601075237738275     
         152   18.601075237738275     
         153   18.601075237738275     
         154   18.601075237738275     
         155   19.416487838947599     
         156   19.416487838947599     
         157   19.416487838947599     
         158   19.416487838947599     
         159   19.416487838947599     
         160   19.416487838947599     
         161   19.416487838947599     
         162   19.416487838947599     
         163   19.416487838947599     
         164   19.416487838947599     
         165   19.416487838947599     
         166   19.416487838947599     
         167   19.416487838947599     
         168   19.416487838947599     
         169   19.416487838947599     
         170   19.416487838947599     
         171   19.416487838947599     
         172   19.416487838947599     
         173   19.416487838947599     
         174   19.416487838947599     
         175   19.416487838947599     
         176   19.416487838947599     
         177   19.416487838947599     
         178   19.416487838947599     
         179   20.396078054371138     
         180   20.615528128088304     
         181   21.587033144922902     
         182   21.587033144922902     
         183   21.587033144922902     
         184   21.587033144922902     
         185   21.587033144922902     
         186   21.587033144922902     
         187   21.587033144922902     
         188   21.587033144922902     
         189   21.587033144922902     
         190   21.587033144922902     
         191   22.561028345356956     
         192   22.561028345356956     
         193   22.561028345356956     
         194   22.561028345356956     
         195   22.561028345356956     
         196   22.561028345356956     
         197   22.803508501982758     
         198   22.803508501982758     
         199   22.803508501982758     
         200   22.803508501982758     
         201   22.803508501982758     
         202   22.803508501982758     
         203   22.803508501982758     
         204   22.803508501982758     
         205   22.803508501982758     
         206   23.086792761230392     
         207   23.769728648009426     
         208   23.769728648009426     
         209   23.769728648009426     
         210   24.041630560342615     
         211   24.041630560342615     
         212   24.738633753705962     
         213   24.738633753705962     
         214   24.738633753705962     
         215   24.738633753705962     
         216   24.738633753705962     
         217   24.738633753705962     
         218   24.738633753705962     
         219   24.738633753705962     
         220   24.738633753705962     
         221   24.738633753705962     
         222   24.738633753705962     
         223   24.738633753705962     
         224   24.738633753705962     
         225   25.317977802344327     
         226   25.317977802344327     
         227   25.709920264364882     
         228   25.709920264364882     
         229   25.709920264364882     
         230   25.709920264364882     
         231   25.709920264364882     
         232   25.709920264364882     
         233   25.709920264364882     
         234   25.709920264364882     
         235   25.709920264364882     
         236   25.709920264364882     
         237   25.709920264364882     
         238   26.305892875931811     
         239   26.305892875931811     
         240   26.305892875931811     
         241   26.305892875931811     
         242   26.305892875931811     
         243   26.305892875931811     
         244   26.305892875931811     
         245   26.305892875931811     
         246   26.305892875931811     
         247   26.305892875931811     
         248   26.305892875931811     
         249   27.294688127912362     
         250   28.284271247461902     
         251   28.284271247461902     
         252   28.284271247461902     
         253   29.274562336608895     
         254   29.274562336608895     
         255   29.274562336608895     
         256   29.274562336608895     
         257   29.274562336608895     
         258   29.274562336608895     
         259   29.274562336608895     
         260   29.274562336608895     
         261   29.274562336608895     
         262   29.274562336608895     
         263   29.274562336608895     
         264   29.274562336608895     
         265   29.274562336608895     
         266   29.274562336608895     
         267   29.274562336608895     
         268   29.274562336608895     
         269   29.274562336608895     
         270   29.274562336608895     
         271   29.274562336608895     
         272   29.274562336608895     
         273   29.274562336608895     
         274   29.274562336608895     
         275   29.274562336608895     
         276   29.274562336608895     
         277   29.274562336608895     
         278   29.274562336608895     
         279   29.274562336608895     
         280   29.274562336608895     
         281   29.274562336608895     
         282   29.274562336608895     
         283   29.274562336608895     
         284   29.274562336608895     
         285   29.274562336608895     
         286   29.274562336608895     
         287   29.274562336608895     
         288   29.274562336608895     
         289   29.274562336608895     
         290   29.274562336608895     
         291   29.274562336608895     
         292   29.427877939124322     
         293   29.427877939124322     
         294   29.427877939124322     
         295   30.265491900843113     
         296   30.265491900843113     
         297   31.256999216175569     
         298   31.256999216175569     
         299   31.256999216175569     
         300   31.256999216175569     
         301   31.256999216175569     
         302   31.256999216175569     
         303   31.256999216175569     
         304   31.256999216175569     
         305   31.400636936215164     
         306   31.400636936215164     
         307   31.400636936215164     
         308   31.400636936215164     
         309   31.400636936215164     
         310   31.400636936215164     
         311   31.400636936215164     
         312   31.400636936215164     
         313   31.400636936215164     
         314   31.400636936215164     
         315   31.400636936215164     
         316   31.400636936215164     
         317   31.400636936215164     
         318   31.400636936215164     
         319   31.575306807693888     
         320   31.780497164141408     
         321   32.557641192199412     
         322   32.756678708318397     
         323   33.541019662496844     
         324   33.541019662496844     
         325   33.541019662496844     
         326   33.541019662496844     
         327   33.541019662496844     
         328   33.541019662496844     
         329   33.541019662496844     
         330   33.541019662496844     
         331   33.541019662496844     
         332   33.541019662496844     
         333   33.541019662496844     
         334   33.541019662496844     
         335   33.541019662496844     
         336   33.541019662496844     
         337   33.541019662496844     
         338   33.541019662496844     
         339   33.541019662496844     
         340   33.541019662496844     
         341   33.541019662496844     
         342   33.541019662496844     
         343   33.541019662496844     
         344   33.541019662496844     
         345   33.541019662496844     
         346   33.541019662496844     
         347   33.541019662496844     
         348   33.541019662496844     
         349   33.541019662496844     
         350   33.541019662496844     
         351   34.365680554879162     
         352   34.365680554879162     
         353   34.365680554879162     
         354   34.365680554879162     
         355   34.365680554879162     
         356   34.365680554879162     
         357   34.365680554879162     
         358   34.365680554879162     
         359   34.365680554879162     
         360   34.365680554879162     
         361   34.365680554879162     
         362   34.365680554879162     
         363   34.365680554879162     
         364   34.365680554879162     
         365   34.365680554879162     
         366   34.365680554879162     
         367   34.365680554879162     
         368   35.355339059327378     
         369   35.355339059327378     
         370   35.355339059327378     
         371   35.355339059327378     
         372   35.355339059327378     
         373   35.355339059327378     
         374   35.355339059327378     
         375   35.355339059327378     
         376   35.355339059327378     
         377   35.355339059327378     
         378   35.355339059327378     
         379   35.355339059327378     
         380   35.355339059327378     
         381   35.355339059327378     
         382   35.355339059327378     
         383   35.355339059327378     
         384   35.355339059327378     
         385   35.355339059327378     
         386   35.355339059327378     
         387   36.124783736376884     
         388   36.345563690772494     
         389   36.345563690772494     
         390   36.345563690772494     
         391   36.345563690772494     
         392   36.345563690772494     
         393   36.345563690772494     
         394   36.345563690772494     
         395   36.345563690772494     
         396   36.345563690772494     
         397   36.345563690772494     
         398   36.345563690772494     
         399   36.345563690772494     
         400   36.345563690772494     
         401   36.345563690772494     
         402   36.345563690772494     
         403   36.345563690772494     
         404   36.345563690772494     
         405   36.345563690772494     
         406   36.345563690772494     
         407   36.345563690772494     
         408   36.345563690772494     
         409   36.345563690772494     
         410   37.000000000000000     
         411   37.000000000000000     
         412   37.000000000000000     
         413   38.000000000000000     
         414   38.000000000000000     
         415   38.000000000000000     
         416   38.000000000000000     
         417   38.000000000000000     
         418   38.000000000000000     
         419   38.000000000000000     
         420   38.000000000000000     
         421   38.000000000000000     
         422   38.000000000000000     
         423   38.000000000000000     
         424   38.000000000000000     
         425   38.000000000000000     
         426   38.000000000000000     
         427   38.000000000000000     
         428   38.000000000000000     
         429   38.000000000000000     
         430   38.000000000000000     
         431   38.013155617496423     
         432   39.000000000000000     
         433   39.000000000000000     
         434   39.000000000000000     
         435   39.000000000000000     
         436   39.000000000000000     
         437   39.000000000000000     
         438   39.000000000000000     
         439   39.000000000000000     
         440   39.000000000000000     
         441   39.000000000000000     
         442   39.000000000000000     
         443   39.000000000000000     
         444   40.000000000000000     
         445   40.000000000000000     
         446   40.000000000000000     
         447   40.000000000000000     
         448   40.000000000000000     
         449   40.000000000000000     
         450   40.000000000000000     
         451   40.000000000000000     
         452   40.000000000000000     
         453   40.000000000000000     
         454   40.311288741492746     
         455   41.000000000000000     
         456   42.000000000000000     
         457   42.000000000000000     
         458   42.000000000000000     
         459   42.000000000000000     
         460   42.000000000000000     
         461   42.000000000000000     
         462   42.000000000000000     
         463   42.000000000000000     
         464   42.000000000000000     
         465   42.000000000000000     
         466   42.000000000000000     
         467   42.000000000000000     
         468   42.000000000000000     
         469   42.000000000000000     
         470   42.000000000000000     
         471   42.000000000000000     
         472   42.000000000000000     
         473   42.000000000000000     
         474   42.000000000000000     
         475   42.000000000000000     
         476   42.000000000000000     
         477   42.296571965113202     
         478   42.296571965113202     
         479   42.296571965113202     
         480   42.296571965113202     
         481   42.296571965113202     
         482   42.296571965113202     
         483   42.296571965113202     
         484   42.296571965113202     
         485   43.011626335213137     
         486   44.011362169330773     
         487   45.011109739707599     
         488   45.011109739707599     
         489   45.011109739707599     
