           2   1.0000000000000000     
           3   1.0000000000000000     
           4   2.0000000000000000     
           5   2.0000000000000000     
           6   2.0000000000000000     
           7   3.0000000000000000     
           8   3.1622776601683795     
           9   4.0000000000000000     
          10   5.0000000000000000     
          11   5.0000000000000000     
          12   5.0000000000000000     
          13   5.0000000000000000     
          14   5.0000000000000000     
          15   5.0000000000000000     
          16   5.0000000000000000     
          17   6.0000000000000000     
          18   6.0000000000000000     
          19   6.0000000000000000     
          20   6.0000000000000000     
          21   6.0000000000000000     
          22   6.0000000000000000     
          23   6.0000000000000000     
          24   6.0000000000000000     
          25   6.0000000000000000     
          26   6.0000000000000000     
          27   6.0000000000000000     
          28   6.0000000000000000     
          29   6.0000000000000000     
          30   6.0000000000000000     
          31   6.0000000000000000     
          32   6.0000000000000000     
          33   6.0000000000000000     
          34   6.0827625302982193     
          35   6.0827625302982193     
          36   6.0827625302982193     
          37   6.0827625302982193     
          38   7.0000000000000000     
          39   7.0000000000000000     
          40   7.0000000000000000     
          41   7.2801098892805181     
          42   7.2801098892805181     
          43   7.2801098892805181     
          44   7.2801098892805181     
          45   7.8102496759066540     
          46   8.6023252670426267     
          47   8.6023252670426267     
          48   8.6023252670426267     
          49   8.6023252670426267     
          50   9.2195444572928871     
          51   9.2195444572928871     
          52   9.2195444572928871     
          53   9.2195444572928871     
          54   9.2195444572928871     
          55   9.2195444572928871     
          56   9.2195444572928871     
          57   9.2195444572928871     
          58   9.2195444572928871     
          59   9.2195444572928871     
          60   9.2195444572928871     
          61   9.4868329805051381     
          62   10.440306508910551     
          63   10.440306508910551     
          64   10.440306508910551     
          65   10.440306508910551     
          66   10.770329614269007     
          67   11.401754250991379     
          68   12.369316876852981     
          69   13.341664064126334     
          70   13.341664064126334     
          71   13.341664064126334     
          72   13.341664064126334     
          73   13.341664064126334     
          74   13.341664064126334     
          75   13.341664064126334     
          76   13.341664064126334     
          77   13.601470508735444     
          78   13.601470508735444     
          79   13.601470508735444     
          80   13.601470508735444     
          81   13.601470508735444     
          82   13.601470508735444     
          83   13.601470508735444     
          84   13.601470508735444     
          85   13.601470508735444     
          86   13.601470508735444     
          87   13.601470508735444     
          88   13.601470508735444     
          89   14.317821063276353     
          90   14.317821063276353     
          91   14.317821063276353     
          92   14.317821063276353     
          93   15.231546211727817     
          94   15.231546211727817     
          95   15.231546211727817     
          96   15.231546211727817     
          97   15.231546211727817     
          98   15.231546211727817     
          99   15.231546211727817     
         100   15.231546211727817     
         101   15.231546211727817     
         102   15.297058540778355     
         103   15.297058540778355     
         104   15.297058540778355     
         105   15.297058540778355     
         106   15.297058540778355     
         107   15.297058540778355     
         108   15.297058540778355     
         109   15.297058540778355     
         110   15.297058540778355     
         111   15.297058540778355     
         112   15.297058540778355     
         113   15.297058540778355     
         114   15.297058540778355     
         115   16.155494421403510     
         116   16.155494421403510     
         117   17.088007490635061     
         118   17.464249196572979     
         119   17.464249196572979     
         120   17.464249196572979     
         121   17.464249196572979     
         122   17.464249196572979     
         123   17.464249196572979     
         124   18.027756377319946     
         125   18.027756377319946     
         126   18.027756377319946     
         127   18.027756377319946     
         128   18.027756377319946     
         129   18.027756377319946     
         130   18.027756377319946     
         131   18.027756377319946     
         132   18.027756377319946     
         133   18.027756377319946     
         134   18.357559750685819     
         135   18.357559750685819     
         136   18.357559750685819     
         137   18.357559750685819     
         138   18.357559750685819     
         139   18.357559750685819     
         140   18.357559750685819     
         141   18.357559750685819     
         142   18.357559750685819     
         143   18.357559750685819     
         144   18.357559750685819     
         145   18.357559750685819     
         146   18.357559750685819     
         147   18.357559750685819     
         148   18.973665961010276     
         149   18.973665961010276     
         150   18.973665961010276     
         151   18.973665961010276     
         152   19.416487838947599     
         153   19.416487838947599     
         154   19.416487838947599     
         155   19.416487838947599     
         156   19.416487838947599     
         157   19.416487838947599     
         158   19.416487838947599     
         159   19.416487838947599     
         160   19.416487838947599     
         161   19.416487838947599     
         162   19.416487838947599     
         163   19.416487838947599     
         164   19.416487838947599     
         165   19.416487838947599     
         166   19.416487838947599     
         167   19.416487838947599     
         168   19.416487838947599     
         169   19.416487838947599     
         170   19.416487838947599     
         171   19.416487838947599     
         172   19.416487838947599     
         173   19.416487838947599     
         174   19.416487838947599     
         175   19.416487838947599     
         176   19.416487838947599     
         177   19.416487838947599     
         178   19.416487838947599     
         179   20.024984394500787     
         180   20.024984394500787     
         181   20.024984394500787     
         182   20.024984394500787     
         183   20.024984394500787     
         184   20.024984394500787     
         185   20.024984394500787     
         186   20.024984394500787     
         187   20.024984394500787     
         188   20.024984394500787     
         189   20.024984394500787     
         190   20.024984394500787     
         191   20.024984394500787     
         192   20.024984394500787     
         193   20.880613017821101     
         194   20.880613017821101     
         195   20.880613017821101     
         196   20.880613017821101     
         197   20.880613017821101     
         198   20.880613017821101     
         199   20.880613017821101     
         200   20.880613017821101     
         201   20.880613017821101     
         202   20.880613017821101     
         203   20.880613017821101     
         204   20.880613017821101     
         205   20.880613017821101     
         206   20.880613017821101     
         207   20.880613017821101     
         208   20.880613017821101     
         209   21.587033144922902     
         210   21.587033144922902     
         211   21.587033144922902     
         212   21.587033144922902     
         213   21.587033144922902     
         214   21.587033144922902     
         215   21.587033144922902     
         216   22.022715545545239     
         217   22.022715545545239     
         218   22.022715545545239     
         219   22.022715545545239     
         220   22.561028345356956     
         221   22.561028345356956     
         222   22.561028345356956     
         223   22.561028345356956     
         224   22.561028345356956     
         225   22.561028345356956     
         226   22.561028345356956     
         227   22.671568097509269     
         228   22.671568097509269     
         229   23.000000000000000     
         230   23.000000000000000     
         231   23.000000000000000     
         232   23.000000000000000     
         233   24.000000000000000     
         234   24.000000000000000     
         235   24.000000000000000     
         236   24.000000000000000     
         237   24.000000000000000     
         238   24.000000000000000     
         239   24.000000000000000     
         240   24.020824298928627     
         241   25.019992006393608     
         242   25.019992006393608     
         243   25.019992006393608     
         244   25.019992006393608     
         245   25.019992006393608     
         246   26.000000000000000     
         247   26.000000000000000     
         248   26.000000000000000     
         249   26.000000000000000     
         250   26.000000000000000     
         251   26.000000000000000     
         252   26.000000000000000     
         253   26.000000000000000     
         254   26.000000000000000     
         255   26.000000000000000     
         256   26.019223662515376     
         257   26.019223662515376     
         258   26.019223662515376     
         259   26.019223662515376     
         260   26.019223662515376     
         261   26.019223662515376     
         262   27.018512172212592     
         263   27.018512172212592     
         264   27.018512172212592     
         265   27.018512172212592     
         266   27.018512172212592     
         267   27.018512172212592     
         268   28.017851452243800     
         269   28.017851452243800     
         270   28.017851452243800     
         271   29.000000000000000     
         272   29.000000000000000     
         273   29.000000000000000     
         274   29.000000000000000     
         275   29.000000000000000     
         276   29.000000000000000     
         277   29.000000000000000     
         278   29.000000000000000     
         279   29.000000000000000     
         280   29.000000000000000     
         281   29.000000000000000     
         282   29.000000000000000     
         283   29.000000000000000     
         284   29.000000000000000     
         285   29.000000000000000     
         286   29.017236257093817     
         287   29.017236257093817     
         288   29.017236257093817     
         289   29.017236257093817     
         290   30.000000000000000     
         291   30.000000000000000     
         292   30.000000000000000     
         293   30.000000000000000     
         294   30.000000000000000     
         295   30.000000000000000     
         296   30.000000000000000     
         297   31.000000000000000     
         298   31.000000000000000     
         299   31.000000000000000     
         300   31.000000000000000     
         301   31.000000000000000     
         302   31.000000000000000     
         303   31.000000000000000     
         304   31.000000000000000     
         305   31.000000000000000     
         306   31.000000000000000     
         307   31.000000000000000     
         308   31.000000000000000     
         309   31.000000000000000     
         310   31.000000000000000     
         311   31.000000000000000     
         312   31.000000000000000     
         313   31.000000000000000     
         314   31.000000000000000     
         315   31.000000000000000     
         316   31.000000000000000     
         317   31.256999216175569     
         318   31.256999216175569     
         319   31.256999216175569     
         320   31.256999216175569     
         321   31.256999216175569     
         322   31.256999216175569     
         323   31.256999216175569     
         324   31.256999216175569     
         325   31.256999216175569     
         326   31.256999216175569     
         327   31.256999216175569     
         328   31.256999216175569     
         329   31.256999216175569     
         330   31.256999216175569     
         331   31.256999216175569     
         332   31.256999216175569     
         333   31.256999216175569     
         334   31.256999216175569     
         335   31.256999216175569     
         336   31.256999216175569     
         337   31.256999216175569     
         338   31.256999216175569     
         339   31.256999216175569     
         340   31.256999216175569     
         341   31.256999216175569     
         342   31.256999216175569     
         343   32.140317359976393     
         344   32.140317359976393     
         345   32.140317359976393     
         346   33.136083051561783     
         347   33.136083051561783     
         348   33.136083051561783     
         349   33.136083051561783     
         350   33.136083051561783     
         351   33.136083051561783     
         352   33.136083051561783     
         353   33.136083051561783     
         354   33.136083051561783     
         355   33.136083051561783     
         356   33.136083051561783     
         357   33.136083051561783     
         358   34.058772731852805     
         359   34.058772731852805     
         360   34.058772731852805     
         361   34.058772731852805     
         362   34.058772731852805     
         363   34.058772731852805     
         364   34.058772731852805     
         365   34.058772731852805     
         366   34.058772731852805     
         367   34.058772731852805     
         368   34.058772731852805     
         369   34.058772731852805     
         370   34.058772731852805     
         371   34.058772731852805     
         372   34.058772731852805     
         373   34.058772731852805     
         374   34.058772731852805     
         375   34.058772731852805     
         376   34.058772731852805     
         377   34.058772731852805     
         378   35.057096285916209     
         379   35.057096285916209     
         380   35.057096285916209     
         381   35.057096285916209     
         382   35.057096285916209     
         383   35.057096285916209     
         384   35.057096285916209     
         385   35.057096285916209     
         386   35.057096285916209     
         387   35.057096285916209     
         388   35.057096285916209     
         389   35.057096285916209     
         390   35.057096285916209     
         391   35.128336140500593     
         392   35.128336140500593     
         393   35.128336140500593     
         394   35.128336140500593     
         395   35.128336140500593     
         396   35.128336140500593     
         397   35.128336140500593     
         398   35.128336140500593     
         399   35.128336140500593     
         400   35.128336140500593     
         401   35.128336140500593     
         402   35.128336140500593     
         403   35.128336140500593     
         404   35.128336140500593     
         405   35.128336140500593     
         406   35.128336140500593     
         407   35.128336140500593     
         408   35.128336140500593     
         409   35.128336140500593     
         410   35.128336140500593     
         411   35.128336140500593     
         412   35.128336140500593     
         413   35.128336140500593     
         414   35.128336140500593     
         415   35.128336140500593     
         416   35.128336140500593     
         417   35.128336140500593     
         418   35.128336140500593     
         419   35.128336140500593     
         420   35.128336140500593     
         421   35.128336140500593     
