0E-8  10.00000000  20.00000000  30.00000000  40.00000000  50.00000000  60.00000000  70.00000000  80.00000000  90.00000000  100.00000000  110.00000000  120.00000000  130.00000000  140.00000000  150.00000000  160.00000000  170.00000000  180.00000000  190.00000000  200.00000000  210.00000000  220.00000000  230.00000000  240.00000000  250.00000000  260.00000000  270.00000000  280.00000000  290.00000000  300.00000000
0E-8  10.00000000  20.00000000  30.00000000  40.00000010  50.00003880  60.00351560  70.09720650  80.89534760  92.39246400  99.58835740  106.57983290  120.54784770  129.82604890  140.12267780  149.91682400  160.03664120  169.99893640  179.98838080  190.00639750  200.00181400  209.99669710  220.00008010  230.00154460  239.99974130  249.99921720  260.00016950  270.00044350  279.99992290  289.99972580  300.00001450
0E-8  10.00000000  20.00000000  30.00000000  40.00000090  50.00023720  60.01492400  70.29690920  82.01279190  93.98146570  98.91800930  104.90904290  119.67137740  130.27749780  139.88603380  150.03834810  160.00014340  169.98342600  180.01447280  189.99697770  199.99516530  210.00363530  220.00108300  229.99783320  239.99985540  250.00122100  259.99998770  269.99927810  279.99999330  290.00045080  300.00004900
0E-8  10.00000000  20.00000000  30.00000000  40.00000780  50.00126170  60.05371610  70.73187990  83.34391590  94.15473240  98.33556900  105.19233380  117.63457670  130.73678310  139.72724650  150.13290460  159.93738700  170.01941880  180.00278050  189.99135040  200.00511290  210.00044290  219.99729010  230.00102930  240.00112960  249.99908100  259.99949820  270.00064020  280.00028010  289.99957570  299.99979610
0E-8  10.00000000  20.00000000  30.00000010  40.00005620  50.00591770  60.16898840  71.54226720  84.49153370  92.89833900  98.42813150  106.35937050  115.87083460  130.14736510  140.13680070  149.94092620  159.99689710  170.03005210  179.97207080  190.01135250  200.00271410  209.99398900  220.00197880  230.00172150  239.99838480  249.99971070  260.00095240  269.99992600  279.99943840  290.00012540  300.00036140
0E-8  10.00000000  20.00000000  30.00000110  40.00035760  50.02432810  60.46109750  72.75092200  84.78307670  91.05037600  99.16159510  107.49584600  115.29993400  128.45610660  140.71788110  149.70918840  160.13074470  169.94363880  180.01366100  190.00898810  199.98674300  210.00548480  220.00269690  229.99614120  240.00029120  250.00180470  259.99933940  269.99919950  280.00051740  290.00037780  299.99964700
0E-8  10.00000000  20.00000000  30.00000970  40.00198650  50.08700460  61.07892120  74.06821330  83.79207070  89.79073230  99.84388830  108.43680600  115.79612190  126.59174490  140.57016210  149.92520900  160.04156750  169.94935030  180.04550690  189.97214440  200.00793100  210.00511490  219.99275430  230.00200550  240.00260450  249.99785850  259.99933250  270.00136020  280.00008940  289.99920020  300.00004000
0E-8  10.00000000  20.00000010  30.00007730  40.00958300  50.26826270  62.13408850  74.83726230  81.92001940  89.60453050  100.02849380  109.20270170  116.84591520  125.48109430  139.29259720  150.55335040  159.74027710  170.11498480  179.96143000  189.99716420  200.01792580  209.98571620  220.00340310  230.00409940  239.99588390  250.00004820  260.00219820  269.99918120  279.99895860  290.00071800  300.00051840
0E-8  10.00000000  20.00000100  30.00053080  40.03984630  50.70546080  63.50182490  74.40039670  80.27233530  89.94426470  99.95655510  109.67171320  117.99437760  125.47423230  137.39490690  150.82224420  159.74622110  170.12370090  179.91677590  190.05479600  199.97401830  210.00203130  220.00941750  229.99217930  240.00070560  250.00341210  259.99792010  269.99905480  280.00152950  290.00009850  299.99903990
0E-8  10.00000000  20.00001100  30.00312210  40.14156770  51.56134430  64.64448490  72.77926670  79.65908180  90.09952530  99.96093950  109.86060660  118.90239610  126.32377020  135.86547170  150.00370960  160.31674360  169.82365790  180.06901010  189.99145110  199.98028970  210.02447480  219.98569460  230.00070440  240.00619830  249.99576550  259.99919380  270.00261200  279.99935390  289.99873940  300.00076280
0E-8  10.00000000  20.00010050  30.01561290  40.42535140  52.85947140  64.78814650  70.91289380  79.84044250  90.01467170  100.00954420  109.94136590  119.46183960  127.47772910  135.37283510  148.25138920  160.87115290  169.64475010  180.17728450  189.89796910  200.05396450  209.98239400  219.99449650  230.01286450  239.99224940  249.99918300  260.00444020  269.99805280  279.99849140  290.00169460  300.00029390
0E-8  10.00000070  20.00076880  30.06581550  41.06740260  54.23714770  63.58753650  69.86614840  80.05909720  89.97177270  100.00476450  109.98619750  119.76378850  128.49590000  135.88600960  146.46215230  160.53917970  170.04904950  179.94184650  190.00829110  200.02515910  209.96403910  220.02830630  229.98844670  239.99701110  250.00791170  259.99603840  269.99824670  280.00307870  289.99958440  299.99838550
0E-8  10.00001050  20.00488940  30.23157440  42.20299530  54.92118210  61.68233760  69.78474120  80.03593110  90.00279280  99.99427150  109.99556040  119.90920380  129.21029260  136.93726670  145.48549790  159.09891060  170.75206540  179.62565740  190.19140330  199.90068410  210.04233410  219.99505300  229.98603370  240.01546630  249.99358860  259.99716590  270.00523220  279.99841670  289.99789900  300.00185530
0E-8  10.00011840  20.02564620  30.67219620  43.66652540  54.26387090  60.24726990  69.99846530  79.98191460  90.00626510  100.00123860  109.99725740  119.96687130  129.63032020  138.03517150  145.57769050  157.21106610  170.87164910  179.80745370  190.06568200  199.94437570  210.05642980  219.95286570  230.02785210  239.99348820  249.99265630  260.00924870  269.99695740  279.99708080  290.00337390  299.99994540
0.00000110  10.00106560  20.10993280  31.58725020  44.79309210  52.51656790  59.81980140  70.04012830  79.99655950  89.99663140  100.00082880  110.00038320  119.98917390  129.84342200  138.89160360  146.42824610  155.81866130  169.85656350  180.51431820  189.68601830  200.16458160  209.92411730  220.02095150  230.01060750  239.97838880  250.01635790  259.99607410  269.99480610  280.00578620  289.99913410  299.99723140
0.00002350  10.00760050  20.38099020  32.99668860  44.73937850  50.79800610  59.94046700  69.99466870  80.00506230  90.00017470  99.99912280  109.99977020  119.99704860  129.94017600  139.44274230  147.53133700  155.44383470  168.04962480  180.99401760  189.63233000  200.16960370  209.89154340  220.07842960  229.94926400  240.02235260  250.00064140  259.98834980  270.00979530  279.99846880  289.99576750  300.00349180
0.00035710  10.04263210  21.05431430  34.42563460  43.33762440  49.98190260  60.02639830  69.99423740  79.99853180  90.00070220  100.00038650  109.99988380  119.99896790  129.97898510  139.74782470  148.50655790  155.99204740  166.35530360  180.46279220  190.21731520  199.80578240  210.10343910  219.96416960  229.99360530  240.02636300  249.97296270  260.01492680  269.99972330  279.99243550  290.00591000  300.00016670
0.00393670  10.18647190  22.29576110  34.96624700  41.48962040  49.91599860  60.00461510  70.00290040  79.99971820  89.99951210  99.99993950  110.00012010  119.99984690  129.99322230  139.89629160  149.19659580  157.01426380  165.51156170  178.90227530  190.92682060  199.54862010  210.23351170  219.86072310  230.08594220  239.95488170  250.01216000  260.00905640  269.98473840  280.00920060  290.00058680  299.99448420
0.03151110  10.63004520  23.86508480  34.06332400  40.29485500  50.00173010  59.99536980  69.99971940  80.00044890  90.00017750  99.99995010  109.99991930  119.99992910  129.99802240  139.96109010  149.61129820  158.06381560  165.67479400  177.05674940  190.87454100  199.92059620  209.95619020  220.02181020  230.01296020  239.96529350  250.03922360  259.97117000  270.01097210  280.00426150  289.99036510  300.00541530
0.18315640  11.62739240  24.92386180  32.27075730  39.95989890  50.00776110  60.00094040  69.99967600  79.99977380  89.99997680  100.00005560  110.00003800  119.99998560  129.99942840  139.98655240  149.82936140  158.88721630  166.51983740  175.79140780  189.69356250  200.71212620  209.56170200  220.24651210  229.85834770  240.07673990  249.96955480  259.99847090  270.01744760  279.98258160  290.00728470  300.00320460
0.77304740  13.17842970  24.61785150  30.76425440  39.98165300  49.99815200  60.00018700  70.00022020  80.00006860  89.99998050  99.99996500  109.99998610  120.00000560  129.99987230  139.99572350  149.93153730  159.42581930  167.58060570  175.51651320  187.86563650  201.07409200  209.67591460  220.10520380  229.93703000  240.06059120  249.94163470  260.04640500  269.97393980  280.00465050  290.00915710  299.98897660
2.36927760  14.65285360  23.07262380  30.10522740  40.00376250  49.99988140  59.99980480  69.99991750  79.99999180  90.00002010  100.00001750  110.00000320  119.99999240  129.99995920  139.99873530  149.97476330  159.73144960  168.51564540  176.08966780  186.27340900  200.35607850  210.40645290  219.65915130  230.20859310  239.88490870  250.05190720  259.99121400  269.98335720  280.02435240  289.98255340  300.00401680
5.27292420  15.13950060  21.37378640  29.98915620  40.00031660  50.00019260  60.00007750  70.00002040  79.99999420  89.99998740  99.99999230  110.00000050  120.00000510  129.99999660  139.99965250  149.99140120  159.88526620  169.18449730  177.08248240  185.54678810  198.71250780  211.07007670  219.51996570  230.22364400  239.86649200  250.09731050  259.92766120  270.04593040  279.98143500  289.99658360  300.01371870
8.52143790  14.60339870  20.37817770  29.99770730  39.99973020  49.99992890  59.99997830  69.99999820  80.00000640  90.00000730  100.00000340  109.99999860  119.99999630  129.99999610  139.99991190  149.99728810  159.95495410  169.59446360  178.08965190  185.76640810  196.92655750  210.83897460  220.07211710  229.81461150  240.12979540  249.93493120  260.01577420  270.01623350  279.96944410  290.02833950  299.98506890
10.00000000  14.17230660  20.10374320  30.00097230  40.00012170  50.00003200  60.00000840  69.99999840  79.99999420  89.99999450  99.99999770  110.00000150  120.00000320  130.00000160  139.99997780  149.99919970  159.98365990  169.81594950  178.88360310  186.60258500  195.77992250  209.52354950  220.89507660  229.47033340  240.29041250  249.82417630  260.11547240  269.92671460  280.03712820  289.99295000  299.98783190
8.52143790  14.60339870  20.37817770  29.99770730  39.99973020  49.99992890  59.99997830  69.99999820  80.00000640  90.00000730  100.00000340  109.99999860  119.99999630  129.99999760  139.99999600  149.99978360  159.99450350  169.92325800  179.41066630  187.62463540  195.58907190  207.70115260  221.11399960  229.76796980  239.99364750  250.02768260  259.99822350  269.97512600  280.04004800  289.95942350  300.02828930
5.27292420  15.13950060  21.37378640  29.98915620  40.00031660  50.00019260  60.00007750  70.00002040  79.99999420  89.99998740  99.99999230  110.00000050  120.00000520  130.00000400  139.99999860  149.99994040  159.99827480  169.97044440  179.71642050  188.52411020  196.17925940  206.21160550  220.22937470  230.60007700  239.52462260  250.29577530  259.81797920  270.11110510  279.93969400  290.02089610  300.00693590
2.36927760  14.65285360  23.07262380  30.10522740  40.00376250  49.99988140  59.99980480  69.99991750  79.99999180  90.00002010  100.00001750  110.00000320  119.99999280  129.99999270  139.99999900  149.99999090  159.99949950  169.98943640  179.87471690  189.17384540  197.14387960  205.58800580  218.53360090  231.17844670  239.54121860  250.16052000  259.92354210  270.06200820  279.93786820  290.05800940  299.95552900
0.77304740  13.17842970  24.61785150  30.76425440  39.98165300  49.99815200  60.00018700  70.00022020  80.00006860  89.99998050  99.99996500  109.99998610  120.00000800  130.00001300  140.00000400  149.99999140  159.99985510  169.99648270  179.94889720  189.57915430  198.11304200  205.85263180  216.81771960  230.77343040  240.24650820  249.66276360  260.24236330  269.84836470  280.08473800  289.96476920  299.99964980
0.18315640  11.62739240  24.92386180  32.27075730  39.95989890  50.00776110  60.00094040  69.99967600  79.99977380  89.99997680  100.00005560  110.00003810  119.99999720  129.99997930  139.99998880  150.00000480  159.99997490  169.99890890  179.98064930  189.80336990  198.88066340  206.67774860  215.78026290  229.35329210  241.05463640  249.42148260  260.28463590  269.83808250  280.11352030  289.91145140  300.06631760
0.03151110  10.63004520  23.86508480  34.06332400  40.29485500  50.00173010  59.99536980  69.99971940  80.00044890  90.00017750  99.99995010  109.99992000  119.99998160  130.00002730  140.00002420  149.99999830  159.99997580  169.99967260  179.99318310  189.91522820  199.39704110  207.66442320  215.66035290  227.55557490  241.11882370  249.89713510  259.85196800  270.14386310  279.90851810  290.04131220  299.99763540
0.00393670  10.18647190  22.29576110  34.96624700  41.48962040  49.91599860  60.00461510  70.00290040  79.99971820  89.99951210  99.99993950  110.00012370  120.00006970  129.99997800  139.99995640  149.99998970  160.00001750  169.99992930  179.99774750  189.96607640  199.70250750  208.53204710  216.26177520  226.16611860  240.09069880  250.78599690  259.41786580  270.34561420  279.78746730  290.14255350  299.90136290
0.00035710  10.04263210  21.05431430  34.42563460  43.33762440  49.98190260  60.02639830  69.99423740  79.99853180  90.00070220  100.00038660  109.99990170  119.99984390  129.99998360  140.00006290  150.00003540  159.99998200  169.99994830  179.99930040  189.98738050  199.86467080  209.16441670  217.19955430  225.63296380  238.36760820  251.25259480  259.60718180  270.05337640  280.02176980  289.98590820  299.98920200
0.00002350  10.00760050  20.38099020  32.99668860  44.73937850  50.79800610  59.94046700  69.99466870  80.00506230  90.00017470  99.99912380  109.99985290  120.00023400  130.00011490  139.99993940  149.99992440  160.00000060  170.00003650  179.99981660  189.99558020  199.94289010  209.56514340  218.13444250  225.93370300  236.72733380  250.68562150  260.43033500  269.51936060  280.33620390  289.78041040  300.14344250
0.00000110  10.00106560  20.10993280  31.58725020  44.79309210  52.51656790  59.81980140  70.04012830  79.99655950  89.99663150  100.00083430  110.00073680  119.99984560  129.99972660  139.99999480  150.00011860  160.00004220  169.99995200  179.99990190  189.99857050  199.97760170  209.79156270  218.87826930  226.74640290  235.78948050  249.18722420  261.18680220  269.41700110  280.22921180  289.90089760  300.06487360
0E-8  10.00011840  20.02564620  30.67219620  43.66652540  54.26387090  60.24726990  69.99846530  79.98191460  90.00626530  100.00126640  109.99865330  119.99967410  130.00039020  140.00017980  149.99987690  159.99988420  170.00002580  180.00005740  189.99956980  199.99172190  209.90740150  219.38472510  227.70071210  235.72969810  247.42758300  261.09443790  270.05131430  279.69835120  290.26268020  299.81671330
0E-8  10.00001050  20.00488940  30.23157440  42.20299530  54.92118210  61.68233760  69.78474120  80.03593110  90.00279420  99.99440160  110.00063040  120.00125310  129.99980860  139.99955700  150.00001390  160.00019720  170.00004160  179.99990590  189.99981920  199.99719490  209.96176810  219.68959210  228.53950250  236.33800570  246.13383680  259.94611390  270.95624310  279.34733090  290.34921560  299.80422020
0E-8  10.00000070  20.00076880  30.06581550  41.06740260  54.23714770  63.58753650  69.86614840  80.05909730  89.97178100  100.00532650  110.00307100  119.99821680  129.99934980  140.00058650  150.00027590  159.99978840  169.99983520  180.00006770  190.00007160  199.99907290  209.98513850  219.85503350  229.15606720  237.25045070  245.68011280  258.21519270  271.29532080  279.70941570  289.91644900  300.14191350
0E-8  10.00000000  20.00010050  30.01561290  40.42535140  52.85947140  64.78814650  70.91289380  79.84044280  90.01471460  100.01177320  109.99257400  119.99986020  130.00192280  139.99983740  149.99932440  160.00003380  170.00030220  180.00003240  189.99984130  199.99966300  209.99470620  219.93707990  229.55224140  238.15408670  246.00989850  256.65277990  270.58212790  280.61312310  289.39758950  300.39292100
0E-8  10.00000000  20.00001100  30.00312210  40.14156770  51.56134430  64.64448490  72.77926670  79.65908400  90.09973010  99.96902560  110.00152560  120.00542200  129.99800270  139.99882940  150.00080160  160.00042050  169.99967480  179.99977400  190.00012710  200.00006420  209.99813070  219.97433380  229.78040660  238.87644490  246.80952780  255.80530990  269.02800930  281.29062720  289.45323650  300.12537620
0E-8  10.00000000  20.00000100  30.00053080  40.03984630  50.70546080  63.50182490  74.40039670  80.27234770  89.94515980  99.98326000  110.02100280  119.99205730  129.99836020  140.00267240  149.99999600  159.99902340  170.00004030  180.00043780  190.00001650  199.99975330  209.99936120  219.99038170  229.89993750  239.37344290  247.73390440  255.79673950  267.31566610  281.04656970  290.21808850  299.53214640
0E-8  10.00000000  20.00000010  30.00007730  40.00958300  50.26826270  62.13408850  74.83726270  81.92008570  89.60809930  100.10835290  109.97616400  119.99497210  130.00786750  139.99824540  149.99808550  160.00099460  170.00063500  179.99954150  189.99969450  200.00020230  210.00000930  219.99642540  229.95723310  239.67757500  248.54674520  256.40874180  266.11211010  279.79964720  291.10243650  299.27737820
0E-8  10.00000000  20.00000000  30.00000970  40.00198650  50.08700460  61.07892120  74.06821640  83.79239330  89.80365820  100.05875160  109.95136480  120.02739670  129.99366550  139.99612270  150.00335560  160.00035720  169.99865940  180.00001150  190.00060810  199.99999880  209.99963200  219.99878520  229.98315190  239.84593000  249.14843130  257.29708740  265.72840150  278.07563970  291.30063380  299.75304860
0E-8  10.00000000  20.00000000  30.00000110  40.00035760  50.02432810  60.46109760  72.75094060  84.78450550  91.09268120  99.67773060  110.08378750  119.99270290  129.98673340  140.00971850  149.99917110  159.99713760  170.00110220  180.00094060  189.99939960  199.99958690  210.00028900  219.99986100  229.99345830  239.93108050  249.54044270  258.17252200  266.08145090  276.58936080  290.44413180  300.60812610
0E-8  10.00000000  20.00000000  30.00000010  40.00005620  50.00591770  60.16898910  71.54236920  84.49726500  93.02269100  99.52462620  110.14871320  119.92879810  130.02820300  139.99782320  149.99336440  160.00375820  170.00098660  179.99825600  189.99991820  200.00081570  209.99998720  219.99945850  229.99771860  239.97149780  249.76992750  258.87472280  266.86727950  275.82050220  288.82186840  301.01296600
0E-8  10.00000000  20.00000000  30.00000000  40.00000780  50.00126170  60.05372040  70.73238810  83.36463250  94.48061690  100.37093600  109.82208340  120.03394770  130.01525790  139.97867710  150.01018670  160.00092610  169.99607300  180.00104210  190.00135280  199.99926830  209.99943940  220.00037780  229.99953850  239.98847580  249.89237150  259.36330790  267.76364920  275.84660180  287.09651250  300.32585610
0E-8  10.00000000  20.00000000  30.00000000  40.00000090  50.00023730  60.01495130  70.29919600  82.07987130  94.73614440  102.16666490  109.42763320  120.19429110  129.92268450  140.02186310  150.00433560  159.99054640  170.00362720  180.00192070  189.99786140  199.99972670  210.00105890  219.99999280  229.99919880  239.99581440  249.95333940  259.66610960  268.54999770  276.43931870  285.84974840  298.52825030
0E-8  10.00000000  20.00000000  30.00000000  40.00000010  50.00003960  60.00367160  70.10644350  81.08855100  93.91973120  103.94718650  109.81096920  119.99279420  129.97265880  140.03843850  149.97305760  160.00858830  170.00350120  179.99505670  190.00072240  200.00187270  209.99917610  219.99923900  230.00045140  239.99890340  249.98035400  259.83624570  269.13333110  277.26049780  285.29606590  296.15574230
0E-8  10.00000000  20.00000000  30.00000000  40.00000000  50.00000590  60.00080090  70.03330260  80.49083560  92.66230340  104.74815320  111.30694230  119.48298610  130.18819330  139.93579240  150.00857330  160.01230000  169.98832710  180.00272230  190.00314250  199.99755080  209.99940260  220.00132870  230.00002800  239.99879110  249.99244080  259.92419500  269.50772380  278.01788960  285.28482060  293.92237350
0E-8  10.00000000  20.00000000  30.00000000  40.00000000  50.00000080  60.00015600  70.00923700  80.19320340  91.52726720  104.35882910  113.23113630  119.44494650  130.14660990  139.91576080  150.05623360  159.97194710  170.00456480  180.00667590  189.99432490  200.00005870  210.00247910  219.99916100  229.99897360  240.00046600  249.99741770  259.96270380  269.70836900  278.52971000  285.48189760  292.38646260
0E-8  10.00000000  20.00000000  30.00000000  40.00000000  50.00000010  60.00002730  70.00228680  80.06707940  90.75467870  103.24865560  114.51859030  120.52291370  129.64518670  140.13582940  149.96598750  159.99040300  170.02020110  179.98744780  190.00088380  200.00456140  209.99742380  219.99891870  230.00160410  240.00005900  249.99719570  259.97417350  269.77150700  278.70770380  285.58605150  291.84648190
0E-8  10.00000000  20.00000000  30.00000000  40.00000000  50.00000000  60.00000430  70.00050820  80.02071670  90.32588450  102.03536700  114.62974960  122.39937100  129.27847490  140.25143070  149.87728210  160.06353910  169.97665420  179.99826170  190.01000240  199.99415540  209.99899740  220.00312040  229.99926270  239.99848210  249.99766500  259.96371610  269.70814200  278.52914370  285.48203110  292.38681090
0E-8  10.00000000  20.00000000  30.00000000  40.00000000  50.00000000  60.00000060  70.00010190  80.00573130  90.12435200  101.09649470  113.78934270  124.05796350  129.88083790  139.86102250  150.05243830  160.00686110  169.97093450  180.02618530  189.98856570  199.99810160  210.00600190  219.99759340  229.99824240  240.00136760  249.99274590  259.92268090  269.50774780  278.01879430  285.28477750  293.92180290
0E-8  10.00000000  20.00000000  30.00000000  40.00000000  50.00000000  60.00000010  70.00001850  80.00142880  90.04230520  100.51613560  112.58794160  124.69276890  131.53062680  139.29183740  150.28998270  159.86639290  170.05746340  179.98727960  189.99041150  200.01284420  209.99481830  219.99753880  230.00363930  239.99807560  249.97891540  259.83725200  269.13394900  277.25973530  285.29575970  296.15627250
0E-8  10.00000000  20.00000000  30.00000000  40.00000000  50.00000000  60.00000000  70.00000310  80.00032260  90.01292590  100.21486330  111.51455880  124.23127480  133.40192070  139.42596060  150.07814670  159.95878970  170.04930910  179.95450460  190.02846370  199.99206920  209.99456860  220.00720120  229.99793000  239.99325810  249.95505860  259.66669540  268.54888480  276.43932960  285.85040990  298.52810840
0E-8  10.00000000  20.00000000  30.00000000  40.00000000  50.00000000  60.00000000  70.00000050  80.00006630  90.00356880  100.07985910  110.77346230  123.14905690  134.52677320  140.70564820  149.44473510  160.26071750  169.88565020  180.03811150  190.00253040  199.98228230  210.01447160  219.99647820  229.99501190  239.99283400  249.89260600  259.36101110  267.76427130  275.84766020  287.09592850  300.32536490
0E-8  10.00000000  20.00000000  30.00000000  40.00000000  50.00000000  60.00000000  70.00000010  80.00001240  90.00089510  100.02670490  110.34928960  121.99767970  134.52412790  142.60776550  149.17775180  160.25280230  169.87633940  180.08366190  189.94522110  200.02575730  209.99791540  219.99058700  230.00561460  239.97048960  249.76641620  258.87696740  266.86832780  275.81889380  288.82167750  301.01395020
0E-8  10.00000000  20.00000000  30.00000000  40.00000000  50.00000000  60.00000000  70.00000000  80.00000210  90.00020480  100.00808610  110.14091900  121.10302590  133.67423260  144.13335760  149.99709200  159.68367690  170.17601690  179.93076390  190.00867830  200.01985570  209.97547210  220.01383150  229.99289540  239.92510420  249.54464160  258.17318080  266.07881980  276.59009820  290.44543550  300.60731570
0E-8  10.00000000  20.00000000  30.00000000  40.00000000  50.00000000  60.00000000  70.00000000  80.00000030  90.00004290  100.00222900  110.05120810  120.53802060  132.52419370  144.62700230  151.74793520  159.12888090  170.35555210  179.82274810  190.10188130  199.94597860  210.01762530  220.00438050  229.97008500  239.85357860  249.14934510  257.29274050  265.73031560  278.07707460  291.29893490  299.75280440
0E-8  10.00000000  20.00000000  30.00000000  40.00000000  50.00000000  60.00000000  70.00000000  80.00000000  90.00000830  100.00056200  110.01687350  120.23442820  131.50344980  144.11457690  153.53812360  159.46060870  169.95078570  180.05822210  189.99181550  199.97482860  210.03571560  219.96818490  229.96895040  239.68057020  248.53873310  256.41266590  266.11391630  279.79661380  291.10283340  299.27895290
0E-8  10.00000000  20.00000000  30.00000000  40.00000000  50.00000000  60.00000000  70.00000000  80.00000000  90.00000150  100.00013010  110.00507000  120.09204930  130.78951600  143.06229030  154.51451600  160.90128650  169.24797630  180.37425200  189.80854360  200.09932800  209.95712240  219.99520650  229.91381160  239.35802200  247.74039010  255.79957140  267.31038320  281.04813370  290.22021680  299.53031690
0E-8  10.00000000  20.00000000  30.00000000  40.00000000  50.00000000  60.00000000  70.00000000  80.00000000  90.00000020  100.00002780  110.00139580  120.03280270  130.37007000  141.96500840  154.42218640  162.78881820  169.12837690  180.19261800  189.93432800  200.05550430  209.94171550  220.02157940  229.75258310  238.88289740  246.81683030  255.79608390  269.03108970  281.29354720  289.44983610  300.12541790
0E-8  10.00000000  20.00000000  30.00000000  40.00000000  50.00000000  60.00000000  70.00000000  80.00000000  90.00000000  100.00000550  110.00035360  120.01067170  130.15630470  141.10839120  153.57187250  164.18138090  170.14338980  179.48563890  190.31398210  199.83516790  210.07052650  219.91605510  229.54164480  238.17574900  245.99355490  256.65667750  270.58729900  280.60734630  289.39847640  300.39569310
0E-8  10.00000000  20.00000000  30.00000000  40.00000000  50.00000000  60.00000000  70.00000000  80.00000000  90.00000000  100.00000100  110.00008270  120.00318530  130.05993890  140.55719710  152.46858750  164.55616600  171.95041720  179.00600040  190.36761790  199.82945490  210.09366190  219.77663890  229.20677560  237.22806340  245.67947410  258.22686810  271.28553580  279.71093390  289.92066740  300.13842410
0E-8  10.00000000  20.00000000  30.00000000  40.00000000  50.00000000  60.00000000  70.00000000  80.00000000  90.00000000  100.00000020  110.00001790  120.00087610  130.02099850  140.25223820  151.49347750  164.00793510  173.64466730  179.53720020  189.78257310  200.19138990  209.85827820  219.72541460  228.54592630  236.31166170  246.16086350  259.93116840  270.95651790  279.35490800  290.34331370  299.80404830
0E-8  10.00000000  20.00000000  30.00000000  40.00000000  50.00000000  60.00000000  70.00000000  80.00000000  90.00000000  100.00000000  110.00000360  120.00022280  130.00675570  140.10366480  150.80339390  162.98575570  174.48845490  181.09770730  189.07272390  200.44313490  209.67392030  219.52399530  227.61474640  235.77480920  247.41543560  261.08539330  270.06657300  279.68914030  290.26208980  299.82223510
0E-8  10.00000000  20.00000000  30.00000000  40.00000000  50.00000000  60.00000000  70.00000000  80.00000000  90.00000000  100.00000000  110.00000070  120.00005260  130.00200480  140.03893410  150.38870020  161.93616880  174.32519650  182.94320060  189.12402910  200.05697610  209.83535820  218.85647110  226.73345860  235.82418720  249.14798940  261.21562580  269.40603370  280.22495790  289.91053310  300.05945290
0E-8  10.00000000  20.00000000  30.00000000  40.00000000  50.00000000  60.00000000  70.00000000  80.00000000  90.00000000  100.00000000  110.00000010  120.00001160  130.00055090  140.01343640  150.17064400  161.11279410  173.48016030  184.20838460  190.30202880  199.23078490  210.00344530  217.88791840  226.07534590  236.65059700  250.71607530  260.43186680  269.50190810  280.35361730  289.77312660  300.14024240
0E-8  10.00000000  20.00000000  30.00000000  40.00000000  50.00000000  60.00000000  70.00000000  80.00000000  90.00000000  100.00000000  110.00000000  120.00000240  130.00014070  140.00428050  150.06845710  160.57417370  172.41937110  184.48279570  192.12173100  198.79056600  209.48850350  217.09436020  225.69593840  238.30701280  251.31095420  259.56077630  270.07944100  280.01712240  289.97674960  300.00022200
0E-8  10.00000000  20.00000000  30.00000000  40.00000000  50.00000000  60.00000000  70.00000000  80.00000000  90.00000000  100.00000000  110.00000000  120.00000050  130.00003350  140.00126390  150.02524110  160.26855230  171.48426670  183.90807930  193.69267830  199.34643580  208.12559080  216.60261700  225.95752380  240.20579410  250.73409360  259.42665110  270.36225360  279.76311320  290.16000180  299.89734860
0E-8  10.00000000  20.00000000  30.00000000  40.00000000  50.00000000  60.00000000  70.00000000  80.00000000  90.00000000  100.00000000  110.00000000  120.00000010  130.00000740  140.00034710  150.00859540  160.11472280  170.81518430  182.91069780  194.36843230  200.68453030  206.59435010  216.14039170  227.33193110  241.25232850  249.79982230  259.92430790  270.09793520  279.92708400  290.04472700  299.98391510
0E-8  10.00000000  20.00000000  30.00000000  40.00000000  50.00000000  60.00000000  70.00000000  80.00000000  90.00000000  100.00000000  110.00000000  120.00000000  130.00000150  140.00008890  150.00271390  160.04501180  170.40444120  181.89100060  194.03696680  201.95410690  205.83877110  215.70814310  229.53868100  240.92484330  249.48655270  260.26886060  269.82184730  280.14407590  289.88311310  300.08124970
0E-8  10.00000000  20.00000000  30.00000000  40.00000000  50.00000000  60.00000000  70.00000000  80.00000000  90.00000000  100.00000000  110.00000000  120.00000000  130.00000030  140.00002130  150.00079480  160.01620040  170.18053470  181.06529170  192.97656650  202.33311930  206.32908430  215.92264450  231.30309650  239.95609430  249.83858670  260.12689160  269.92165110  280.04760980  289.97181840  300.01181730
0E-8  10.00000000  20.00000000  30.00000000  40.00000000  50.00000000  60.00000000  70.00000000  80.00000000  90.00000000  100.00000000  110.00000000  120.00000000  130.00000010  140.00000460  150.00020540  160.00499360  170.06617800  180.46405190  191.54921130  201.55480760  207.88685230  217.41960070  231.41047730  239.54757190  250.13283770  259.92531830  270.08688180  279.89782020  290.09858630  299.92724000
0E-8  10.00000000  20.00000000  30.00000000  40.00000000  50.00000000  60.00000000  70.00000000  80.00000000  90.00000000  100.00000000  110.00000000  120.00000000  130.00000000  140.00000000  150.00000000  160.00000000  170.00000000  180.00000000  190.00000000  200.00000000  210.00000000  220.00000000  230.00000000  240.00000000  250.00000000  260.00000000  270.00000000  280.00000000  290.00000000  300.00000000
