0E-8  10.00000000  20.00000000  30.00000000  40.00000000  50.00000000  60.00000000  70.00000000  80.00000000  90.00000000  100.00000000  110.00000000  120.00000000  130.00000000  140.00000000  150.00000000  160.00000000  170.00000000  180.00000000  190.00000000  200.00000000  210.00000000  220.00000000  230.00000000  240.00000000  250.00000000  260.00000000  270.00000000  280.00000000  290.00000000  300.00000000
0.53333320  10.53333320  20.53333320  30.53333320  40.53333320  50.53330680  60.52969080  70.43749680  79.95240640  89.71573640  99.88281480  109.80111320  119.80883320  129.85097960  139.80666960  149.81304200  159.83749080  169.82311240  179.81100280  189.82338960  199.83051240  209.82121200  219.81578640  229.82239760  239.82733560  249.82300200  259.81826160  269.82061160  279.82503520  289.82439760  299.82057640
1.06666680  11.06666680  21.06666680  31.06666680  41.06666640  51.06647320  61.05073720  70.79958040  79.93546360  89.54348400  99.67263440  109.63179240  119.66342400  129.62074600  139.65380240  149.65852840  159.62744560  169.64029440  179.65970640  189.64475200  199.63199440  209.64464000  219.65462240  229.64513000  239.63614200  249.64244720  259.65094480  269.64768360  279.63984600  289.64034560  299.64704800
1.60000000  11.60000000  21.60000000  31.60000000  41.59999640  51.59881000  61.54328600  71.03097000  80.01763920  89.46093240  99.42803520  109.47841360  119.47701080  129.45235320  139.47583760  149.45996800  159.46971800  169.47320320  179.45785040  189.46308160  199.47656800  209.46898200  219.45730760  229.46413360  239.47487120  249.47016520  259.46004080  269.46206240  279.47132960  289.47206400  299.46423120
2.13333320  12.13333320  22.13333320  32.13333320  42.13330000  52.12716600  61.96604000  71.14533280  80.21809520  89.43929320  99.20399160  109.33381680  119.24643560  129.32338280  139.28006560  149.27590320  159.30173600  169.28730560  179.28466960  189.29314800  199.28746280  209.28488280  219.29283640  229.29278800  239.28425040  249.28453840  259.29307720  269.29394120  279.28595480  289.28330960  299.29004120
2.66666680  12.66666680  22.66666680  32.66666640  42.66639440  52.64011360  62.26372600  71.24942240  80.43167760  89.53586720  99.02034000  109.13164280  119.10518880  129.11287280  139.09791560  149.13534800  159.09894480  169.10074760  179.12440000  189.11234400  199.10318280  209.11295400  219.11461840  229.10834720  239.11018560  249.11441160  259.11095400  269.10727320  279.11122600  289.11533800  299.11181960
3.20000000  13.20000000  23.20000000  33.19999720  43.19815760  53.10656400  62.41806600  71.44178480  80.57742080  89.71761680  98.97476320  108.84776280  118.99440520  128.90146960  138.94560480  148.92814080  158.92829760  168.94991720  178.92414320  188.92338320  198.94439800  208.93775160  218.92485640  228.93169320  238.93891400  248.93355000  258.92981480  268.93403680  278.93577680  288.93199920  298.93112520
3.73333320  13.73333320  23.73333320  33.73329720  43.72317000  53.46952600  62.51192600  71.66990600  80.73626800  89.87122160  99.06413000  108.63717520  118.78428240  128.73914760  138.78178680  148.73133760  158.76813840  168.75116600  178.75109720  188.76796720  198.75090120  208.74525000  218.76269440  228.76284520  238.74921920  248.75044800  258.76024840  268.75911320  278.75229680  288.75316440  298.75792320
4.26666680  14.26666680  24.26666680  34.26630840  44.22179360  53.67979480  62.67615640  71.82948560  80.94565880  90.03395000  99.17803400  108.55567240  118.53226760  128.61099320  138.55041680  148.59208960  158.58513480  168.56119840  178.58826760  188.57563720  198.57211000  208.58702400  218.57774600  228.56795200  238.58007600  248.58636080  258.57544160  268.57074320  278.57931520  288.58330320  298.57707760
4.80000000  14.80000000  24.79999840  34.79720000  44.64480840  53.78067760  62.90615160  71.98056280  81.11414000  90.23285760  99.33773440  108.56157040  118.28661640  128.45967640  138.36617040  148.42337120  158.37541720  168.41714760  178.40228360  188.38708640  198.40814800  208.40054400  218.39332720  228.40578760  238.40377920  248.39231480  258.39767880  268.40751000  278.40207080  288.39355880  298.39768200
5.33333320  15.33333320  25.33330400  35.31637360  44.92271920  53.91733320  63.07966160  72.18705840  81.27811520  90.39631320  99.52048640  108.67367960  118.13038120  128.20746200  138.24439240  148.21448840  158.22131760  168.23059400  178.20430480  188.23653400  198.22463000  208.21102240  218.22769600  228.22544800  238.21566600  248.22409840  258.22812840  268.21821240  278.21682920  288.22648600  298.22740360
5.86666680  15.86666680  25.86626400  35.78909000  45.05040240  54.14110600  63.22654920  72.35930640  81.47607960  90.57538840  99.68291000  108.81689840  118.10949240  127.94805120  138.10124240  148.00219720  158.07593120  168.02621720  178.05298960  188.04744120  198.03006920  208.05511400  218.04870760  228.03460480  238.04678000  248.04975120  258.03950280  268.04259320  278.05022640  288.04465040  298.03847680
6.40000000  16.40000000  26.39594360  36.14013000  45.16574040  54.32691000  63.42934680  72.52400320  81.64022600  90.76088160  99.87089120  108.98033320  118.16713400  127.74887960  137.89240720  147.86587200  157.86829880  167.85367360  177.88473120  187.85108640  197.87620800  207.86929640  217.85404840  227.87343480  237.87302160  247.85876360  257.86564880  267.87278480  277.86461640  287.86227440  297.87020680
6.93333320  16.93332520  26.90445160  36.31433040  45.37728480  54.47344320  63.60295000  72.71940160  81.82186520  90.92787280  100.04288640  109.16026480  118.30023640  127.66239440  137.61943280  147.74263080  157.65267920  167.71682120  177.67288520  187.68897200  197.69891560  207.67608800  217.69687440  227.69317640  237.67779520  247.69154080  257.69664120  267.68384920  277.68493960  287.69411920  297.69018120
7.46666680  17.46640600  27.32722640  36.41973080  45.57096440  54.67286040  63.77092160  72.88406040  82.00274360  91.11530680  100.22207200  109.33057200  118.45351120  127.68901440  137.38815320  147.55881080  157.48747080  167.52788520  177.49248400  187.53310800  197.49491240  207.51469400  217.51812280  227.49998960  237.51640600  247.51749400  257.50224080  267.50976560  277.51890480  287.50963640  297.50545440
8.00000000  17.99507960  27.56499560  36.61722880  45.72089560  54.84510920  63.96189400  73.06847400  82.17454120  91.28621800  100.40098440  109.51364200  118.62595080  127.78579080  137.24641680  147.30445200  157.37305600  167.30430920  177.35095440  187.32582400  197.32808120  207.34826200  217.31989080  227.33685840  237.34000600  247.32363520  257.33522960  267.34117760  277.32767560  287.32876000  297.33952840
8.53333320  18.48192960  27.67535880  36.81144840  45.91700800  55.01918440  64.12906720  73.24431160  82.35821320  91.46811920  100.57666720  109.68722800  118.80077400  127.93223280  137.22342880  147.04351000  157.21646960  167.11913840  177.18395920  187.13123960  197.17622800  207.14263080  217.15512240  227.16663400  237.14455360  247.15751760  257.16296280  267.14785680  277.15386360  287.16347520  297.15377800
9.06666680  18.79479840  27.86332840  36.97027800  46.08705360  55.20257400  64.31336280  73.42184880  82.53167800  91.64378360  100.75636280  109.86762200  118.97793960  128.09471320  137.28843640  146.85733680  156.98600160  166.99458600  176.96198720  186.98473200  196.98084680  206.96602040  216.99416120  226.96558640  236.97809440  246.98728680  256.96886960  266.97732640  276.98581680  286.97301160  296.97308120
9.60000000  18.92846160  28.04690680  37.15792120  46.26697760  55.37682920  64.48820680  73.60019640  82.71166520  91.82240560  100.93304360  110.04413880  119.15564440  128.26891600  137.41328880  146.77972080  156.71658120  166.86311880  176.75728600  186.83242880  196.77424840  206.81771440  216.79325480  226.79461880  236.81290000  246.78983960  256.79934960  266.80906920  276.79341440  286.79679360  296.80767920
9.77777760  19.10623920  28.22468480  37.33569920  46.44475520  55.55460720  64.66598480  73.77797400  82.88944280  92.00018320  101.11082120  110.22191600  119.33338240  128.44525240  137.56842080  146.80520440  156.48983120  166.66085840  176.61612200  186.62333760  196.61700480  206.63401160  216.60514120  226.63889680  236.61365680  246.61889560  256.63309400  266.61425600  276.61977760  286.63101920  296.61858320
9.60000000  19.32813160  28.39666160  37.50361120  46.62038720  55.73590720  64.84669600  73.95518200  83.06501120  92.17711680  101.28969600  110.40095240  119.51105560  128.62158600  137.73708680  146.90427680  156.36148280  166.39810880  176.49680280  186.40322640  196.47542120  206.42287320  216.45637240  226.44405640  236.43397840  246.45837240  256.43686920  266.44112760  276.45418200  286.43886120  296.43986720
9.42222240  19.37081840  28.56424760  37.70033720  46.80589680  55.90807320  65.01795600  74.13320080  83.24710200  92.35700800  101.46555600  110.57610040  119.68878880  128.80127480  137.91315840  147.04476960  156.33907240  166.14362240  176.32671760  186.24080760  196.28287720  206.24963960  216.28543960  226.24768040  236.28173040  246.26226240  256.25915560  266.27825680  276.26091960  286.26245240  296.27553800
9.24444440  19.23952400  28.80944000  37.86167320  46.96534000  56.08955360  65.20633840  74.31291840  83.41898600  92.53066240  101.64542800  110.75800720  119.86721920  128.97619080  138.08791040  147.20868720  156.40746600  165.96678560  176.08050160  186.12187720  196.05788640  206.11331200  216.07481600  226.09219720  236.09492280  246.07520120  256.10292480  266.08443000  276.08227520  286.09862280  296.08522880
9.06666680  19.06640600  28.92722640  38.01973080  47.17096440  56.27286040  65.37092160  74.48406040  83.60274360  92.71530680  101.82206720  110.93022240  120.04305880  129.15724880  138.26872720  147.38012240  156.52667040  165.89496760  175.81459320  185.97986560  195.87069640  205.93815000  215.88618560  225.93449400  235.89313840  245.92167800  255.91107760  265.90040800  275.92316800  285.90818280  295.90457560
8.88888880  18.88888080  28.86000720  38.26988600  47.33284040  56.42899840  65.55850560  74.67495720  83.77742080  92.88342840  101.99841680  111.11441800  120.22480800  129.33198840  138.44179400  147.55607080  156.68370160  165.92407280  175.59443800  185.75923160  195.74359240  205.71845600  215.74623720  225.72832520  235.72748840  245.74581960  255.71856440  265.74540000  275.73186200  285.72377480  295.74311240
8.71111120  18.71111080  28.70705480  38.45124080  47.47685120  56.63802120  65.74045800  74.83511440  83.95133680  93.07199160  102.18187760  111.28635800  120.39607440  129.51146440  138.62543320  147.73474160  156.84764720  166.01807040  175.47495480  185.49564120  195.61927480  205.50848840  215.58840200  225.52832440  235.57949800  245.54060880  255.55957440  265.56054320  275.54341760  285.56697480  295.55511920
8.53333320  18.53333320  28.53293040  38.45575680  47.71706920  56.80777280  65.89321600  75.02597280  84.14274640  93.24204800  102.34901800  111.46699000  120.58263680  129.69025560  138.79675560  147.90875800  157.02544840  166.16219480  175.45698320  185.24308480  195.43040920  205.36591640  215.38062920  225.37621720  235.38253920  245.36452120  255.39545120  265.36341600  275.38560840  285.37956880  295.36668000
8.35555560  18.35555560  28.35552640  38.33859600  47.94494160  56.93955520  66.10188400  75.20928040  84.30033720  93.41849680  102.54045120  111.64770080  120.75101680  129.86308680  138.98016320  148.09255240  157.19999760  166.31767240  175.52186480  185.07879400  195.17969000  205.24732880  215.15572240  225.23303840  235.17572000  245.21964880  255.18988880  265.19714640  275.21031320  285.18782160  295.20892400
8.17777760  18.17777760  28.17777640  38.17497760  48.02258640  57.15845520  66.28392920  75.35834040  84.49191640  93.61043920  102.70734160  111.81522400  120.93547480  130.04997560  139.15520200  148.26224920  157.37673680  166.49537840  175.64572560  185.00966200  194.90949400  205.09069440  214.99202480  225.04068560  235.00655720  245.03634160  255.00441960  265.04220960  275.00945920  285.02452120  295.02789160
8.00000000  18.00000000  28.00000000  37.99964160  47.95512680  57.41312840  66.40949000  75.56281920  84.67898200  93.76638800  102.88505680  112.00831720  121.11348360  130.21627480  139.33067200  148.44849640  157.55877520  166.66544360  175.79163200  185.04033840  194.70509360  204.86083560  214.86836680  224.81164640  234.87187080  244.82714200  254.85573960  264.84088120  274.83576520  284.85920400  294.83306440
7.82222240  17.82222240  27.82222240  37.82218600  47.81205880  57.55841480  66.60081480  75.75879440  84.82509800  93.95646200  103.07824560  112.17336480  121.28156720  130.40354920  139.51678520  148.62022360  157.72848200  166.84515880  175.96594720  185.13691520  194.58476240  204.58850720  214.73834360  224.62455880  234.69603840  244.64039320  254.68810480  264.64744280  274.68526640  284.65686800  294.66341120
7.64444440  17.64444440  27.64444440  37.64444160  47.64260200  57.55100840  66.86251080  75.88622720  85.02155640  94.14889040  103.23331200  112.35091680  121.47580280  130.57957160  139.68199560  148.79835360  157.91632280  167.02455160  176.13175320  185.27075040  194.57572880  204.35155160  214.53447840  224.48727800  234.47353040  244.50575080  254.48109920  264.48965160  274.49293640  284.47613200  294.50597520
7.46666680  17.46666680  27.46666680  37.46666640  47.46639440  57.44011360  67.06372560  76.04940800  85.23023720  94.29407160  103.41983160  112.54606680  121.64009760  130.74779240  139.87117080  148.98341200  158.08555040  167.19520080  176.31369280  185.43793080  194.63880200  204.18349320  214.27390400  224.37380520  234.26522600  244.34518600  254.27978160  264.33624920  274.29347080  284.32485200  294.30576560
7.28888880  17.28888880  27.28888880  37.28888880  47.28885560  57.28272160  67.12159520  76.30079960  85.36772560  94.47934320  103.61820480  112.70125760  121.81614320  130.94299440  140.04609440  149.14799440  158.26586880  167.38374320  176.49027200  185.59938600  194.75646640  204.13023800  214.01480320  224.19741960  234.10862760  244.13760720  254.13666520  264.13595360  274.12358560  284.14481400  294.11851800
7.11111120  17.11111120  27.11111120  37.11111120  47.11110760  57.10992120  67.05439440  76.54159560  85.50743320  94.69689560  103.76544760  112.88239920  122.01364200  131.10752840  140.21381720  149.33837080  158.45008320  167.55121640  176.66214640  185.78230760  194.91257800  204.15444800  213.80548320  223.95937520  233.99958960  243.91432600  253.98767840  263.92543160  273.97987720  283.94216680  293.96197520
6.93333320  16.93333320  26.93333320  36.93333320  46.93333320  56.93314000  66.91738400  76.66392120  85.73570760  94.85096280  103.93775240  113.08614000  122.17033680  131.28090480  140.40986760  149.51308360  158.61414480  167.73310160  176.85091480  185.95620800  195.06880120  204.25062720  213.70570400  223.69040680  233.84807320  243.73610320  253.80002080  263.76729520  273.78996480  283.75951120  293.79507760
6.75555560  16.75555560  26.75555560  36.75555560  46.75555560  56.75552880  66.75178040  76.65003640  85.99734360  94.97582240  104.15843120  113.23891040  122.34471000  131.48064440  140.57564680  149.67967200  158.80517520  167.91691720  177.01718560  186.12914480  195.25121440  204.39148240  213.68671520  223.44883160  233.63933280  243.61965600  253.57060440  263.62414080  273.57680920  283.61908640  293.59291440
6.57777760  16.57777760  26.57777760  36.57777760  46.57777760  56.57777440  66.57701600  76.54310800  86.17719800  95.17399160  104.33264680  113.39837040  122.55207920  131.64052800  140.74545280  149.87632760  158.98052280  168.08039360  177.20001080  186.31797280  195.42256080  204.54063080  213.75547960  223.30319920  233.37310960  243.48661920  253.37211000  263.45755960  273.40035680  283.44146840  293.39887000
6.40000000  16.40000000  26.40000000  36.40000000  46.40000000  56.39999960  66.39986760  76.39031760  86.22271480  95.43786400  104.45339440  113.61557480  122.71365480  131.80744240  140.94675480  150.04440760  159.14546200  168.27158240  177.38395720  186.48341720  195.59611360  204.72082040  213.87653480  223.23807280  233.11024920  243.30951080  253.23859960  263.23150160  273.25620040  283.23239440  293.25492400
6.22222240  16.22222240  26.22222240  36.22222240  46.22222240  56.22222200  66.22220200  76.21989640  86.15579960  95.66303440  104.62067360  113.80990320  122.86246800  132.01571400  141.11162080  150.21011080  159.34225440  168.44836280  177.54675040  186.66658760  195.78501080  204.88953200  214.01578960  223.27352600  232.92269920  243.05734200  253.11494320  263.01751680  273.10815400  283.03799160  293.08917040
6.04444440  16.04444440  26.04444440  36.04444440  46.04444440  56.04444440  66.04444160  76.04395880  86.02312760  95.76929680  104.87074560  113.93731880  123.06996480  132.18850840  141.27131280  150.41173640  159.51369840  168.61134520  177.73757560  186.85119440  195.94989160  205.06305680  214.19172120  223.36989600  232.81038560  242.78529640  252.96736680  262.86083440  272.89369200  282.88623080  292.89002240
5.86666680  15.86666680  25.86666680  35.86666680  45.86666680  55.86666680  65.86666640  75.86657800  85.86074160  95.75116120  105.12532440  114.07855240  123.28081880  132.33072280  141.47713960  150.58320240  159.67524400  168.80754360  177.91651680  187.01326840  196.13283760  205.25208960  214.35738880  223.49553160  232.80731640  242.56289280  252.73782120  262.73631840  272.67160160  282.75112920  292.68134320
5.68888880  15.68888880  25.68888880  35.68888880  45.68888880  55.68888880  65.68888880  75.68887440  85.68744840  95.64709280  105.28838080  114.30331280  123.42379760  132.52380880  141.66214360  150.73695280  159.87549440  168.98332000  178.07751040  187.20313680  196.31858320  205.41661720  214.53005960  223.66471920  232.87394960  242.40468120  252.46873600  262.61226720  272.48988440  282.55375160  292.51693480
5.51111120  15.51111120  25.51111120  35.51111120  45.51111120  55.51111120  65.51111120  75.51110920  85.51080240  95.49794040  105.32521560  114.56982080  123.54806400  132.74476840  141.80305760  150.93687920  160.05469000  169.14121600  178.27214160  187.38485760  196.48002920  205.59877720  214.71925160  223.82651600  232.98146680  242.35919280  252.22114240  262.41014800  272.35486440  282.33224080  292.38722320
5.33333320  15.33333320  25.33333320  35.33333320  45.33333320  55.33333320  65.33333320  75.33333320  85.33327440  95.32968520  105.25856000  114.78063440  123.74172920  132.90884600  141.97944240  151.13333040  160.20478000  169.33812600  178.45298560  187.54415440  196.66826720  205.78604520  214.88362680  223.99729960  233.14085800  242.39120520  252.02094680  262.15499560  272.24543680  282.12787880  292.20881240
5.15555560  15.15555560  25.15555560  35.15555560  45.15555560  55.15555560  65.15555560  75.15555560  85.15554560  95.15466000  105.12924520  114.87486720  124.00343840  133.02750400  142.20247720  151.27862840  160.39582840  169.52540920  178.60833040  187.73607960  196.85321520  205.94712640  215.06443920  224.18653960  233.29746600  242.47554080  251.93102280  261.89361400  272.07130240  281.97488760  291.99634840
4.97777760  14.97777760  24.97777760  34.97777760  44.97777760  54.97777760  64.97777760  74.97777760  84.97777640  94.97758160  104.96960680  114.85365360  124.24885840  133.19029920  142.38903120  151.43887520  160.60118400  169.67489320  178.79993640  187.92233920  197.01145320  206.13300480  215.25347840  224.35097680  233.46506880  242.62145360  251.92414880  261.65798480  271.83870080  281.86967800  291.77539720
4.80000000  14.80000000  24.80000000  34.80000000  44.80000000  54.80000000  64.80000000  74.80000000  84.79999960  94.79996120  104.79774240  114.75179920  124.39841360  133.43340240  142.51354800  151.65582880  160.75596400  169.85511640  178.99469960  188.07677120  197.19948920  206.32138320  215.41464600  224.52988080  233.65402200  242.77100040  251.97997200  261.52393640  271.57556240  281.71997760  291.60049160
4.62222240  14.62222240  24.62222240  34.62222240  44.62222240  54.62222240  64.62222240  74.62222240  84.62222200  94.62221520  104.62166360  114.60564680  124.42870000  133.69776000  142.65106800  151.86206120  160.90340320  170.06535760  179.14701480  188.26142200  197.39099600  206.47953160  215.59743800  224.72076160  233.81874160  242.93380280  252.10810680  261.47504680  271.31338080  281.51526360  291.48968800
4.44444440  14.44444440  24.44444440  34.44444440  44.44444440  54.44444440  64.44444440  74.44444440  84.44444440  94.44444320  104.44431960  114.43935800  124.36227400  133.89591840  142.86635480  152.00198760  161.10746360  170.23322880  179.31591800  188.46203640  197.54655080  206.66261120  215.78913600  224.88265080  233.99519400  243.12181880  252.24812520  261.49714800  271.13811000  281.26189120  291.35878600
4.26666680  14.26666680  24.26666680  34.26666680  44.26666680  54.26666680  64.26666680  74.26666680  84.26666680  94.26666640  104.26664160  114.26526400  124.23568280  133.98070520  143.13345200  152.12376680  161.32712440  170.37336880  179.52613760  188.62050160  197.72321320  206.85859560  215.94843160  225.06171000  234.18776640  243.28701760  252.40411880  261.60269520  271.04574280  280.98403280  291.18665640
4.08888880  14.08888880  24.08888880  34.08888880  44.08888880  54.08888880  64.08888880  74.08888880  84.08888880  94.08888880  104.08888440  114.08853920  124.07843640  133.95712200  143.36937600  152.30756280  161.48854080  170.56025520  179.70856360  188.77923840  197.92713920  207.01747880  216.12577920  225.25625160  234.35116200  243.46051240  252.59013800  261.73011480  271.02955080  280.77382440  290.96016600
3.91111120  13.91111120  23.91111120  33.91111120  43.91111120  53.91111120  63.91111120  73.91111120  83.91111120  93.91111120  103.91111040  113.91103200  123.90793520  133.85706000  143.50781760  152.56274640  161.60610440  170.78494520  179.84810520  188.98442000  198.09442280  207.18598640  216.32486520  225.41809040  234.52601840  243.65437320  252.75592560  261.87686520  271.10755880  280.64059080  290.69418960
3.73333320  13.73333320  23.73333320  33.73333320  43.73333320  53.73333320  63.73333320  73.73333320  83.73333320  93.73333320  103.73333320  113.73331680  123.73245880  133.71345440  143.53292680  152.82262600  161.76034000  170.96961040  180.01676640  189.18043040  198.24571680  207.39005200  216.48916120  225.58938920  234.72254600  243.82014560  252.92602240  262.05935280  271.21919240  280.58738480  290.48929000
3.55555560  13.55555560  23.55555560  33.55555560  43.55555560  53.55555560  63.55555560  73.55555560  83.55555560  93.55555560  103.55555560  113.55555240  123.55533640  133.54895760  143.46670360  153.00970360  161.99234240  171.09433800  180.23756000  189.32607080  198.44157080  207.56769960  216.65035480  225.78967640  234.88832640  243.99060280  253.12049720  262.22574440  271.35498680  280.64356160  290.37839360
3.37777760  13.37777760  23.37777760  33.37777760  43.37777760  53.37777760  63.37777760  73.37777760  83.37777760  93.37777760  103.37777760  113.37777720  123.37772760  133.37578960  143.34239400  153.08681280  162.26101120  171.22576680  180.44286760  189.47878040  198.64790400  207.71549080  216.85117000  225.96103600  235.05384640  244.18790360  253.28952280  262.39232640  271.53477680  280.75801760  290.38908080
3.20000000  13.20000000  23.20000000  33.20000000  43.20000000  53.20000000  63.20000000  73.20000000  83.20000000  93.20000000  103.20000000  113.20000000  123.19998920  133.19945320  143.18726200  153.06132880  162.48776120  171.42802680  180.58403120  189.68787160  198.80514760  207.89919360  217.03928400  226.11675800  235.25309000  244.35884760  253.45577880  262.58713960  271.70841400  280.92379200  290.57817680
3.02222240  13.02222240  23.02222240  33.02222240  43.02222240  53.02222240  63.02222240  73.02222240  83.02222240  93.02222240  103.02222240  113.02222240  123.02222000  133.02208440  143.01805280  152.96276360  162.61686120  171.69081520  180.70274480  189.90757640  198.94699680  208.11084720  217.18814360  226.31120640  235.43244240  244.51951680  253.65249760  262.76194280  271.88662160  281.17771200  290.91160760
2.84444440  12.84444440  22.84444440  32.84444440  42.84444440  52.84444440  62.84444440  72.84444440  82.84444440  92.84444440  102.84444440  112.84444440  122.84444400  132.84441240  142.84319720  152.82136640  162.63773760  171.94512640  180.87400800  190.07086240  199.13906760  208.28304280  217.35884360  226.50834280  235.58536920  244.71540080  253.82982960  262.92895280  272.11213640  281.48840760  291.36753000
2.66666680  12.66666680  22.66666680  32.66666680  42.66666680  52.66666680  62.66666680  72.66666680  82.66666680  92.66666680  102.66666680  112.66666680  122.66666680  132.66666000  142.66632400  152.65851160  162.57169440  172.12246880  181.11855840  190.18836680  199.36461760  208.42093640  217.56994000  226.66275160  235.77110160  244.90280720  253.98823080  263.13361280  272.35295920  281.87072760  291.94848920
2.48888880  12.48888880  22.48888880  32.48888880  42.48888880  52.48888880  62.48888880  72.48888880  82.48888880  92.48888880  102.48888880  112.48888880  122.48888880  132.48888760  142.48880200  152.48625160  162.44934120  172.19317280  181.38645440  190.33248040  199.55135520  208.59402280  217.75771680  226.82174720  235.97442960  245.05632880  254.18130160  263.33947240  272.62528800  282.37527760  292.56104440
2.31111120  12.31111120  22.31111120  32.31111120  42.31111120  52.31111120  62.31111120  72.31111120  82.31111120  92.31111120  102.31111120  112.31111120  122.31111120  132.31111080  142.31109080  152.31032680  162.29610200  172.16611760  181.60458480  190.55024160  199.67853640  208.81622760  217.89906880  227.02656120  236.13807320  245.23273880  254.38219560  263.54114440  272.99882000  282.95437720  293.13372520
2.13333320  12.13333320  22.13333320  32.13333320  42.13333320  52.13333320  62.13333320  72.13333320  82.13333320  92.13333320  102.13333320  112.13333320  122.13333320  132.13333320  142.13332880  152.13311800  162.12811480  172.06883200  181.72569400  190.81748200  199.80348400  209.02341880  218.05478200  227.22776120  236.28871760  245.43997360  254.55419960  263.80938960  273.45930920  283.55719120  293.67387400
1.95555560  11.95555560  21.95555560  31.95555560  41.95555560  51.95555560  61.95555560  71.95555560  81.95555560  91.95555560  101.95555560  111.95555560  121.95555560  131.95555560  141.95555480  151.95550080  161.95388560  171.92938000  181.74302120  191.06577840  199.99065600  209.16872880  218.26551640  227.37914880  236.48298280  245.61903280  254.75215840  264.15422400  273.97799880  284.18034520  294.16148440
1.77777760  11.77777760  21.77777760  31.77777760  41.77777760  51.77777760  61.77777760  71.77777760  81.77777760  91.77777760  101.77777760  111.77777760  121.77777760  131.77777760  141.77777760  151.77776480  161.77728400  171.76803840  181.67713960  191.23451160  200.24442920  209.28507720  218.48661960  227.52229080  236.69396840  245.77545000  255.01821160  264.54500240  274.58207800  284.75864200  294.61897160
1.60000000  11.60000000  21.60000000  31.60000000  41.60000000  51.60000000  61.60000000  71.60000000  81.60000000  91.60000000  101.60000000  111.60000000  121.60000000  131.60000000  141.60000000  151.59999720  161.59986440  171.59666200  181.55649440  191.29976360  200.51010760  209.44285440  218.65478080  227.71607880  236.86229120  245.97742680  255.31740800  265.02328520  275.23131240  285.23871520  295.14518760
1.42222240  11.42222240  21.42222240  31.42222240  41.42222240  51.42222240  61.42222240  71.42222240  81.42222240  91.42222240  101.42222240  111.42222240  121.42222240  131.42222240  141.42222240  151.42222160  161.42218760  171.42116400  181.40496600  191.27137840  200.72023160  209.67331440  218.77381840  227.94284520  237.00567120  246.23475920  255.65072480  265.62347600  275.81485240  285.69898720  295.74036200
1.24444440  11.24444440  21.24444440  31.24444440  41.24444440  51.24444440  61.24444440  71.24444440  81.24444440  91.24444440  101.24444440  111.24444440  121.24444440  131.24444440  141.24444440  151.24444440  161.24443640  171.24413320  181.23813560  191.17520640  200.83440600  209.94278760  218.90797760  228.13558640  237.19403880  246.50126000  256.09309040  266.26666640  276.31246680  286.22417520  296.30332440
1.06666680  11.06666680  21.06666680  31.06666680  41.06666680  51.06666680  61.06666680  71.06666680  81.06666680  91.06666680  101.06666680  111.06666680  121.06666680  131.06666680  141.06666680  151.06666680  161.06666480  171.06658120  181.06453160  191.03749040  200.84869840  210.18497720  219.10962960  228.27093120  237.44685080  246.78699200  256.66985800  266.85453320  276.79770520  286.78810800  296.81237320
0.88888880  10.88888880  20.88888880  30.88888880  40.88888880  50.88888880  60.88888880  70.88888880  80.88888880  90.88888880  100.88888880  110.88888880  120.88888880  130.88888880  140.88888880  150.88888880  160.88888840  170.88886720  180.88821760  190.87755000  200.78296360  210.34607760  219.37077400  228.39926120  237.71890960  247.17390680  257.29990840  267.38329120  277.30763960  287.34423760  297.32298880
0.71111120  10.71111120  20.71111120  30.71111120  40.71111120  50.71111120  60.71111120  70.71111120  80.71111120  90.71111120  100.71111120  110.71111120  120.71111120  130.71111120  140.71111120  150.71111120  160.71111120  170.71110600  180.71091440  190.70703040  200.66383400  210.40673480  219.63542160  228.59090040  237.98293920  247.70982400  257.89423320  267.89430600  277.83397080  287.88962440  297.85286640
0.53333320  10.53333320  20.53333320  30.53333320  40.53333320  50.53333320  60.53333320  70.53333320  80.53333320  90.53333320  100.53333320  110.53333320  120.53333320  130.53333320  140.53333320  150.53333320  160.53333320  170.53333200  180.53327960  190.53196840  200.51388200  210.37759040  219.84354560  228.87465440  238.28566680  248.34113600  258.43972880  268.39746480  278.38514440  288.41612800  298.39227840
0.35555560  10.35555560  20.35555560  30.35555560  40.35555560  50.35555560  60.35555560  70.35555560  80.35555560  90.35555560  100.35555560  110.35555560  120.35555560  130.35555560  140.35555560  150.35555560  160.35555560  170.35555520  180.35554160  190.35513160  200.34820400  210.28354480  219.96470800  229.22824920  238.71076800  248.96368600  258.96586760  268.89790520  278.95803520  288.91882560  298.94114080
0.17777760  10.17777760  20.17777760  30.17777760  40.17777760  50.17777760  60.17777760  70.17777760  80.17777760  90.17777760  100.17777760  110.17777760  120.17777760  130.17777760  140.17777760  150.17777760  160.17777760  170.17777760  180.17777440  190.17766200  200.17541160  210.15055000  220.00560600  229.61163880  239.29825200  249.51285680  259.48625720  269.42797200  279.50442600  289.43770560  299.48258560
0E-8  10.00000000  20.00000000  30.00000000  40.00000000  50.00000000  60.00000000  70.00000000  80.00000000  90.00000000  100.00000000  110.00000000  120.00000000  130.00000000  140.00000000  150.00000000  160.00000000  170.00000000  180.00000000  190.00000000  200.00000000  210.00000000  220.00000000  230.00000000  240.00000000  250.00000000  260.00000000  270.00000000  280.00000000  290.00000000  300.00000000
