0E-8  1.00000000  2.00000000  3.00000000  4.00000000  5.00000000  6.00000000
0.00666668  1.00666668  2.00666668  3.00666668  4.00666668  5.00666668  6.00666668
0.01333332  1.01333332  2.01333332  3.01333332  4.01333332  5.01333332  6.01333332
0.02000000  1.02000000  2.02000000  3.02000000  4.02000000  5.02000000  6.02000000
0.02666668  1.02666668  2.02666668  3.02666668  4.02666668  5.02666668  6.02666668
0.03333332  1.03333332  2.03333332  3.03333332  4.03333332  5.03333332  6.03333332
0.04000000  1.04000000  2.04000000  3.04000000  4.04000000  5.04000000  6.04000000
0.04666668  1.04666668  2.04666668  3.04666668  4.04666668  5.04666668  6.04666668
0.05333332  1.05333332  2.05333332  3.05333332  4.05333332  5.05333332  6.05333332
0.06000000  1.06000000  2.06000000  3.06000000  4.06000000  5.06000000  6.06000000
0.06666668  1.06666668  2.06666668  3.06666668  4.06666668  5.06666668  6.06666668
0.07333332  1.07333332  2.07333332  3.07333332  4.07333332  5.07333332  6.07333332
0.08000000  1.08000000  2.08000000  3.08000000  4.08000000  5.08000000  6.08000000
0.08666668  1.08666668  2.08666668  3.08666668  4.08666668  5.08666668  6.08666668
0.09333332  1.09333332  2.09333332  3.09333332  4.09333332  5.09333332  6.09333332
0.10000000  1.10000000  2.10000000  3.10000000  4.10000000  5.10000000  6.10000000
0.10666668  1.10666668  2.10666668  3.10666668  4.10666668  5.10666668  6.10666668
0.11333332  1.11333332  2.11333332  3.11333332  4.11333332  5.11333332  6.11333332
0.12000000  1.12000000  2.12000000  3.12000000  4.12000000  5.12000000  6.12000000
0.12666668  1.12666668  2.12666668  3.12666668  4.12666668  5.12666668  6.12666668
0.13333332  1.13333332  2.13333332  3.13333332  4.13333332  5.13333332  6.13333332
0.14000000  1.14000000  2.14000000  3.14000000  4.14000000  5.14000000  6.14000000
0.14666668  1.14666668  2.14666668  3.14666668  4.14666668  5.14666668  6.14666668
0.15333332  1.15333332  2.15333332  3.15333332  4.15333332  5.15333332  6.15333332
0.16000000  1.16000000  2.16000000  3.16000000  4.16000000  5.16000000  6.16000000
0.16666668  1.16666668  2.16666668  3.16666668  4.16666668  5.16666668  6.16666668
0.17333332  1.17333332  2.17333332  3.17333332  4.17333332  5.17333332  6.17333332
0.18000000  1.18000000  2.18000000  3.18000000  4.18000000  5.18000000  6.18000000
0.18666668  1.18666668  2.18666668  3.18666668  4.18666668  5.18666668  6.18666668
0.19333332  1.19333332  2.19333332  3.19333332  4.19333332  5.19333332  6.19333332
0.20000000  1.20000000  2.20000000  3.20000000  4.20000000  5.20000000  6.20000000
0.20666668  1.20666668  2.20666668  3.20666668  4.20666668  5.20666668  6.20666668
0.21333332  1.21333332  2.21333332  3.21333332  4.21333332  5.21333332  6.21333332
0.22000000  1.22000000  2.22000000  3.22000000  4.22000000  5.22000000  6.22000000
0.22666668  1.22666668  2.22666668  3.22666668  4.22666668  5.22666668  6.22666668
0.23333332  1.23333332  2.23333332  3.23333332  4.23333332  5.23333332  6.23333332
0.24000000  1.24000000  2.24000000  3.24000000  4.24000000  5.24000000  6.24000000
0.24666668  1.24666668  2.24666668  3.24666668  4.24666668  5.24666668  6.24666668
0.25333332  1.25333332  2.25333332  3.25333332  4.25333332  5.25333332  6.25333332
0.26000000  1.26000000  2.26000000  3.26000000  4.26000000  5.26000000  6.26000000
0.26666668  1.26666668  2.26666668  3.26666668  4.26666668  5.26666668  6.26666668
0.27333332  1.27333332  2.27333332  3.27333332  4.27333332  5.27333332  6.27333332
0.28000000  1.28000000  2.28000000  3.28000000  4.28000000  5.28000000  6.28000000
0.28666668  1.28666668  2.28666668  3.28666668  4.28666668  5.28666668  6.28666668
0.29333332  1.29333332  2.29333332  3.29333332  4.29333332  5.29333332  6.29333332
0.30000000  1.30000000  2.30000000  3.30000000  4.30000000  5.30000000  6.30000000
0.30666668  1.30666668  2.30666668  3.30666668  4.30666668  5.30666668  6.30666668
0.31333332  1.31333332  2.31333332  3.31333332  4.31333332  5.31333332  6.31333332
0.32000000  1.32000000  2.32000000  3.32000000  4.32000000  5.32000000  6.32000000
0.32666668  1.32666668  2.32666668  3.32666668  4.32666668  5.32666668  6.32666668
0.33333332  1.33333332  2.33333332  3.33333332  4.33333332  5.33333332  6.33333332
0.34000000  1.34000000  2.34000000  3.34000000  4.34000000  5.34000000  6.34000000
0.34666668  1.34666668  2.34666668  3.34666668  4.34666668  5.34666668  6.34666668
0.35333332  1.35333332  2.35333332  3.35333332  4.35333332  5.35333332  6.35333332
0.36000000  1.36000000  2.36000000  3.36000000  4.36000000  5.36000000  6.36000000
0.36666668  1.36666668  2.36666668  3.36666668  4.36666668  5.36666668  6.36666668
0.37333332  1.37333332  2.37333332  3.37333332  4.37333332  5.37333332  6.37333332
0.38000000  1.38000000  2.38000000  3.38000000  4.38000000  5.38000000  6.38000000
0.38666668  1.38666668  2.38666668  3.38666668  4.38666668  5.38666668  6.38666668
0.39333332  1.39333332  2.39333332  3.39333332  4.39333332  5.39333332  6.39333332
0.40000000  1.40000000  2.40000000  3.40000000  4.40000000  5.40000000  6.40000000
0.40666668  1.40666668  2.40666668  3.40666668  4.40666668  5.40666668  6.40666668
0.41333332  1.41333332  2.41333332  3.41333332  4.41333332  5.41333332  6.41333332
0.42000000  1.42000000  2.42000000  3.42000000  4.42000000  5.42000000  6.42000000
0.42666668  1.42666668  2.42666668  3.42666668  4.42666668  5.42666668  6.42666668
0.43333332  1.43333332  2.43333332  3.43333332  4.43333332  5.43333332  6.43333332
0.44000000  1.44000000  2.44000000  3.44000000  4.44000000  5.44000000  6.44000000
0.44666668  1.44666668  2.44666668  3.44666668  4.44666668  5.44666668  6.44666668
0.45333332  1.45333332  2.45333332  3.45333332  4.45333332  5.45333332  6.45333332
0.46000000  1.46000000  2.46000000  3.46000000  4.46000000  5.46000000  6.46000000
0.46666668  1.46666668  2.46666668  3.46666668  4.46666668  5.46666668  6.46666668
0.47333332  1.47333332  2.47333332  3.47333332  4.47333332  5.47333332  6.47333332
0.48000000  1.48000000  2.48000000  3.48000000  4.48000000  5.48000000  6.48000000
0.48666668  1.48666668  2.48666668  3.48666668  4.48666668  5.48666668  6.48666668
0.49333332  1.49333332  2.49333332  3.49333332  4.49333332  5.49333332  6.49333332
0.50000000  1.50000000  2.50000000  3.50000000  4.50000000  5.50000000  6.50000000
0.50666668  1.50666668  2.50666668  3.50666668  4.50666668  5.50666668  6.50666668
0.51333332  1.51333332  2.51333332  3.51333332  4.51333332  5.51333332  6.51333332
0.52000000  1.52000000  2.52000000  3.52000000  4.52000000  5.52000000  6.52000000
0.52666668  1.52666668  2.52666668  3.52666668  4.52666668  5.52666668  6.52666668
0.53333332  1.53333332  2.53333332  3.53333332  4.53333332  5.53333332  6.53333332
0.54000000  1.54000000  2.54000000  3.54000000  4.54000000  5.54000000  6.54000000
0.54666668  1.54666668  2.54666668  3.54666668  4.54666668  5.54666668  6.54666668
0.55333332  1.55333332  2.55333332  3.55333332  4.55333332  5.55333332  6.55333332
0.56000000  1.56000000  2.56000000  3.56000000  4.56000000  5.56000000  6.56000000
0.56666668  1.56666668  2.56666668  3.56666668  4.56666668  5.56666668  6.56666668
0.57333332  1.57333332  2.57333332  3.57333332  4.57333332  5.57333332  6.57333332
0.58000000  1.58000000  2.58000000  3.58000000  4.58000000  5.58000000  6.58000000
0.58666668  1.58666668  2.58666668  3.58666668  4.58666668  5.58666668  6.58666668
0.59333332  1.59333332  2.59333332  3.59333332  4.59333332  5.59333332  6.59333332
0.60000000  1.60000000  2.60000000  3.60000000  4.60000000  5.60000000  6.60000000
0.60666668  1.60666668  2.60666668  3.60666668  4.60666668  5.60666668  6.60666668
0.61333332  1.61333332  2.61333332  3.61333332  4.61333332  5.61333332  6.61333332
0.62000000  1.62000000  2.62000000  3.62000000  4.62000000  5.62000000  6.62000000
0.62666668  1.62666668  2.62666668  3.62666668  4.62666668  5.62666668  6.62666668
0.63333332  1.63333332  2.63333332  3.63333332  4.63333332  5.63333332  6.63333332
0.64000000  1.64000000  2.64000000  3.64000000  4.64000000  5.64000000  6.64000000
0.64666668  1.64666668  2.64666668  3.64666668  4.64666668  5.64666668  6.64666668
0.65333332  1.65333332  2.65333332  3.65333332  4.65333332  5.65333332  6.65333332
0.66000000  1.66000000  2.66000000  3.66000000  4.66000000  5.66000000  6.66000000
0.66666668  1.66666668  2.66666668  3.66666668  4.66666668  5.66666668  6.66666668
0.67333332  1.67333332  2.67333332  3.67333332  4.67333332  5.67333332  6.67333332
0.68000000  1.68000000  2.68000000  3.68000000  4.68000000  5.68000000  6.68000000
0.68666668  1.68666668  2.68666668  3.68666668  4.68666668  5.68666668  6.68666668
0.69333332  1.69333332  2.69333332  3.69333332  4.69333332  5.69333332  6.69333332
0.70000000  1.70000000  2.70000000  3.70000000  4.70000000  5.70000000  6.70000000
0.70666668  1.70666668  2.70666668  3.70666668  4.70666668  5.70666668  6.70666668
0.71333332  1.71333332  2.71333332  3.71333332  4.71333332  5.71333332  6.71333332
0.72000000  1.72000000  2.72000000  3.72000000  4.72000000  5.72000000  6.72000000
0.72666668  1.72666668  2.72666668  3.72666668  4.72666668  5.72666668  6.72666668
0.73333332  1.73333332  2.73333332  3.73333332  4.73333332  5.73333332  6.73333332
0.74000000  1.74000000  2.74000000  3.74000000  4.74000000  5.74000000  6.74000000
0.74666668  1.74666668  2.74666668  3.74666668  4.74666668  5.74666668  6.74666668
0.75333332  1.75333332  2.75333332  3.75333332  4.75333332  5.75333332  6.75333332
0.76000000  1.76000000  2.76000000  3.76000000  4.76000000  5.76000000  6.76000000
0.76666668  1.76666668  2.76666668  3.76666668  4.76666668  5.76666668  6.76666668
0.77333332  1.77333332  2.77333332  3.77333332  4.77333332  5.77333332  6.77333332
0.78000000  1.78000000  2.78000000  3.78000000  4.78000000  5.78000000  6.78000000
0.78666668  1.78666668  2.78666668  3.78666668  4.78666668  5.78666668  6.78666668
0.79333332  1.79333332  2.79333332  3.79333332  4.79333332  5.79333332  6.79333332
0.80000000  1.80000000  2.80000000  3.80000000  4.80000000  5.80000000  6.80000000
0.80666668  1.80666668  2.80666668  3.80666668  4.80666668  5.80666668  6.80666668
0.81333332  1.81333332  2.81333332  3.81333332  4.81333332  5.81333332  6.81333332
0.82000000  1.82000000  2.82000000  3.82000000  4.82000000  5.82000000  6.82000000
0.82666668  1.82666668  2.82666668  3.82666668  4.82666668  5.82666668  6.82666668
0.83333332  1.83333332  2.83333332  3.83333332  4.83333332  5.83333332  6.83333332
0.84000000  1.84000000  2.84000000  3.84000000  4.84000000  5.84000000  6.84000000
0.84666668  1.84666668  2.84666668  3.84666668  4.84666668  5.84666668  6.84666668
0.85333332  1.85333332  2.85333332  3.85333332  4.85333332  5.85333332  6.85333332
0.86000000  1.86000000  2.86000000  3.86000000  4.86000000  5.86000000  6.86000000
0.86666668  1.86666668  2.86666668  3.86666668  4.86666668  5.86666668  6.86666668
0.87333332  1.87333332  2.87333332  3.87333332  4.87333332  5.87333332  6.87333332
0.88000000  1.88000000  2.88000000  3.88000000  4.88000000  5.88000000  6.88000000
0.88666668  1.88666668  2.88666668  3.88666668  4.88666668  5.88666668  6.88666668
0.89333332  1.89333332  2.89333332  3.89333332  4.89333332  5.89333332  6.89333332
0.90000000  1.90000000  2.90000000  3.90000000  4.90000000  5.90000000  6.90000000
0.90666668  1.90666668  2.90666668  3.90666668  4.90666668  5.90666668  6.90666668
0.91333332  1.91333332  2.91333332  3.91333332  4.91333332  5.91333332  6.91333332
0.92000000  1.92000000  2.92000000  3.92000000  4.92000000  5.92000000  6.92000000
0.92666668  1.92666668  2.92666668  3.92666668  4.92666668  5.92666668  6.92666668
0.93333332  1.93333332  2.93333332  3.93333332  4.93333332  5.93333332  6.93333332
0.94000000  1.94000000  2.94000000  3.94000000  4.94000000  5.94000000  6.94000000
0.94666668  1.94666668  2.94666668  3.94666668  4.94666668  5.94666668  6.94666668
0.95333332  1.95333332  2.95333332  3.95333332  4.95333332  5.95333332  6.95333332
0.96000000  1.96000000  2.96000000  3.96000000  4.96000000  5.96000000  6.96000000
0.96666668  1.96666668  2.96666668  3.96666668  4.96666668  5.96666668  6.96666668
0.97333332  1.97333332  2.97333332  3.97333332  4.97333332  5.97333332  -4.40444444
0.98000000  1.98000000  2.98000000  3.98000000  4.98000000  3.13555556  74.67777776
0.98666668  1.98666668  2.98666668  3.98666668  4.27555556  18.64444444  -190.98666668
0.99333332  1.99333332  2.99333332  3.81555556  7.09111112  -21.84666668  370.54888888
1.00000000  2.00000000  2.95555556  4.25777776  1.85333332  42.99555556  -450.44888888
0.99555556  1.99555556  3.00444444  3.77333332  7.50222224  -25.80888888  412.00000000
0.99333332  1.99333332  2.99333332  4.02888888  3.89111112  23.16666668  -243.21111112
0.99111112  1.99111112  2.99111112  3.99111112  5.13333332  0.72888888  109.39111112
0.98888888  1.98888888  2.98888888  3.98888888  4.98888888  6.55777776  -17.47333332
0.98666668  1.98666668  2.98666668  3.98666668  4.98666668  5.98666668  9.26222224
0.98444444  1.98444444  2.98444444  3.98444444  4.98444444  5.98444444  6.98444444
0.98222224  1.98222224  2.98222224  3.98222224  4.98222224  5.98222224  6.98222224
0.98000000  1.98000000  2.98000000  3.98000000  4.98000000  5.98000000  6.98000000
0.97777776  1.97777776  2.97777776  3.97777776  4.97777776  5.97777776  6.97777776
0.97555556  1.97555556  2.97555556  3.97555556  4.97555556  5.97555556  6.97555556
0.97333332  1.97333332  2.97333332  3.97333332  4.97333332  5.97333332  6.97333332
0.97111112  1.97111112  2.97111112  3.97111112  4.97111112  5.97111112  6.97111112
0.96888888  1.96888888  2.96888888  3.96888888  4.96888888  5.96888888  6.96888888
0.96666668  1.96666668  2.96666668  3.96666668  4.96666668  5.96666668  6.96666668
0.96444444  1.96444444  2.96444444  3.96444444  4.96444444  5.96444444  6.96444444
0.96222224  1.96222224  2.96222224  3.96222224  4.96222224  5.96222224  6.96222224
0.96000000  1.96000000  2.96000000  3.96000000  4.96000000  5.96000000  6.96000000
0.95777776  1.95777776  2.95777776  3.95777776  4.95777776  5.95777776  6.95777776
0.95555556  1.95555556  2.95555556  3.95555556  4.95555556  5.95555556  6.95555556
0.95333332  1.95333332  2.95333332  3.95333332  4.95333332  5.95333332  6.95333332
0.95111112  1.95111112  2.95111112  3.95111112  4.95111112  5.95111112  6.95111112
0.94888888  1.94888888  2.94888888  3.94888888  4.94888888  5.94888888  6.94888888
0.94666668  1.94666668  2.94666668  3.94666668  4.94666668  5.94666668  6.94666668
0.94444444  1.94444444  2.94444444  3.94444444  4.94444444  5.94444444  6.94444444
0.94222224  1.94222224  2.94222224  3.94222224  4.94222224  5.94222224  6.94222224
0.94000000  1.94000000  2.94000000  3.94000000  4.94000000  5.94000000  6.94000000
0.93777776  1.93777776  2.93777776  3.93777776  4.93777776  5.93777776  6.93777776
0.93555556  1.93555556  2.93555556  3.93555556  4.93555556  5.93555556  6.93555556
0.93333332  1.93333332  2.93333332  3.93333332  4.93333332  5.93333332  6.93333332
0.93111112  1.93111112  2.93111112  3.93111112  4.93111112  5.93111112  6.93111112
0.92888888  1.92888888  2.92888888  3.92888888  4.92888888  5.92888888  6.92888888
0.92666668  1.92666668  2.92666668  3.92666668  4.92666668  5.92666668  6.92666668
0.92444444  1.92444444  2.92444444  3.92444444  4.92444444  5.92444444  6.92444444
0.92222224  1.92222224  2.92222224  3.92222224  4.92222224  5.92222224  6.92222224
0.92000000  1.92000000  2.92000000  3.92000000  4.92000000  5.92000000  6.92000000
0.91777776  1.91777776  2.91777776  3.91777776  4.91777776  5.91777776  6.91777776
0.91555556  1.91555556  2.91555556  3.91555556  4.91555556  5.91555556  6.91555556
0.91333332  1.91333332  2.91333332  3.91333332  4.91333332  5.91333332  6.91333332
0.91111112  1.91111112  2.91111112  3.91111112  4.91111112  5.91111112  6.91111112
0.90888888  1.90888888  2.90888888  3.90888888  4.90888888  5.90888888  6.90888888
0.90666668  1.90666668  2.90666668  3.90666668  4.90666668  5.90666668  6.90666668
0.90444444  1.90444444  2.90444444  3.90444444  4.90444444  5.90444444  6.90444444
0.90222224  1.90222224  2.90222224  3.90222224  4.90222224  5.90222224  6.90222224
0.90000000  1.90000000  2.90000000  3.90000000  4.90000000  5.90000000  6.90000000
0.89777776  1.89777776  2.89777776  3.89777776  4.89777776  5.89777776  6.89777776
0.89555556  1.89555556  2.89555556  3.89555556  4.89555556  5.89555556  6.89555556
0.89333332  1.89333332  2.89333332  3.89333332  4.89333332  5.89333332  6.89333332
0.89111112  1.89111112  2.89111112  3.89111112  4.89111112  5.89111112  6.89111112
0.88888888  1.88888888  2.88888888  3.88888888  4.88888888  5.88888888  6.88888888
0.88666668  1.88666668  2.88666668  3.88666668  4.88666668  5.88666668  6.88666668
0.88444444  1.88444444  2.88444444  3.88444444  4.88444444  5.88444444  6.88444444
0.88222224  1.88222224  2.88222224  3.88222224  4.88222224  5.88222224  6.88222224
0.88000000  1.88000000  2.88000000  3.88000000  4.88000000  5.88000000  6.88000000
0.87777776  1.87777776  2.87777776  3.87777776  4.87777776  5.87777776  6.87777776
0.87555556  1.87555556  2.87555556  3.87555556  4.87555556  5.87555556  6.87555556
0.87333332  1.87333332  2.87333332  3.87333332  4.87333332  5.87333332  6.87333332
0.87111112  1.87111112  2.87111112  3.87111112  4.87111112  5.87111112  6.87111112
0.86888888  1.86888888  2.86888888  3.86888888  4.86888888  5.86888888  6.86888888
0.86666668  1.86666668  2.86666668  3.86666668  4.86666668  5.86666668  6.86666668
0.86444444  1.86444444  2.86444444  3.86444444  4.86444444  5.86444444  6.86444444
0.86222224  1.86222224  2.86222224  3.86222224  4.86222224  5.86222224  6.86222224
0.86000000  1.86000000  2.86000000  3.86000000  4.86000000  5.86000000  6.86000000
0.85777776  1.85777776  2.85777776  3.85777776  4.85777776  5.85777776  6.85777776
0.85555556  1.85555556  2.85555556  3.85555556  4.85555556  5.85555556  6.85555556
0.85333332  1.85333332  2.85333332  3.85333332  4.85333332  5.85333332  6.85333332
0.85111112  1.85111112  2.85111112  3.85111112  4.85111112  5.85111112  6.85111112
0.84888888  1.84888888  2.84888888  3.84888888  4.84888888  5.84888888  6.84888888
0.84666668  1.84666668  2.84666668  3.84666668  4.84666668  5.84666668  6.84666668
0.84444444  1.84444444  2.84444444  3.84444444  4.84444444  5.84444444  6.84444444
0.84222224  1.84222224  2.84222224  3.84222224  4.84222224  5.84222224  6.84222224
0.84000000  1.84000000  2.84000000  3.84000000  4.84000000  5.84000000  6.84000000
0.83777776  1.83777776  2.83777776  3.83777776  4.83777776  5.83777776  6.83777776
0.83555556  1.83555556  2.83555556  3.83555556  4.83555556  5.83555556  6.83555556
0.83333332  1.83333332  2.83333332  3.83333332  4.83333332  5.83333332  6.83333332
0.83111112  1.83111112  2.83111112  3.83111112  4.83111112  5.83111112  6.83111112
0.82888888  1.82888888  2.82888888  3.82888888  4.82888888  5.82888888  6.82888888
0.82666668  1.82666668  2.82666668  3.82666668  4.82666668  5.82666668  6.82666668
0.82444444  1.82444444  2.82444444  3.82444444  4.82444444  5.82444444  6.82444444
0.82222224  1.82222224  2.82222224  3.82222224  4.82222224  5.82222224  6.82222224
0.82000000  1.82000000  2.82000000  3.82000000  4.82000000  5.82000000  6.82000000
0.81777776  1.81777776  2.81777776  3.81777776  4.81777776  5.81777776  6.81777776
0.81555556  1.81555556  2.81555556  3.81555556  4.81555556  5.81555556  6.81555556
0.81333332  1.81333332  2.81333332  3.81333332  4.81333332  5.81333332  6.81333332
0.81111112  1.81111112  2.81111112  3.81111112  4.81111112  5.81111112  6.81111112
0.80888888  1.80888888  2.80888888  3.80888888  4.80888888  5.80888888  6.80888888
0.80666668  1.80666668  2.80666668  3.80666668  4.80666668  5.80666668  6.80666668
0.80444444  1.80444444  2.80444444  3.80444444  4.80444444  5.80444444  6.80444444
0.80222224  1.80222224  2.80222224  3.80222224  4.80222224  5.80222224  6.80222224
0.80000000  1.80000000  2.80000000  3.80000000  4.80000000  5.80000000  6.80000000
0.79777776  1.79777776  2.79777776  3.79777776  4.79777776  5.79777776  6.79777776
0.79555556  1.79555556  2.79555556  3.79555556  4.79555556  5.79555556  6.79555556
0.79333332  1.79333332  2.79333332  3.79333332  4.79333332  5.79333332  6.79333332
0.79111112  1.79111112  2.79111112  3.79111112  4.79111112  5.79111112  6.79111112
0.78888888  1.78888888  2.78888888  3.78888888  4.78888888  5.78888888  6.78888888
0.78666668  1.78666668  2.78666668  3.78666668  4.78666668  5.78666668  6.78666668
0.78444444  1.78444444  2.78444444  3.78444444  4.78444444  5.78444444  6.78444444
0.78222224  1.78222224  2.78222224  3.78222224  4.78222224  5.78222224  6.78222224
0.78000000  1.78000000  2.78000000  3.78000000  4.78000000  5.78000000  6.78000000
0.77777776  1.77777776  2.77777776  3.77777776  4.77777776  5.77777776  6.77777776
0.77555556  1.77555556  2.77555556  3.77555556  4.77555556  5.77555556  6.77555556
0.77333332  1.77333332  2.77333332  3.77333332  4.77333332  5.77333332  6.77333332
0.77111112  1.77111112  2.77111112  3.77111112  4.77111112  5.77111112  6.77111112
0.76888888  1.76888888  2.76888888  3.76888888  4.76888888  5.76888888  6.76888888
0.76666668  1.76666668  2.76666668  3.76666668  4.76666668  5.76666668  6.76666668
0.76444444  1.76444444  2.76444444  3.76444444  4.76444444  5.76444444  6.76444444
0.76222224  1.76222224  2.76222224  3.76222224  4.76222224  5.76222224  6.76222224
0.76000000  1.76000000  2.76000000  3.76000000  4.76000000  5.76000000  6.76000000
0.75777776  1.75777776  2.75777776  3.75777776  4.75777776  5.75777776  6.75777776
0.75555556  1.75555556  2.75555556  3.75555556  4.75555556  5.75555556  6.75555556
0.75333332  1.75333332  2.75333332  3.75333332  4.75333332  5.75333332  6.75333332
0.75111112  1.75111112  2.75111112  3.75111112  4.75111112  5.75111112  6.75111112
0.74888888  1.74888888  2.74888888  3.74888888  4.74888888  5.74888888  6.74888888
0.74666668  1.74666668  2.74666668  3.74666668  4.74666668  5.74666668  6.74666668
0.74444444  1.74444444  2.74444444  3.74444444  4.74444444  5.74444444  6.74444444
0.74222224  1.74222224  2.74222224  3.74222224  4.74222224  5.74222224  6.74222224
0.74000000  1.74000000  2.74000000  3.74000000  4.74000000  5.74000000  6.74000000
0.73777776  1.73777776  2.73777776  3.73777776  4.73777776  5.73777776  6.73777776
0.73555556  1.73555556  2.73555556  3.73555556  4.73555556  5.73555556  6.73555556
0.73333332  1.73333332  2.73333332  3.73333332  4.73333332  5.73333332  6.73333332
0.73111112  1.73111112  2.73111112  3.73111112  4.73111112  5.73111112  6.73111112
0.72888888  1.72888888  2.72888888  3.72888888  4.72888888  5.72888888  6.72888888
0.72666668  1.72666668  2.72666668  3.72666668  4.72666668  5.72666668  6.72666668
0.72444444  1.72444444  2.72444444  3.72444444  4.72444444  5.72444444  6.72444444
0.72222224  1.72222224  2.72222224  3.72222224  4.72222224  5.72222224  6.72222224
0.72000000  1.72000000  2.72000000  3.72000000  4.72000000  5.72000000  6.72000000
0.71777776  1.71777776  2.71777776  3.71777776  4.71777776  5.71777776  6.71777776
0.71555556  1.71555556  2.71555556  3.71555556  4.71555556  5.71555556  6.71555556
0.71333332  1.71333332  2.71333332  3.71333332  4.71333332  5.71333332  6.71333332
0.71111112  1.71111112  2.71111112  3.71111112  4.71111112  5.71111112  6.71111112
0.70888888  1.70888888  2.70888888  3.70888888  4.70888888  5.70888888  6.70888888
0.70666668  1.70666668  2.70666668  3.70666668  4.70666668  5.70666668  6.70666668
0.70444444  1.70444444  2.70444444  3.70444444  4.70444444  5.70444444  6.70444444
0.70222224  1.70222224  2.70222224  3.70222224  4.70222224  5.70222224  6.70222224
0.70000000  1.70000000  2.70000000  3.70000000  4.70000000  5.70000000  6.70000000
0.69777776  1.69777776  2.69777776  3.69777776  4.69777776  5.69777776  6.69777776
0.69555556  1.69555556  2.69555556  3.69555556  4.69555556  5.69555556  6.69555556
0.69333332  1.69333332  2.69333332  3.69333332  4.69333332  5.69333332  6.69333332
0.69111112  1.69111112  2.69111112  3.69111112  4.69111112  5.69111112  6.69111112
0.68888888  1.68888888  2.68888888  3.68888888  4.68888888  5.68888888  6.68888888
0.68666668  1.68666668  2.68666668  3.68666668  4.68666668  5.68666668  6.68666668
0.68444444  1.68444444  2.68444444  3.68444444  4.68444444  5.68444444  6.68444444
0.68222224  1.68222224  2.68222224  3.68222224  4.68222224  5.68222224  6.68222224
0.68000000  1.68000000  2.68000000  3.68000000  4.68000000  5.68000000  6.68000000
0.67777776  1.67777776  2.67777776  3.67777776  4.67777776  5.67777776  6.67777776
0.67555556  1.67555556  2.67555556  3.67555556  4.67555556  5.67555556  6.67555556
0.67333332  1.67333332  2.67333332  3.67333332  4.67333332  5.67333332  6.67333332
0.67111112  1.67111112  2.67111112  3.67111112  4.67111112  5.67111112  6.67111112
0.66888888  1.66888888  2.66888888  3.66888888  4.66888888  5.66888888  6.66888888
0.66666668  1.66666668  2.66666668  3.66666668  4.66666668  5.66666668  6.66666668
0.66444444  1.66444444  2.66444444  3.66444444  4.66444444  5.66444444  6.66444444
0.66222224  1.66222224  2.66222224  3.66222224  4.66222224  5.66222224  6.66222224
0.66000000  1.66000000  2.66000000  3.66000000  4.66000000  5.66000000  6.66000000
0.65777776  1.65777776  2.65777776  3.65777776  4.65777776  5.65777776  6.65777776
0.65555556  1.65555556  2.65555556  3.65555556  4.65555556  5.65555556  6.65555556
0.65333332  1.65333332  2.65333332  3.65333332  4.65333332  5.65333332  6.65333332
0.65111112  1.65111112  2.65111112  3.65111112  4.65111112  5.65111112  6.65111112
0.64888888  1.64888888  2.64888888  3.64888888  4.64888888  5.64888888  6.64888888
0.64666668  1.64666668  2.64666668  3.64666668  4.64666668  5.64666668  6.64666668
0.64444444  1.64444444  2.64444444  3.64444444  4.64444444  5.64444444  6.64444444
0.64222224  1.64222224  2.64222224  3.64222224  4.64222224  5.64222224  6.64222224
0.64000000  1.64000000  2.64000000  3.64000000  4.64000000  5.64000000  6.64000000
0.63777776  1.63777776  2.63777776  3.63777776  4.63777776  5.63777776  6.63777776
0.63555556  1.63555556  2.63555556  3.63555556  4.63555556  5.63555556  6.63555556
0.63333332  1.63333332  2.63333332  3.63333332  4.63333332  5.63333332  6.63333332
0.63111112  1.63111112  2.63111112  3.63111112  4.63111112  5.63111112  6.63111112
0.62888888  1.62888888  2.62888888  3.62888888  4.62888888  5.62888888  6.62888888
0.62666668  1.62666668  2.62666668  3.62666668  4.62666668  5.62666668  6.62666668
0.62444444  1.62444444  2.62444444  3.62444444  4.62444444  5.62444444  6.62444444
0.62222224  1.62222224  2.62222224  3.62222224  4.62222224  5.62222224  6.62222224
0.62000000  1.62000000  2.62000000  3.62000000  4.62000000  5.62000000  6.62000000
0.61777776  1.61777776  2.61777776  3.61777776  4.61777776  5.61777776  6.61777776
0.61555556  1.61555556  2.61555556  3.61555556  4.61555556  5.61555556  6.61555556
0.61333332  1.61333332  2.61333332  3.61333332  4.61333332  5.61333332  6.61333332
0.61111112  1.61111112  2.61111112  3.61111112  4.61111112  5.61111112  6.61111112
0.60888888  1.60888888  2.60888888  3.60888888  4.60888888  5.60888888  6.60888888
0.60666668  1.60666668  2.60666668  3.60666668  4.60666668  5.60666668  6.60666668
0.60444444  1.60444444  2.60444444  3.60444444  4.60444444  5.60444444  6.60444444
0.60222224  1.60222224  2.60222224  3.60222224  4.60222224  5.60222224  6.60222224
0.60000000  1.60000000  2.60000000  3.60000000  4.60000000  5.60000000  6.60000000
0.59777776  1.59777776  2.59777776  3.59777776  4.59777776  5.59777776  6.59777776
0.59555556  1.59555556  2.59555556  3.59555556  4.59555556  5.59555556  6.59555556
0.59333332  1.59333332  2.59333332  3.59333332  4.59333332  5.59333332  6.59333332
0.59111112  1.59111112  2.59111112  3.59111112  4.59111112  5.59111112  6.59111112
0.58888888  1.58888888  2.58888888  3.58888888  4.58888888  5.58888888  6.58888888
0.58666668  1.58666668  2.58666668  3.58666668  4.58666668  5.58666668  6.58666668
0.58444444  1.58444444  2.58444444  3.58444444  4.58444444  5.58444444  6.58444444
0.58222224  1.58222224  2.58222224  3.58222224  4.58222224  5.58222224  6.58222224
0.58000000  1.58000000  2.58000000  3.58000000  4.58000000  5.58000000  6.58000000
0.57777776  1.57777776  2.57777776  3.57777776  4.57777776  5.57777776  6.57777776
0.57555556  1.57555556  2.57555556  3.57555556  4.57555556  5.57555556  6.57555556
0.57333332  1.57333332  2.57333332  3.57333332  4.57333332  5.57333332  6.57333332
0.57111112  1.57111112  2.57111112  3.57111112  4.57111112  5.57111112  6.57111112
0.56888888  1.56888888  2.56888888  3.56888888  4.56888888  5.56888888  6.56888888
0.56666668  1.56666668  2.56666668  3.56666668  4.56666668  5.56666668  6.56666668
0.56444444  1.56444444  2.56444444  3.56444444  4.56444444  5.56444444  6.56444444
0.56222224  1.56222224  2.56222224  3.56222224  4.56222224  5.56222224  6.56222224
0.56000000  1.56000000  2.56000000  3.56000000  4.56000000  5.56000000  6.56000000
0.55777776  1.55777776  2.55777776  3.55777776  4.55777776  5.55777776  6.55777776
0.55555556  1.55555556  2.55555556  3.55555556  4.55555556  5.55555556  6.55555556
0.55333332  1.55333332  2.55333332  3.55333332  4.55333332  5.55333332  6.55333332
0.55111112  1.55111112  2.55111112  3.55111112  4.55111112  5.55111112  6.55111112
0.54888888  1.54888888  2.54888888  3.54888888  4.54888888  5.54888888  6.54888888
0.54666668  1.54666668  2.54666668  3.54666668  4.54666668  5.54666668  6.54666668
0.54444444  1.54444444  2.54444444  3.54444444  4.54444444  5.54444444  6.54444444
0.54222224  1.54222224  2.54222224  3.54222224  4.54222224  5.54222224  6.54222224
0.54000000  1.54000000  2.54000000  3.54000000  4.54000000  5.54000000  6.54000000
0.53777776  1.53777776  2.53777776  3.53777776  4.53777776  5.53777776  6.53777776
0.53555556  1.53555556  2.53555556  3.53555556  4.53555556  5.53555556  6.53555556
0.53333332  1.53333332  2.53333332  3.53333332  4.53333332  5.53333332  6.53333332
0.53111112  1.53111112  2.53111112  3.53111112  4.53111112  5.53111112  6.53111112
0.52888888  1.52888888  2.52888888  3.52888888  4.52888888  5.52888888  6.52888888
0.52666668  1.52666668  2.52666668  3.52666668  4.52666668  5.52666668  6.52666668
0.52444444  1.52444444  2.52444444  3.52444444  4.52444444  5.52444444  6.52444444
0.52222224  1.52222224  2.52222224  3.52222224  4.52222224  5.52222224  6.52222224
0.52000000  1.52000000  2.52000000  3.52000000  4.52000000  5.52000000  6.52000000
0.51777776  1.51777776  2.51777776  3.51777776  4.51777776  5.51777776  6.51777776
0.51555556  1.51555556  2.51555556  3.51555556  4.51555556  5.51555556  6.51555556
0.51333332  1.51333332  2.51333332  3.51333332  4.51333332  5.51333332  6.51333332
0.51111112  1.51111112  2.51111112  3.51111112  4.51111112  5.51111112  6.51111112
0.50888888  1.50888888  2.50888888  3.50888888  4.50888888  5.50888888  6.50888888
0.50666668  1.50666668  2.50666668  3.50666668  4.50666668  5.50666668  6.50666668
0.50444444  1.50444444  2.50444444  3.50444444  4.50444444  5.50444444  6.50444444
0.50222224  1.50222224  2.50222224  3.50222224  4.50222224  5.50222224  6.50222224
0.50000000  1.50000000  2.50000000  3.50000000  4.50000000  5.50000000  6.50000000
0.49777776  1.49777776  2.49777776  3.49777776  4.49777776  5.49777776  6.49777776
0.49555556  1.49555556  2.49555556  3.49555556  4.49555556  5.49555556  6.49555556
0.49333332  1.49333332  2.49333332  3.49333332  4.49333332  5.49333332  6.49333332
0.49111112  1.49111112  2.49111112  3.49111112  4.49111112  5.49111112  6.49111112
0.48888888  1.48888888  2.48888888  3.48888888  4.48888888  5.48888888  6.48888888
0.48666668  1.48666668  2.48666668  3.48666668  4.48666668  5.48666668  6.48666668
0.48444444  1.48444444  2.48444444  3.48444444  4.48444444  5.48444444  6.48444444
0.48222224  1.48222224  2.48222224  3.48222224  4.48222224  5.48222224  6.48222224
0.48000000  1.48000000  2.48000000  3.48000000  4.48000000  5.48000000  6.48000000
0.47777776  1.47777776  2.47777776  3.47777776  4.47777776  5.47777776  6.47777776
0.47555556  1.47555556  2.47555556  3.47555556  4.47555556  5.47555556  6.47555556
0.47333332  1.47333332  2.47333332  3.47333332  4.47333332  5.47333332  6.47333332
0.47111112  1.47111112  2.47111112  3.47111112  4.47111112  5.47111112  6.47111112
0.46888888  1.46888888  2.46888888  3.46888888  4.46888888  5.46888888  6.46888888
0.46666668  1.46666668  2.46666668  3.46666668  4.46666668  5.46666668  6.46666668
0.46444444  1.46444444  2.46444444  3.46444444  4.46444444  5.46444444  6.46444444
0.46222224  1.46222224  2.46222224  3.46222224  4.46222224  5.46222224  6.46222224
0.46000000  1.46000000  2.46000000  3.46000000  4.46000000  5.46000000  6.46000000
0.45777776  1.45777776  2.45777776  3.45777776  4.45777776  5.45777776  6.45777776
0.45555556  1.45555556  2.45555556  3.45555556  4.45555556  5.45555556  6.45555556
0.45333332  1.45333332  2.45333332  3.45333332  4.45333332  5.45333332  6.45333332
0.45111112  1.45111112  2.45111112  3.45111112  4.45111112  5.45111112  6.45111112
0.44888888  1.44888888  2.44888888  3.44888888  4.44888888  5.44888888  6.44888888
0.44666668  1.44666668  2.44666668  3.44666668  4.44666668  5.44666668  6.44666668
0.44444444  1.44444444  2.44444444  3.44444444  4.44444444  5.44444444  6.44444444
0.44222224  1.44222224  2.44222224  3.44222224  4.44222224  5.44222224  6.44222224
0.44000000  1.44000000  2.44000000  3.44000000  4.44000000  5.44000000  6.44000000
0.43777776  1.43777776  2.43777776  3.43777776  4.43777776  5.43777776  6.43777776
0.43555556  1.43555556  2.43555556  3.43555556  4.43555556  5.43555556  6.43555556
0.43333332  1.43333332  2.43333332  3.43333332  4.43333332  5.43333332  6.43333332
0.43111112  1.43111112  2.43111112  3.43111112  4.43111112  5.43111112  6.43111112
0.42888888  1.42888888  2.42888888  3.42888888  4.42888888  5.42888888  6.42888888
0.42666668  1.42666668  2.42666668  3.42666668  4.42666668  5.42666668  6.42666668
0.42444444  1.42444444  2.42444444  3.42444444  4.42444444  5.42444444  6.42444444
0.42222224  1.42222224  2.42222224  3.42222224  4.42222224  5.42222224  6.42222224
0.42000000  1.42000000  2.42000000  3.42000000  4.42000000  5.42000000  6.42000000
0.41777776  1.41777776  2.41777776  3.41777776  4.41777776  5.41777776  6.41777776
0.41555556  1.41555556  2.41555556  3.41555556  4.41555556  5.41555556  6.41555556
0.41333332  1.41333332  2.41333332  3.41333332  4.41333332  5.41333332  6.41333332
0.41111112  1.41111112  2.41111112  3.41111112  4.41111112  5.41111112  6.41111112
0.40888888  1.40888888  2.40888888  3.40888888  4.40888888  5.40888888  6.40888888
0.40666668  1.40666668  2.40666668  3.40666668  4.40666668  5.40666668  6.40666668
0.40444444  1.40444444  2.40444444  3.40444444  4.40444444  5.40444444  6.40444444
0.40222224  1.40222224  2.40222224  3.40222224  4.40222224  5.40222224  6.40222224
0.40000000  1.40000000  2.40000000  3.40000000  4.40000000  5.40000000  6.40000000
0.39777776  1.39777776  2.39777776  3.39777776  4.39777776  5.39777776  6.39777776
0.39555556  1.39555556  2.39555556  3.39555556  4.39555556  5.39555556  6.39555556
0.39333332  1.39333332  2.39333332  3.39333332  4.39333332  5.39333332  6.39333332
0.39111112  1.39111112  2.39111112  3.39111112  4.39111112  5.39111112  6.39111112
0.38888888  1.38888888  2.38888888  3.38888888  4.38888888  5.38888888  6.38888888
0.38666668  1.38666668  2.38666668  3.38666668  4.38666668  5.38666668  6.38666668
0.38444444  1.38444444  2.38444444  3.38444444  4.38444444  5.38444444  6.38444444
0.38222224  1.38222224  2.38222224  3.38222224  4.38222224  5.38222224  6.38222224
0.38000000  1.38000000  2.38000000  3.38000000  4.38000000  5.38000000  6.38000000
0.37777776  1.37777776  2.37777776  3.37777776  4.37777776  5.37777776  6.37777776
0.37555556  1.37555556  2.37555556  3.37555556  4.37555556  5.37555556  6.37555556
0.37333332  1.37333332  2.37333332  3.37333332  4.37333332  5.37333332  6.37333332
0.37111112  1.37111112  2.37111112  3.37111112  4.37111112  5.37111112  6.37111112
0.36888888  1.36888888  2.36888888  3.36888888  4.36888888  5.36888888  6.36888888
0.36666668  1.36666668  2.36666668  3.36666668  4.36666668  5.36666668  6.36666668
0.36444444  1.36444444  2.36444444  3.36444444  4.36444444  5.36444444  6.36444444
0.36222224  1.36222224  2.36222224  3.36222224  4.36222224  5.36222224  6.36222224
0.36000000  1.36000000  2.36000000  3.36000000  4.36000000  5.36000000  6.36000000
0.35777776  1.35777776  2.35777776  3.35777776  4.35777776  5.35777776  6.35777776
0.35555556  1.35555556  2.35555556  3.35555556  4.35555556  5.35555556  6.35555556
0.35333332  1.35333332  2.35333332  3.35333332  4.35333332  5.35333332  6.35333332
0.35111112  1.35111112  2.35111112  3.35111112  4.35111112  5.35111112  6.35111112
0.34888888  1.34888888  2.34888888  3.34888888  4.34888888  5.34888888  6.34888888
0.34666668  1.34666668  2.34666668  3.34666668  4.34666668  5.34666668  6.34666668
0.34444444  1.34444444  2.34444444  3.34444444  4.34444444  5.34444444  6.34444444
0.34222224  1.34222224  2.34222224  3.34222224  4.34222224  5.34222224  6.34222224
0.34000000  1.34000000  2.34000000  3.34000000  4.34000000  5.34000000  6.34000000
0.33777776  1.33777776  2.33777776  3.33777776  4.33777776  5.33777776  6.33777776
0.33555556  1.33555556  2.33555556  3.33555556  4.33555556  5.33555556  6.33555556
0.33333332  1.33333332  2.33333332  3.33333332  4.33333332  5.33333332  6.33333332
0.33111112  1.33111112  2.33111112  3.33111112  4.33111112  5.33111112  6.33111112
0.32888888  1.32888888  2.32888888  3.32888888  4.32888888  5.32888888  6.32888888
0.32666668  1.32666668  2.32666668  3.32666668  4.32666668  5.32666668  6.32666668
0.32444444  1.32444444  2.32444444  3.32444444  4.32444444  5.32444444  6.32444444
0.32222224  1.32222224  2.32222224  3.32222224  4.32222224  5.32222224  6.32222224
0.32000000  1.32000000  2.32000000  3.32000000  4.32000000  5.32000000  6.32000000
0.31777776  1.31777776  2.31777776  3.31777776  4.31777776  5.31777776  6.31777776
0.31555556  1.31555556  2.31555556  3.31555556  4.31555556  5.31555556  6.31555556
0.31333332  1.31333332  2.31333332  3.31333332  4.31333332  5.31333332  6.31333332
0.31111112  1.31111112  2.31111112  3.31111112  4.31111112  5.31111112  6.31111112
0.30888888  1.30888888  2.30888888  3.30888888  4.30888888  5.30888888  6.30888888
0.30666668  1.30666668  2.30666668  3.30666668  4.30666668  5.30666668  6.30666668
0.30444444  1.30444444  2.30444444  3.30444444  4.30444444  5.30444444  6.30444444
0.30222224  1.30222224  2.30222224  3.30222224  4.30222224  5.30222224  6.30222224
0.30000000  1.30000000  2.30000000  3.30000000  4.30000000  5.30000000  6.30000000
0.29777776  1.29777776  2.29777776  3.29777776  4.29777776  5.29777776  6.29777776
0.29555556  1.29555556  2.29555556  3.29555556  4.29555556  5.29555556  6.29555556
0.29333332  1.29333332  2.29333332  3.29333332  4.29333332  5.29333332  6.29333332
0.29111112  1.29111112  2.29111112  3.29111112  4.29111112  5.29111112  6.29111112
0.28888888  1.28888888  2.28888888  3.28888888  4.28888888  5.28888888  6.28888888
0.28666668  1.28666668  2.28666668  3.28666668  4.28666668  5.28666668  6.28666668
0.28444444  1.28444444  2.28444444  3.28444444  4.28444444  5.28444444  6.28444444
0.28222224  1.28222224  2.28222224  3.28222224  4.28222224  5.28222224  6.28222224
0.28000000  1.28000000  2.28000000  3.28000000  4.28000000  5.28000000  6.28000000
0.27777776  1.27777776  2.27777776  3.27777776  4.27777776  5.27777776  6.27777776
0.27555556  1.27555556  2.27555556  3.27555556  4.27555556  5.27555556  6.27555556
0.27333332  1.27333332  2.27333332  3.27333332  4.27333332  5.27333332  6.27333332
0.27111112  1.27111112  2.27111112  3.27111112  4.27111112  5.27111112  6.27111112
0.26888888  1.26888888  2.26888888  3.26888888  4.26888888  5.26888888  6.26888888
0.26666668  1.26666668  2.26666668  3.26666668  4.26666668  5.26666668  6.26666668
0.26444444  1.26444444  2.26444444  3.26444444  4.26444444  5.26444444  6.26444444
0.26222224  1.26222224  2.26222224  3.26222224  4.26222224  5.26222224  6.26222224
0.26000000  1.26000000  2.26000000  3.26000000  4.26000000  5.26000000  6.26000000
0.25777776  1.25777776  2.25777776  3.25777776  4.25777776  5.25777776  6.25777776
0.25555556  1.25555556  2.25555556  3.25555556  4.25555556  5.25555556  6.25555556
0.25333332  1.25333332  2.25333332  3.25333332  4.25333332  5.25333332  6.25333332
0.25111112  1.25111112  2.25111112  3.25111112  4.25111112  5.25111112  6.25111112
0.24888888  1.24888888  2.24888888  3.24888888  4.24888888  5.24888888  6.24888888
0.24666668  1.24666668  2.24666668  3.24666668  4.24666668  5.24666668  6.24666668
0.24444444  1.24444444  2.24444444  3.24444444  4.24444444  5.24444444  6.24444444
0.24222224  1.24222224  2.24222224  3.24222224  4.24222224  5.24222224  6.24222224
0.24000000  1.24000000  2.24000000  3.24000000  4.24000000  5.24000000  6.24000000
0.23777776  1.23777776  2.23777776  3.23777776  4.23777776  5.23777776  6.23777776
0.23555556  1.23555556  2.23555556  3.23555556  4.23555556  5.23555556  6.23555556
0.23333332  1.23333332  2.23333332  3.23333332  4.23333332  5.23333332  6.23333332
0.23111112  1.23111112  2.23111112  3.23111112  4.23111112  5.23111112  6.23111112
0.22888888  1.22888888  2.22888888  3.22888888  4.22888888  5.22888888  6.22888888
0.22666668  1.22666668  2.22666668  3.22666668  4.22666668  5.22666668  6.22666668
0.22444444  1.22444444  2.22444444  3.22444444  4.22444444  5.22444444  6.22444444
0.22222224  1.22222224  2.22222224  3.22222224  4.22222224  5.22222224  6.22222224
0.22000000  1.22000000  2.22000000  3.22000000  4.22000000  5.22000000  6.22000000
0.21777776  1.21777776  2.21777776  3.21777776  4.21777776  5.21777776  6.21777776
0.21555556  1.21555556  2.21555556  3.21555556  4.21555556  5.21555556  6.21555556
0.21333332  1.21333332  2.21333332  3.21333332  4.21333332  5.21333332  6.21333332
0.21111112  1.21111112  2.21111112  3.21111112  4.21111112  5.21111112  6.21111112
0.20888888  1.20888888  2.20888888  3.20888888  4.20888888  5.20888888  6.20888888
0.20666668  1.20666668  2.20666668  3.20666668  4.20666668  5.20666668  6.20666668
0.20444444  1.20444444  2.20444444  3.20444444  4.20444444  5.20444444  6.20444444
0.20222224  1.20222224  2.20222224  3.20222224  4.20222224  5.20222224  6.20222224
0.20000000  1.20000000  2.20000000  3.20000000  4.20000000  5.20000000  6.20000000
0.19777776  1.19777776  2.19777776  3.19777776  4.19777776  5.19777776  6.19777776
0.19555556  1.19555556  2.19555556  3.19555556  4.19555556  5.19555556  6.19555556
0.19333332  1.19333332  2.19333332  3.19333332  4.19333332  5.19333332  6.19333332
0.19111112  1.19111112  2.19111112  3.19111112  4.19111112  5.19111112  6.19111112
0.18888888  1.18888888  2.18888888  3.18888888  4.18888888  5.18888888  6.18888888
0.18666668  1.18666668  2.18666668  3.18666668  4.18666668  5.18666668  6.18666668
0.18444444  1.18444444  2.18444444  3.18444444  4.18444444  5.18444444  6.18444444
0.18222224  1.18222224  2.18222224  3.18222224  4.18222224  5.18222224  6.18222224
0.18000000  1.18000000  2.18000000  3.18000000  4.18000000  5.18000000  6.18000000
0.17777776  1.17777776  2.17777776  3.17777776  4.17777776  5.17777776  6.17777776
0.17555556  1.17555556  2.17555556  3.17555556  4.17555556  5.17555556  6.17555556
0.17333332  1.17333332  2.17333332  3.17333332  4.17333332  5.17333332  6.17333332
0.17111112  1.17111112  2.17111112  3.17111112  4.17111112  5.17111112  6.17111112
0.16888888  1.16888888  2.16888888  3.16888888  4.16888888  5.16888888  6.16888888
0.16666668  1.16666668  2.16666668  3.16666668  4.16666668  5.16666668  6.16666668
0.16444444  1.16444444  2.16444444  3.16444444  4.16444444  5.16444444  6.16444444
0.16222224  1.16222224  2.16222224  3.16222224  4.16222224  5.16222224  6.16222224
0.16000000  1.16000000  2.16000000  3.16000000  4.16000000  5.16000000  6.16000000
0.15777776  1.15777776  2.15777776  3.15777776  4.15777776  5.15777776  6.15777776
0.15555556  1.15555556  2.15555556  3.15555556  4.15555556  5.15555556  6.15555556
0.15333332  1.15333332  2.15333332  3.15333332  4.15333332  5.15333332  6.15333332
0.15111112  1.15111112  2.15111112  3.15111112  4.15111112  5.15111112  6.15111112
0.14888888  1.14888888  2.14888888  3.14888888  4.14888888  5.14888888  6.14888888
0.14666668  1.14666668  2.14666668  3.14666668  4.14666668  5.14666668  6.14666668
0.14444444  1.14444444  2.14444444  3.14444444  4.14444444  5.14444444  6.14444444
0.14222224  1.14222224  2.14222224  3.14222224  4.14222224  5.14222224  6.14222224
0.14000000  1.14000000  2.14000000  3.14000000  4.14000000  5.14000000  6.14000000
0.13777776  1.13777776  2.13777776  3.13777776  4.13777776  5.13777776  6.13777776
0.13555556  1.13555556  2.13555556  3.13555556  4.13555556  5.13555556  6.13555556
0.13333332  1.13333332  2.13333332  3.13333332  4.13333332  5.13333332  6.13333332
0.13111112  1.13111112  2.13111112  3.13111112  4.13111112  5.13111112  6.13111112
0.12888888  1.12888888  2.12888888  3.12888888  4.12888888  5.12888888  6.12888888
0.12666668  1.12666668  2.12666668  3.12666668  4.12666668  5.12666668  6.12666668
0.12444444  1.12444444  2.12444444  3.12444444  4.12444444  5.12444444  6.12444444
0.12222224  1.12222224  2.12222224  3.12222224  4.12222224  5.12222224  6.12222224
0.12000000  1.12000000  2.12000000  3.12000000  4.12000000  5.12000000  6.12000000
0.11777776  1.11777776  2.11777776  3.11777776  4.11777776  5.11777776  6.11777776
0.11555556  1.11555556  2.11555556  3.11555556  4.11555556  5.11555556  6.11555556
0.11333332  1.11333332  2.11333332  3.11333332  4.11333332  5.11333332  6.11333332
0.11111112  1.11111112  2.11111112  3.11111112  4.11111112  5.11111112  6.11111112
0.10888888  1.10888888  2.10888888  3.10888888  4.10888888  5.10888888  6.10888888
0.10666668  1.10666668  2.10666668  3.10666668  4.10666668  5.10666668  6.10666668
0.10444444  1.10444444  2.10444444  3.10444444  4.10444444  5.10444444  6.10444444
0.10222224  1.10222224  2.10222224  3.10222224  4.10222224  5.10222224  6.10222224
0.10000000  1.10000000  2.10000000  3.10000000  4.10000000  5.10000000  6.10000000
0.09777776  1.09777776  2.09777776  3.09777776  4.09777776  5.09777776  6.09777776
0.09555556  1.09555556  2.09555556  3.09555556  4.09555556  5.09555556  6.09555556
0.09333332  1.09333332  2.09333332  3.09333332  4.09333332  5.09333332  6.09333332
0.09111112  1.09111112  2.09111112  3.09111112  4.09111112  5.09111112  6.09111112
0.08888888  1.08888888  2.08888888  3.08888888  4.08888888  5.08888888  6.08888888
0.08666668  1.08666668  2.08666668  3.08666668  4.08666668  5.08666668  6.08666668
0.08444444  1.08444444  2.08444444  3.08444444  4.08444444  5.08444444  6.08444444
0.08222224  1.08222224  2.08222224  3.08222224  4.08222224  5.08222224  6.08222224
0.08000000  1.08000000  2.08000000  3.08000000  4.08000000  5.08000000  6.08000000
0.07777776  1.07777776  2.07777776  3.07777776  4.07777776  5.07777776  6.07777776
0.07555556  1.07555556  2.07555556  3.07555556  4.07555556  5.07555556  6.07555556
0.07333332  1.07333332  2.07333332  3.07333332  4.07333332  5.07333332  6.07333332
0.07111112  1.07111112  2.07111112  3.07111112  4.07111112  5.07111112  6.07111112
0.06888888  1.06888888  2.06888888  3.06888888  4.06888888  5.06888888  6.06888888
0.06666668  1.06666668  2.06666668  3.06666668  4.06666668  5.06666668  6.06666668
0.06444444  1.06444444  2.06444444  3.06444444  4.06444444  5.06444444  6.06444444
0.06222224  1.06222224  2.06222224  3.06222224  4.06222224  5.06222224  6.06222224
0.06000000  1.06000000  2.06000000  3.06000000  4.06000000  5.06000000  6.06000000
0.05777776  1.05777776  2.05777776  3.05777776  4.05777776  5.05777776  6.05777776
0.05555556  1.05555556  2.05555556  3.05555556  4.05555556  5.05555556  6.05555556
0.05333332  1.05333332  2.05333332  3.05333332  4.05333332  5.05333332  6.05333332
0.05111112  1.05111112  2.05111112  3.05111112  4.05111112  5.05111112  6.05111112
0.04888888  1.04888888  2.04888888  3.04888888  4.04888888  5.04888888  6.04888888
0.04666668  1.04666668  2.04666668  3.04666668  4.04666668  5.04666668  6.04666668
0.04444444  1.04444444  2.04444444  3.04444444  4.04444444  5.04444444  6.04444444
0.04222224  1.04222224  2.04222224  3.04222224  4.04222224  5.04222224  6.04222224
0.04000000  1.04000000  2.04000000  3.04000000  4.04000000  5.04000000  6.04000000
0.03777776  1.03777776  2.03777776  3.03777776  4.03777776  5.03777776  6.03777776
0.03555556  1.03555556  2.03555556  3.03555556  4.03555556  5.03555556  6.03555556
0.03333332  1.03333332  2.03333332  3.03333332  4.03333332  5.03333332  6.03333332
0.03111112  1.03111112  2.03111112  3.03111112  4.03111112  5.03111112  6.03111112
0.02888888  1.02888888  2.02888888  3.02888888  4.02888888  5.02888888  6.02888888
0.02666668  1.02666668  2.02666668  3.02666668  4.02666668  5.02666668  6.02666668
0.02444444  1.02444444  2.02444444  3.02444444  4.02444444  5.02444444  6.02444444
0.02222224  1.02222224  2.02222224  3.02222224  4.02222224  5.02222224  6.02222224
0.02000000  1.02000000  2.02000000  3.02000000  4.02000000  5.02000000  6.02000000
0.01777776  1.01777776  2.01777776  3.01777776  4.01777776  5.01777776  6.01777776
0.01555556  1.01555556  2.01555556  3.01555556  4.01555556  5.01555556  6.01555556
0.01333332  1.01333332  2.01333332  3.01333332  4.01333332  5.01333332  6.01333332
0.01111112  1.01111112  2.01111112  3.01111112  4.01111112  5.01111112  6.01111112
0.00888888  1.00888888  2.00888888  3.00888888  4.00888888  5.00888888  6.00888888
0.00666668  1.00666668  2.00666668  3.00666668  4.00666668  5.00666668  6.00666668
0.00444444  1.00444444  2.00444444  3.00444444  4.00444444  5.00444444  6.00444444
0.00222224  1.00222224  2.00222224  3.00222224  4.00222224  5.00222224  6.00222224
0E-8  1.00000000  2.00000000  3.00000000  4.00000000  5.00000000  6.00000000
