         -28           1           2           1
         -82           1           3           1
         -18           1           4           1
         -77           1           5           1
         -18           2           6           2
         -92           1           7           2
         -17           2           8           2
         -29           1           9           2
         -24           1          10           2
         -23           1          11           2
         -39           1          12           2
         -69           1          13           2
         -48           1          14           2
         -48           2          15           2
          -3           1          16           2
         -88           1          17           2
         -29           2          18           2
         -45           1          19           2
         -39           1          20           2
         -37           1          21           2
         -82           2          22           2
         -24           2          23           2
         -45           2          24           2
         -29           3          25           3
         -24           3          26           3
         -56           1          27           3
          -3           1          28           3
         -71           1          29           3
         -62           1          30           3
         -92           2          31           3
         -29           4          32           4
          -8           1          33           4
         -56           2          34           4
         -69           1          35           4
         -77           2          36           4
         -77           2          37           4
         -13           1          38           4
         -24           4          39           4
         -45           3          40           4
         -88           2          41           4
         -51           1          42           4
         -91           2          43           4
         -82           3          44           4
         -39           2          45           4
         -30           4          46           4
         -45           3          47           4
         -88           3          48           4
         -88           4          49           4
         -16           2          50           4
         -39           3          51           4
         -48           3          52           4
         -67           1          53           4
         -29           5          54           5
         -77           3          55           5
         -40           2          56           5
          -8           2          57           5
         -35           1          58           5
         -23           3          59           5
         -11           1          60           5
         -68           1          61           5
         -24           5          62           5
         -64           1          63           5
         -30           2          64           5
         -11           2          65           5
         -69           2          66           5
         -64           2          67           5
         -57           2          68           5
         -29           5          69           5
         -11           3          70           5
         -45           4          71           5
         -49           3          72           5
         -56           3          73           5
         -31           4          74           5
         -24           6          75           6
         -45           5          76           6
         -46           5          77           6
         -81           3          78           6
         -49           4          79           6
         -71           2          80           6
         -31           3          81           6
         -46           5          82           6
         -46           6          83           6
         -87           3          84           6
         -47           5          85           6
         -31           5          86           6
         -83           2          87           6
         -44           5          88           6
         -91           3          89           6
         -45           6          90           6
         -31           6          91           6
         -74           1          92           6
         -23           6          93           6
         -23           7          94           7
         -69           3          95           7
         -18           3          96           7
         -63           2          97           7
         -67           2          98           7
         -35           2          99           7
         -82           4         100           7
         -35           3         101           7
         -23           7         102           7
         -82           5         103           7
         -64           3         104           7
         -64           4         105           7
         -23           8         106           8
         -61           1         107           8
         -24           7         108           8
         -22           8         109           8
         -61           2         110           8
         -24           7         111           8
         -55           3         112           8
         -57           3         113           8
         -78           3         114           8
          -8           3         115           8
         -23           9         116           9
         -47           6         117           9
          -3           1         118           9
         -91           4         119           9
         -47           7         120           9
         -90           4         121           9
         -15           2         122           9
         -81           5         123           9
         -88           5         124           9
         -40           3         125           9
         -23          10         126          10
         -24           7         127          10
         -23          11         128          11
         -70           3         129          11
         -24          11         130          11
         -22           7         131          11
         -47           8         132          11
         -24          12         133          12
         -61           3         134          12
          21           1         135          12
         -50           4         136          12
         -23          12         137          12
         -35           4         138          12
         -40           3         139          12
         -51           2         140          12
         -25          12         141          12
         -23          13         142          13
         -70           4         143          13
         -24           8         144          13
           9           1         145          13
         -88           5         146          13
         -88           6         147          13
         -64           5         148          13
         -48           8         149          13
         -64           6         150          13
         -31           7         151          13
         -65           5         152          13
         -31           8         153          13
         -91           5         154          13
         -32           6         155          13
         -74           2         156          13
         -31           9         157          13
         -57           4         158          13
         -57           4         159          13
         -23          14         160          14
         -51           4         161          14
         -51           5         162          14
          10           1         163          14
         -82           6         164          14
         -23          14         165          14
         -31           9         166          14
         -12           3         167          14
         -57           5         168          14
         -24          14         169          14
         -13           3         170          14
         -57           5         171          14
         -11           4         172          14
         -26          12         173          14
         -87           6         174          14
         -49           8         175          14
         -82           7         176          14
         -34           3         177          14
         -23          15         178          15
         -65           6         179          15
         -65           7         180          15
         -51           6         181          15
         -52           6         182          15
         -22          14         183          15
         -57           6         184          15
         -22          15         185          15
         -23          16         186          16
         -87           7         187          16
         -21           8         188          16
         -50           8         189          16
         -44           6         190          16
          27           1         191          16
         -21          14         192          16
         -82           7         193          16
         -32           8         194          16
         -51           8         195          16
         -33           6         196          16
         -23          17         197          17
         -44           6         198          17
         -25          13         199          17
         -82           7         200          17
         -65           8         201          17
         -10           4         202          17
         -25          11         203          17
         -24          17         204          17
         -23          18         205          18
          -3           2         206          18
         -66           8         207          18
         -23          19         208          19
         -65           9         209          19
         -86           7         210          19
         -24          15         211          19
         -44           7         212          19
          24           1         213          19
         -24          18         214          19
         -65          10         215          19
         -47           9         216          19
         -22          19         217          19
         -80           5         218          19
         -65          11         219          19
         -22          20         220          20
         -88           7         221          20
         -65          12         222          20
         -64          12         223          20
         -25          17         224          20
         -43           7         225          20
         -22          16         226          20
         -51           8         227          20
         -22          21         228          21
         -33           8         229          21
         -67           8         230          21
         -22          18         231          21
         -56           6         232          21
         -33           9         233          21
         -21          20         234          21
         -25          16         235          21
         -43           8         236          21
         -21          16         237          21
         -47          10         238          21
         -22          21         239          21
         -23          21         240          21
         -22          22         241          22
         -22          23         242          23
         -71           4         243          23
         -24          21         244          23
         -24          22         245          23
         -51           9         246          23
         -21          23         247          23
         -21          20         248          23
         -21          24         249          24
         -64          11         250          24
         -51          10         251          24
         -25          21         252          24
         -64          13         253          24
         -25          20         254          24
         -21          25         255          25
         -68           8         256          25
         -50          10         257          25
         -63          12         258          25
         -49          10         259          25
         -88           7         260          25
         -24          23         261          25
         -52           9         262          25
         -49          11         263          25
         -64          14         264          25
          18           1         265          25
         -82           7         266          25
         -26          13         267          25
         -26          17         268          25
         -64          14         269          25
         -36           3         270          25
         -81           7         271          25
         -21          26         272          26
         -64          15         273          26
         -43           5         274          26
         -24          24         275          26
         -63          15         276          26
         -22          25         277          26
         -21          27         278          27
         -68           8         279          27
         -49          12         280          27
         -56           7         281          27
         -30           9         282          27
         -62          12         283          27
         -43           9         284          27
         -21          28         285          28
         -26          16         286          28
         -21          29         287          29
         -25          24         288          29
         -27          17         289          29
         -20          25         290          29
         -22          29         291          29
         -77           4         292          29
         -64          16         293          29
         -68           9         294          29
         -26          20         295          29
         -27          13         296          29
         -20          29         297          29
         -31          10         298          29
         -25          25         299          29
         -62          15         300          29
         -27          20         301          29
         -19          29         302          29
         -33          10         303          29
          37           1         304          29
         -39           4         305          29
          13           1         306          29
         -25          26         307          29
         -22          26         308          29
         -20          24         309          29
         -49          13         310          29
         -22          30         311          30
         -22          31         312          31
         -49          13         313          31
         -27          20         314          31
         -55           7         315          31
         -43          10         316          31
         -43          11         317          31
         -23          29         318          31
         -49          14         319          31
         -46           9         320          31
         -26          24         321          31
          40           1         322          31
         -10           5         323          31
         -49          15         324          31
         -63          16         325          31
         -48          15         326          31
          31           1         327          31
         -63          16         328          31
         -33          11         329          31
         -69           8         330          31
         -26          25         331          31
          25           1         332          31
         -61          15         333          31
         -31          11         334          31
          21           1         335          31
         -24          29         336          31
         -64          17         337          31
         -22          32         338          32
         -19          30         339          32
          31           2         340          32
         -21          23         341          32
         -70           8         342          32
          33           1         343          32
         -42          11         344          32
         -21          32         345          32
         -28          20         346          32
         -23          32         347          32
         -20          32         348          32
         -21          33         349          33
         -79           5         350          33
         -21          34         351          34
         -23          33         352          34
         -89           6         353          34
           6           1         354          34
         -20          23         355          34
         -88           8         356          34
         -27          19         357          34
         -42           9         358          34
         -34          11         359          34
         -25          29         360          34
         -61          16         361          34
         -21          34         362          34
         -62          11         363          34
         -49          16         364          34
         -26          26         365          34
         -80           7         366          34
         -21          34         367          34
         -25          30         368          34
         -18          29         369          34
         -28          17         370          34
         -43          12         371          34
          45           1         372          34
         -85           7         373          34
         -49          17         374          34
         -26          29         375          34
          37           2         376          34
         -29          17         377          34
         -27          29         378          34
         -23          34         379          34
         -18          30         380          34
           3           1         381          34
         -49          18         382          34
         -49          19         383          34
         -20          33         384          34
         -21          35         385          35
         -29          20         386          35
         -20          35         387          35
         -28          29         388          35
         -27          24         389          35
         -70           9         390          35
         -20          36         391          36
         -35          11         392          36
         -64          17         393          36
         -27          24         394          36
         -48          13         395          36
         -28          30         396          36
         -30          20         397          36
         -50          15         398          36
         -61          12         399          36
         -19          36         400          36
         -18          36         401          36
         -68          10         402          36
         -21          36         403          36
         -17          36         404          36
         -50          19         405          36
          30           2         406          36
         -23          35         407          36
          44           1         408          36
          56           1         409          36
         -17          37         410          37
         -18          37         411          37
         -60          16         412          37
         -81           8         413          37
         -16          36         414          37
         -87           8         415          37
         -23          36         416          37
         -17          38         417          38
         -50          20         418          38
         -50          21         419          38
         -29          30         420          38
         -23          37         421          38
         -42          12         422          38
         -23          37         423          38
         -29          30         424          38
         -64          18         425          38
          37           3         426          38
         -65          15         427          38
          54           1         428          38
         -28          31         429          38
         -28          24         430          38
           5           1         431          38
         -24          37         432          38
         -19          32         433          38
         -49          21         434          38
         -28          28         435          38
         -41          11         436          38
         -77           5         437          38
          18           1         438          38
         -24          38         439          38
         -17          29         440          38
         -17          38         441          38
         -65          14         442          38
         -25          37         443          38
         -30          30         444          38
         -31          30         445          38
         -25          38         446          38
         -31          31         447          38
         -51          20         448          38
         -25          36         449          38
         -25          39         450          39
         -17          39         451          39
          15           1         452          39
         -25          39         453          39
         -31          32         454          39
         -65          18         455          39
         -32          30         456          39
          31           3         457          39
         -16          39         458          39
         -18          39         459          39
         -24          39         460          39
         -48          19         461          39
         -34          12         462          39
         -64          19         463          39
         -64          20         464          39
         -64          21         465          39
          56           2         466          39
         -31          33         467          39
         -83           7         468          39
         -29          16         469          39
         -31          20         470          39
         -59          16         471          39
         -32          32         472          39
         -16          37         473          39
         -33          32         474          39
         -18          40         475          40
         -63          21         476          40
         -48          21         477          40
         -26          39         478          40
         -15          37         479          40
         -66          18         480          40
         -30          33         481          40
         -25          40         482          40
         -26          37         483          40
         -44          12         484          40
         -67          18         485          40
         -31          33         486          40
         -33          30         487          40
         -25          40         488          40
         -25          41         489          41
          37           4         490          41
         -25          41         491          41
         -58          16         492          41
         -33          29         493          41
         -25          42         494          42
         -63          17         495          42
         -18          41         496          42
         -19          40         497          42
         -63          22         498          42
          62           1         499          42
         -27          39         500          42
         -18          42         501          42
         -26          42         502          42
         -62          21         503          42
         -18          42         504          42
         -24          33         505          42
         -26          43         506          43
         -18          43         507          43
         -86           8         508          43
         -63          23         509          43
         -26          44         510          44
         -70          10         511          44
         -52          20         512          44
         -17          41         513          44
         -27          44         514          44
          23           1         515          44
         -24          42         516          44
         -34          32         517          44
         -44          13         518          44
         -18          44         519          44
          38           4         520          44
          25           2         521          44
         -28          39         522          44
         -24          43         523          44
         -27          44         524          44
         -34          33         525          44
         -63          24         526          44
         -18          44         527          44
         -32          33         528          44
         -35          32         529          44
         -32          33         530          44
          50           1         531          44
         -59          17         532          44
         -24          34         533          44
          25           3         534          44
         -26          45         535          45
         -33          33         536          45
         -30          34         537          45
         -28          44         538          45
           6           2         539          45
         -29          39         540          45
         -34          30         541          45
         -18          45         542          45
         -52          21         543          45
         -29          39         544          45
         -25          45         545          45
         -16          39         546          45
         -27          37         547          45
         -17          45         548          45
         -65          20         549          45
         -28          45         550          45
         -25          46         551          46
         -16          45         552          46
         -19          45         553          46
         -33          34         554          46
         -27          45         555          46
         -62          23         556          46
         -66          20         557          46
         -62          24         558          46
         -25          47         559          47
         -26          47         560          47
         -29          45         561          47
         -28          37         562          47
         -61          24         563          47
         -61          25         564          47
         -30          39         565          47
         -15          45         566          47
         -14          45         567          47
         -26          48         568          48
         -29          46         569          48
         -26          49         570          49
         -49          22         571          49
         -30          45         572          49
         -26          50         573          50
         -16          41         574          50
          26           3         575          50
         -61          26         576          50
         -49          23         577          50
         -29          47         578          50
          56           3         579          50
         -27          42         580          50
         -31          39         581          50
         -49          24         582          50
          10           2         583          50
         -23          43         584          50
         -19          46         585          50
         -26          51         586          51
         -27          51         587          51
          71           1         588          51
         -61          26         589          51
          44           2         590          51
          56           3         591          51
         -34          34         592          51
         -62          26         593          51
         -64          24         594          51
         -29          48         595          51
         -29          49         596          51
         -25          51         597          51
         -26          52         598          52
         -29          50         599          52
           6           3         600          52
         -14          46         601          52
         -33          28         602          52
         -24          51         603          52
          38           5         604          52
         -29          51         605          52
         -31          40         606          52
         -25          52         607          52
         -13          45         608          52
         -25          53         609          53
          43           2         610          53
         -12          45         611          53
         -30          45         612          53
         -23          51         613          53
         -24          53         614          53
         -29          51         615          53
         -50          23         616          53
         -49          25         617          53
         -26          53         618          53
         -40          11         619          53
         -51          23         620          53
         -29          52         621          53
         -63          26         622          53
         -26          54         623          54
         -27          54         624          54
         -14          47         625          54
         -31          45         626          54
         -29          53         627          54
         -34          35         628          54
         -27          55         629          55
         -31          45         630          55
         -15          47         631          55
          55           3         632          55
         -29          54         633          55
         -27          56         634          56
         -19          46         635          56
         -32          34         636          56
          30           3         637          56
         -27          57         638          57
          79           1         639          57
         -23          52         640          57
         -30          54         641          57
          56           4         642          57
          63           1         643          57
         -61          27         644          57
         -31          54         645          57
         -61          28         646          57
         -88           9         647          57
         -31          53         648          57
          71           2         649          57
         -27          58         650          58
         -27          59         651          59
         -31          52         652          59
         -64          25         653          59
         -27          59         654          59
         -26          59         655          59
         -67          20         656          59
         -27          60         657          60
         -32          39         658          60
         -26          60         659          60
         -30          50         660          60
         -60          26         661          60
          50           2         662          60
         -49          26         663          60
         -25          54         664          60
         -28          57         665          60
         -29          57         666          60
         -31          55         667          60
         -28          59         668          60
          15           2         669          60
         -29          59         670          60
         -32          53         671          60
         -30          59         672          60
         -30          48         673          60
         -89           9         674          60
         -32          54         675          60
         -27          61         676          61
         -25          60         677          61
         -50          26         678          61
         -26          57         679          61
         -51          26         680          61
         -27          62         681          62
          31           4         682          62
          38           5         683          62
          54           3         684          62
         -60          28         685          62
         -22          52         686          62
         -31          59         687          62
         -31          60         688          62
         -51          27         689          62
          10           3         690          62
         -27          62         691          62
         -25          49         692          62
         -25          57         693          62
         -28          62         694          62
         -32          59         695          62
         -32          60         696          62
         -33          60         697          62
          56           5         698          62
         -34          60         699          62
          46           1         700          62
         -34          61         701          62
         -35          61         702          62
          39           5         703          62
         -33          53         704          62
          36           4         705          62
         -28          63         706          63
         -22          53         707          63
         -34          62         708          63
         -32          40         709          63
         -32          45         710          63
         -36          32         711          63
         -29          63         712          63
          26           3         713          63
         -25          60         714          63
         -30          63         715          63
          37           5         716          63
         -34          63         717          63
         -36          61         718          63
         -25          61         719          63
         -34          28         720          63
         -65          24         721          63
         -27          63         722          63
         -60          29         723          63
         -48          24         724          63
         -25          60         725          63
         -14          48         726          63
         -25          55         727          63
          25           4         728          63
         -37          61         729          63
         -30          64         730          64
         -38          61         731          64
         -39          61         732          64
         -31          64         733          64
         -27          64         734          64
         -36          62         735          64
         -34          64         736          64
         -37          62         737          64
         -39          61         738          64
         -27          64         739          64
         -36          60         740          64
         -24          55         741          64
         -62          28         742          64
          71           3         743          64
          81           1         744          64
         -33          54         745          64
          46           2         746          64
         -34          65         747          65
          87           1         748          65
         -24          61         749          65
         -24          56         750          65
         -52          27         751          65
         -34          54         752          65
         -36          59         753          65
          72           3         754          65
         -23          61         755          65
         -26          63         756          65
         -26          64         757          65
         -25          64         758          65
         -25          65         759          65
         -33          40         760          65
          63           2         761          65
         -27          65         762          65
         -23          56         763          65
         -24          65         764          65
         -37          62         765          65
         -35          33         766          65
          81           2         767          65
         -35          28         768          65
         -24          66         769          66
         -37          63         770          66
          50           3         771          66
          72           4         772          66
         -24          65         773          66
         -37          64         774          66
          68           1         775          66
          63           2         776          66
         -34          66         777          66
         -32          38         778          66
         -60          30         779          66
         -64          25         780          66
         -24          67         781          67
         -24          67         782          67
         -34          67         783          67
         -35          67         784          67
         -35          68         785          68
         -61          30         786          68
          25           5         787          68
         -27          66         788          68
         -31          65         789          68
          54           3         790          68
         -23          67         791          68
         -23          68         792          68
         -25          67         793          68
         -68          20         794          68
         -65          25         795          68
         -23          62         796          68
         -36          68         797          68
         -37          68         798          68
         -25          68         799          68
         -34          68         800          68
         -30          65         801          68
          49           3         802          68
         -32          35         803          68
         -40          61         804          68
          49           4         805          68
         -37          65         806          68
         -38          68         807          68
         -23          60         808          68
          57           5         809          68
         -37          32         810          68
         -25          69         811          69
         -37          69         812          69
         -26          69         813          69
         -35          69         814          69
         -36          58         815          69
         -63          27         816          69
         -38          69         817          69
         -39          68         818          69
         -39          68         819          69
         -35          34         820          69
         -37          70         821          70
         -25          70         822          70
         -38          70         823          70
         -37          71         824          71
         -35          69         825          71
         -61          31         826          71
          58           5         827          71
         -22          68         828          71
         -39          68         829          71
         -37          72         830          72
          48           4         831          72
         -21          68         832          72
         -33          12         833          72
         -37          73         834          73
         -32          46         835          73
         -37          73         836          73
         -37          74         837          74
         -25          71         838          74
         -39          70         839          74
         -37          75         840          75
         -22          69         841          75
         -40          68         842          75
         -41          68         843          75
         -42          68         844          75
         -42          69         845          75
         -37          75         846          75
         -42          67         847          75
         -22          70         848          75
          63           3         849          75
         -25          72         850          75
         -40          70         851          75
         -36          75         852          75
         -41          61         853          75
         -22          71         854          75
         -37          76         855          76
         -37          77         856          77
         -38          77         857          77
         -43          68         858          77
         -38          72         859          77
         -41          60         860          77
         -37          78         861          78
         -21          70         862          78
         -37          78         863          78
         -24          72         864          78
         -65          26         865          78
         -37          79         866          79
         -37          80         867          80
          71           4         868          80
         -22          67         869          80
         -35          75         870          80
         -41          59         871          80
         -37          58         872          80
          10           3         873          80
         -39          77         874          80
         -36          79         875          80
         -38          80         876          80
         -21          71         877          80
         -43          67         878          80
         -37          81         879          81
         -22          60         880          81
         -39          71         881          81
         -26          72         882          81
         -43          68         883          81
         -38          81         884          81
         -60          31         885          81
         -37          82         886          82
         -39          76         887          82
         -21          72         888          82
         -44          68         889          82
         -35          76         890          82
          23           2         891          82
         -42          59         892          82
         -47          24         893          82
         -40          77         894          82
         -45          68         895          82
         -34          76         896          82
         -37          83         897          83
         -61          32         898          83
         -24          73         899          83
         -24          74         900          83
         -26          72         901          83
         -41          77         902          83
         -41          78         903          83
         -43          66         904          83
         -21          67         905          83
         -25          73         906          83
         -21          72         907          83
         -37          84         908          84
         -37          85         909          85
         -42          78         910          85
         -36          83         911          85
         -37          86         912          86
         -45          69         913          86
          81           2         914          86
          23           3         915          86
         -38          86         916          86
          81           3         917          86
         -45          70         918          86
         -46          68         919          86
         -36          85         920          86
         -37          86         921          86
         -35          83         922          86
         -35          85         923          86
         -33          76         924          86
         -45          71         925          86
          36           5         926          86
         -37          87         927          87
         -35          85         928          87
         -81           9         929          87
         -39          86         930          87
         -24          74         931          87
          17           1         932          87
         -21          73         933          87
         -39          87         934          87
         -46          71         935          87
          39           6         936          87
         -36          87         937          87
          88           1         938          87
         -35          86         939          87
         -41          79         940          87
          23           3         941          87
         -42          79         942          87
         -34          40         943          87
          81           4         944          87
         -35          87         945          87
         -42          80         946          87
         -20          72         947          87
         -47          71         948          87
         -35          82         949          87
         -62          29         950          87
         -46          67         951          87
         -39          87         952          87
         -43          78         953          87
         -34          83         954          87
         -36          88         955          88
         -43          59         956          88
         -34          86         957          88
         -37          88         958          88
         -40          87         959          88
         -44          78         960          88
         -36          89         961          89
         -47          70         962          89
         -35          88         963          89
         -37          89         964          89
         -33          86         965          89
         -41          87         966          89
         -33          87         967          89
         -35          54         968          89
         -40          88         969          89
         -38          89         970          89
         -36          89         971          89
         -37          90         972          90
