        -100           0           0           0
         -99           0           0           0
         -98           0           0           0
         -97           0           0           0
         -96           0           0           0
         -95           0           0           0
         -94           0           0           0
         -93           0           0           0
         -92           0           0           0
         -91           0           0           0
         -90           0           0           0
         -89           0           0           0
         -88           0           0           0
         -87           0           0           0
         -86           0           0           0
         -85           0           0           0
         -84           0           0           0
         -83           0           0           0
         -82           0           0           0
         -81           0           0           0
         -80           0           0           0
         -79           0           0           0
         -78           0           0           0
         -77           0           0           0
         -76           0           0           0
         -75           0           0           0
         -74           0           0           0
         -73           0           0           0
         -72           0           0           0
         -71           0           0           0
         -70           0           0           0
         -69           0           0           0
         -68           0           0           0
         -67           0           0           0
         -66           0           0           0
         -65           0           0           0
         -64           0           0           0
         -63           0           0           0
         -62           0           0           0
         -61           0           0           0
         -60           0           0           0
         -59           0           0           0
         -58           0           0           0
         -57           0           0           0
         -56           0           0           0
         -55           0           0           0
         -54           0           0           0
         -53           0           0           0
         -52           0           0           0
         -51           0           0           0
         -50           0           0           0
         -49           0           0           0
         -48           0           0           0
         -47           0           0           0
         -46           0           0           0
         -45           0           0           0
         -44           0           0           0
         -43           0           0           0
         -42           0           0           0
         -41           0           0           0
         -40           0           0           0
         -39           0           0           0
         -38           0           0           0
         -37           0           0           0
         -36           0           0           0
         -35           0           0           0
         -34           0           0           0
         -33           0           0           0
         -32           0           0           0
         -31           0           0           0
         -30           0           0           0
         -29           0           0           0
         -28           0           0           0
         -27           0           0           0
         -26           0           0           0
         -25           0           0           0
         -24           0           0           0
         -23           0           0           0
         -22           0           0           0
         -21           0           0           0
         -20           0           0           0
         -19           0           0           0
         -18           0           0           0
         -17           0           0           0
         -16           0           0           0
         -15           0           0           0
         -14           0           0           0
         -13           0           0           0
         -12           0           0           0
         -11           0           0           0
         -10           0           0           0
          -9           0           0           0
          -8           0           0           0
          -7           0           0           0
          -6           0           0           0
          -5           0           0           0
          -4           0           0           0
          -3           0           0           0
          -2           0           0           0
          -1           0           0           0
           0           0           0           0
           1           0           0           0
           2           0           0           0
           3           0           0           0
           4           0           0           0
           5           0           0           0
           6           0           0           0
           7           0           0           0
           8           0           0           0
           9           0           0           0
          10           0           0           0
          11           0           0           0
          12           0           0           0
          13           0           0           0
          14           0           0           0
          15           0           0           0
          16           0           0           0
          17           0           0           0
          18           0           0           0
          19           0           0           0
          20           0           0           0
          21           0           0           0
          22           0           0           0
          23           0           0           0
          24           0           0           0
          25           0           0           0
          26           0           0           0
          27           0           0           0
          28           0           0           0
          29           0           0           0
          30           0           0           0
          31           0           0           0
          32           0           0           0
          33           0           0           0
          34           0           0           0
          35           0           0           0
          36           0           0           0
          37           0           0           0
          38           0           0           0
          39           0           0           0
          40           0           0           0
          41           0           0           0
          42           0           0           0
          43           0           0           0
          44           0           0           0
          45           0           0           0
          46           0           0           0
          47           0           0           0
          48           0           0           0
          49           0           0           0
          50           0           0           0
          51           0           0           0
          52           0           0           0
          53           0           0           0
          54           0           0           0
          55           0           0           0
          56           0           0           0
          57           0           0           0
          58           0           0           0
          59           0           0           0
          60           0           0           0
          61           0           0           0
          62           0           0           0
          63           0           0           0
          64           0           0           0
          65           0           0           0
          66           0           0           0
          67           0           0           0
          68           0           0           0
          69           0           0           0
          70           0           0           0
          71           0           0           0
          72           0           0           0
          73           0           0           0
          74           0           0           0
          75           0           0           0
          76           0           0           0
          77           0           0           0
          78           0           0           0
          79           0           0           0
          80           0           0           0
          81           0           0           0
          82           0           0           0
          83           0           0           0
          84           0           0           0
          85           0           0           0
          86           0           0           0
          87           0           0           0
          88           0           0           0
          89           0           0           0
          90           0           0           0
          91           0           0           0
          92           0           0           0
          93           0           0           0
          94           0           0           0
          95           0           0           0
          96           0           0           0
          97           0           0           0
          98           0           0           0
          99           0           0           0
         100           0           0           0
          -7           1           2           1
         -42           1           3           1
         -35           1           4           1
         -42           2           5           2
         -18           1           6           2
         -30           1           7           2
         -66           1           8           2
         -86           1           9           2
         -42           3          10           3
         -69           1          11           3
         -85           1          12           3
         -46           1          13           3
         -72           1          14           3
         -88           1          15           3
         -72           2          16           3
         -28           1          17           3
         -78           1          18           3
         -63           1          19           3
         -93           1          20           3
         -43           3          21           3
         -30           2          22           3
         -63           2          23           3
         -80           1          24           3
         -48           1          25           3
         -56           1          26           3
          -7           2          27           3
         -69           2          28           3
         -43           4          29           4
         -48           2          30           4
         -28           2          31           4
         -41           3          32           4
         -18           2          33           4
         -41           4          34           4
         -38           1          35           4
         -19           2          36           4
          -7           2          37           4
         -74           1          38           4
         -88           2          39           4
         -43           2          40           4
         -52           1          41           4
         -11           1          42           4
         -27           1          43           4
         -25           1          44           4
         -25           2          45           4
         -78           2          46           4
         -89           2          47           4
          -1           1          48           4
         -25           3          49           4
         -31           2          50           4
         -38           2          51           4
         -74           2          52           4
         -22           1          53           4
         -40           4          54           4
         -78           3          55           4
         -33           1          56           4
         -11           2          57           4
          -8           2          58           4
         -79           3          59           4
         -52           2          60           4
         -38           3          61           4
         -24           3          62           4
         -80           3          63           4
         -28           3          64           4
         -48           3          65           4
         -43           5          66           5
         -57           1          67           5
         -39           4          68           5
         -23           3          69           5
         -22           3          70           5
         -63           3          71           5
         -72           3          72           5
         -30           3          73           5
         -23           4          74           5
         -39           5          75           5
         -63           3          76           5
         -39           6          77           6
         -71           3          78           6
         -41           5          79           6
         -59           1          80           6
         -71           4          81           6
         -81           3          82           6
         -63           4          83           6
         -21           3          84           6
         -39           7          85           7
          14           1          86           7
         -41           6          87           7
         -28           4          88           7
         -39           7          89           7
         -18           3          90           7
         -21           4          91           7
         -20           4          92           7
         -41           7          93           7
         -56           2          94           7
         -63           5          95           7
         -31           3          96           7
         -71           5          97           7
          -3           1          98           7
         -74           3          99           7
          -6           2         100           7
         -62           5         101           7
         -64           4         102           7
         -12           2         103           7
         -78           4         104           7
         -51           2         105           7
         -18           4         106           7
         -13           2         107           7
         -51           3         108           7
         -57           2         109           7
         -51           4         110           7
         -77           4         111           7
         -28           5         112           7
         -62           6         113           7
         -13           3         114           7
         -56           3         115           7
         -28           6         116           7
         -52           4         117           7
         -18           5         118           7
         -81           4         119           7
         -17           5         120           7
         -44           4         121           7
         -28           7         122           7
         -38           7         123           7
         -29           7         124           7
         -81           5         125           7
         -18           6         126           7
         -18           7         127           7
         -62           7         128           7
         -71           6         129           7
         -61           7         130           7
         -28           8         131           8
          15           1         132           8
         -77           4         133           8
         -71           7         134           8
         -81           6         135           8
          -8           3         136           8
         -18           8         137           8
         -81           7         138           8
         -61           8         139           8
         -85           2         140           8
         -71           8         141           8
         -48           4         142           8
         -41           8         143           8
         -61           9         144           9
          -4           1         145           9
         -55           3         146           9
         -81           8         147           9
         -60           9         148           9
         -38           6         149           9
         -28           9         150           9
         -81           9         151           9
         -13           4         152           9
         -82           7         153           9
         -18           8         154           9
         -41           9         155           9
         -80           9         156           9
         -13           4         157           9
         -69           3         158           9
         -37           7         159           9
         -81          10         160          10
         -90           2         161          10
         -48           4         162          10
         -17           7         163          10
         -44           5         164          10
          17           1         165          10
         -71           8         166          10
         -29           9         167          10
          -7           3         168          10
         -28          10         169          10
         -40           9         170          10
         -48           5         171          10
         -42           9         172          10
         -80          10         173          10
         -42          10         174          10
         -61          10         175          10
         -36           7         176          10
         -80           8         177          10
         -83           7         178          10
         -60           7         179          10
         -42          11         180          11
         -43          11         181          11
         -41          11         182          11
         -60          10         183          11
         -60          11         184          11
         -53           4         185          11
         -40           9         186          11
         -77           5         187          11
         -30           7         188          11
         -40          11         189          11
         -40          12         190          12
         -28          11         191          12
         -39          11         192          12
         -43          11         193          12
         -32           3         194          12
         -49           5         195          12
         -28          12         196          12
         -31           7         197          12
         -64           4         198          12
         -40          12         199          12
         -28          13         200          13
         -27          13         201          13
         -77           6         202          13
         -27          14         203          14
         -77           7         204          14
         -79          10         205          14
         -59          11         206          14
         -22           4         207          14
         -40          13         208          14
         -59          12         209          14
         -81          10         210          14
         -29          13         211          14
         -83           6         212          14
         -44          11         213          14
         -81          11         214          14
         -70           8         215          14
         -76           7         216          14
         -76           8         217          14
          -6           2         218          14
         -40          14         219          14
         -50           5         220          14
         -17           7         221          14
         -41          14         222          14
         -17           8         223          14
         -71           8         224          14
         -65           4         225          14
          -8           4         226          14
          15           2         227          14
         -60          12         228          14
         -58          12         229          14
         -82          11         230          14
         -40          15         231          15
         -60          13         232          15
         -41          15         233          15
          -7           4         234          15
         -86           2         235          15
         -40          16         236          16
         -62          10         237          16
         -18           9         238          16
         -58          13         239          16
         -41          15         240          16
         -82          12         241          16
         -40          17         242          17
         -81          12         243          17
         -57          12         244          17
         -70           9         245          17
         -42          14         246          17
         -58          14         247          17
         -58          15         248          17
         -64           5         249          17
         -41          17         250          17
         -76           9         251          17
         -43           9         252          17
         -60          14         253          17
         -29          14         254          17
         -40          18         255          18
         -19           9         256          18
         -76          10         257          18
         -69           9         258          18
         -40          18         259          18
         -30          13         260          18
         -39          17         261          18
         -26          14         262          18
         -39          16         263          18
         -60          15         264          18
         -83          12         265          18
         -70          10         266          18
         -40          19         267          19
         -12           4         268          19
         -83          13         269          19
         -29          14         270          19
         -43          14         271          19
         -12           5         272          19
         -81          13         273          19
         -84           7         274          19
         -57          15         275          19
         -57          16         276          19
         -60          16         277          19
         -44          14         278          19
         -57          17         279          19
         -60          17         280          19
         -12           6         281          19
         -26          15         282          19
         -61          15         283          19
         -61          17         284          19
         -83          14         285          19
         -38          16         286          19
         -41          18         287          19
         -19           8         288          19
         -18          10         289          19
         -57          18         290          19
          19           1         291          19
         -71          10         292          19
         -83          15         293          19
         -40          20         294          20
         -31          13         295          20
         -44          15         296          20
         -26          16         297          20
         -26          16         298          20
         -63          10         299          20
         -57          19         300          20
         -32          13         301          20
         -26          17         302          20
         -57          20         303          20
         -25          17         304          20
         -39          19         305          20
         -25          18         306          20
         -18          11         307          20
         -56          20         308          20
         -12           7         309          20
         -56          21         310          21
         -26          18         311          21
         -56          22         312          22
          25           1         313          22
         -56          19         314          22
         -55          19         315          22
          40           1         316          22
         -39          20         317          22
         -83          16         318          22
         -29          15         319          22
         -63          11         320          22
         -26          19         321          22
         -26          20         322          22
         -26          20         323          22
         -71          11         324          22
         -63          12         325          22
         -38          17         326          22
         -40          21         327          22
         -61          17         328          22
         -58          20         329          22
         -32          14         330          22
         -56          23         331          23
         -42          18         332          23
         -37          17         333          23
         -82          16         334          23
         -27          20         335          23
         -58          21         336          23
         -41          21         337          23
         -69          10         338          23
         -41          16         339          23
         -59          21         340          23
         -42          19         341          23
         -41          22         342          23
         -43          19         343          23
         -25          19         344          23
         -56          23         345          23
         -62          17         346          23
         -27          21         347          23
         -59          22         348          23
         -28          21         349          23
         -60          22         350          23
         -84          16         351          23
         -38          20         352          23
         -24          17         353          23
         -25          20         354          23
         -80          13         355          23
         -43          18         356          23
          34           1         357          23
         -57          23         358          23
          30           1         359          23
         -59          23         360          23
         -82          17         361          23
         -61          22         362          23
         -38          21         363          23
         -55          23         364          23
         -83          17         365          23
         -82          18         366          23
         -62          18         367          23
         -24          20         368          23
         -38          22         369          23
         -81          17         370          23
         -80          17         371          23
         -79          17         372          23
         -54          23         373          23
         -23          20         374          23
         -71          12         375          23
         -57          24         376          24
         -25          21         377          24
         -75          10         378          24
         -60          23         379          24
         -23          21         380          24
         -23          22         381          24
         -78          17         382          24
         -22          22         383          24
         -22          23         384          24
         -22          23         385          24
         -21          23         386          24
         -53          23         387          24
         -28          22         388          24
         -22          24         389          24
         -41          23         390          24
         -78          18         391          24
         -42          22         392          24
         -58          24         393          24
         -42          23         394          24
         -28          23         395          24
         -62          22         396          24
         -45          15         397          24
         -63          22         398          24
         -61          21         399          24
         -64          22         400          24
         -63          12         401          24
         -78          18         402          24
         -64          22         403          24
         -55          24         404          24
         -53          22         405          24
         -63          23         406          24
         -20          23         407          24
          36           1         408          24
         -22          20         409          24
         -19          23         410          24
         -58          25         411          25
         -58          26         412          26
         -56           4         413          26
         -28          24         414          26
         -43          22         415          26
         -64          22         416          26
         -52          23         417          26
         -63          24         418          26
         -62          24         419          26
         -38          23         420          26
          40           2         421          26
         -41          24         422          26
         -41          25         423          26
         -28          25         424          26
         -19          24         425          26
         -58          27         426          27
         -29          24         427          27
         -53          21         428          27
         -58          28         429          28
         -38          24         430          28
         -41          26         431          28
         -42          25         432          28
         -28          25         433          28
         -18          24         434          28
         -22          25         435          28
         -80          18         436          28
         -58          29         437          29
         -78          19         438          29
         -30          24         439          29
         -77          18         440          29
         -41          27         441          29
         -52          24         442          29
         -40          26         443          29
         -58          30         444          30
         -58          31         445          31
         -51          24         446          31
         -63          25         447          31
         -58          32         448          32
         -40          27         449          32
         -17          24         450          32
         -19          22         451          32
         -59          29         452          32
         -83          18         453          32
         -43          25         454          32
         -30          25         455          32
         -43          26         456          32
         -57          32         457          32
         -59          31         458          32
          22           1         459          32
         -78          20         460          32
         -44          26         461          32
         -25          22         462          32
         -60          29         463          32
         -22          26         464          32
         -84          18         465          32
         -57          33         466          33
         -39          27         467          33
         -57          34         468          34
         -30          26         469          34
         -38          27         470          34
         -58          34         471          34
         -60          29         472          34
         -56          34         473          34
         -30          27         474          34
         -60          30         475          34
         -43          27         476          34
         -57          35         477          35
         -31          26         478          35
         -38          28         479          35
          40           3         480          35
         -60          31         481          35
         -22          27         482          35
         -23          27         483          35
         -57          36         484          36
         -58          35         485          36
         -84          19         486          36
         -23          28         487          36
         -16          24         488          36
          40           4         489          36
         -57          36         490          36
         -42          27         491          36
         -38          29         492          36
         -57          37         493          37
         -60          31         494          37
         -56          36         495          37
         -18          25         496          37
         -64          24         497          37
         -32          26         498          37
         -30          28         499          37
         -40          28         500          37
         -38          30         501          37
         -30          29         502          37
          40           5         503          37
         -59          35         504          37
         -31          28         505          37
         -18          22         506          37
         -32          28         507          37
         -38          31         508          37
         -57          38         509          38
         -39          31         510          38
         -61          31         511          38
         -60          32         512          38
          39           5         513          38
         -23          28         514          38
         -58          38         515          38
          40           6         516          38
         -65          24         517          38
         -60          33         518          38
         -60          34         519          38
         -38          32         520          38
         -15          24         521          38
         -59          38         522          38
         -76          18         523          38
         -57          39         524          39
         -65          25         525          39
         -32          29         526          39
         -23          29         527          39
         -57          39         528          39
          30           2         529          39
         -39          32         530          39
         -39          33         531          39
         -38          33         532          39
         -56          35         533          39
          40           7         534          39
         -24          29         535          39
         -61          33         536          39
         -55          36         537          39
         -24          30         538          39
         -23          30         539          39
         -23          31         540          39
         -62          33         541          39
         -72          12         542          39
         -66          24         543          39
         -54          36         544          39
         -56          39         545          39
         -37          32         546          39
         -25          30         547          39
         -56          40         548          40
         -55          39         549          40
         -39          34         550          40
         -57          29         551          40
         -23          32         552          40
         -22          29         553          40
          67           1         554          40
         -57          40         555          40
         -32          30         556          40
         -23          33         557          40
         -22          32         558          40
         -58          40         559          40
         -56          41         560          41
         -59          40         561          41
         -59          41         562          41
         -56          42         563          42
          51           1         564          42
         -60          41         565          42
         -23          34         566          42
         -23          34         567          42
         -21          29         568          42
         -53          36         569          42
         -60          38         570          42
         -52          36         571          42
         -38          34         572          42
         -61          41         573          42
         -61          31         574          42
         -51          36         575          42
          40           7         576          42
         -23          35         577          42
         -61          42         578          42
         -84          17         579          42
         -51          36         580          42
         -61          43         581          43
         -56          43         582          43
         -39          35         583          43
         -22          32         584          43
          52           1         585          43
         -61          44         586          44
         -71          13         587          44
         -56          44         588          44
         -61          45         589          45
         -60          45         590          45
         -40          33         591          45
         -62          45         592          45
         -62          46         593          46
         -39          36         594          46
          68           1         595          46
         -51          37         596          46
         -24          32         597          46
         -56          45         598          46
         -39          37         599          46
         -55          45         600          46
         -55          46         601          46
         -39          38         602          46
         -36          32         603          46
         -59          45         604          46
         -36          33         605          46
         -55          47         606          47
         -55          48         607          48
         -35          33         608          48
         -66          24         609          48
         -63          46         610          48
         -44          27         611          48
          57           1         612          48
         -30          30         613          48
         -78          20         614          48
         -23          36         615          48
         -22          34         616          48
         -55          49         617          49
         -56          49         618          49
         -63          46         619          49
         -38          38         620          49
         -38          39         621          49
         -37          39         622          49
         -55          50         623          50
         -39          38         624          50
         -57          49         625          50
          39           2         626          50
          40           7         627          50
         -55          44         628          50
         -64          46         629          50
         -37          38         630          50
         -55          50         631          50
         -38          40         632          50
         -55          43         633          50
         -23          37         634          50
         -63          47         635          50
         -23          38         636          50
         -55          51         637          51
         -55          42         638          51
         -23          39         639          51
         -62          41         640          51
         -55          52         641          52
         -54          52         642          52
         -22          39         643          52
          72           1         644          52
         -63          48         645          52
          28           1         646          52
         -35          34         647          52
         -85          19         648          52
         -55          53         649          53
         -55          54         650          54
         -54          54         651          54
         -63          49         652          54
         -53          54         653          54
         -40          38         654          54
          40           8         655          54
         -54          52         656          54
         -63          50         657          54
         -63          51         658          54
         -56          54         659          54
         -57          54         660          54
          68           2         661          54
         -58          54         662          54
         -23          40         663          54
          40           9         664          54
         -57          55         665          55
         -80          19         666          55
         -38          41         667          55
         -54          55         668          55
          41           9         669          55
         -57          56         670          56
         -23          41         671          56
         -61          29         672          56
         -58          56         673          56
         -38          42         674          56
         -24          40         675          56
         -58          53         676          56
         -38          43         677          56
         -24          37         678          56
         -54          56         679          56
         -24          32         680          56
         -67          24         681          56
         -36          39         682          56
         -23          42         683          56
          28           1         684          56
          66           1         685          56
         -50          37         686          56
         -15          25         687          56
         -54          48         688          56
          46           1         689          56
         -64          50         690          56
         -22          39         691          56
         -14          24         692          56
         -54          57         693          57
         -22          38         694          57
         -53          53         695          57
         -61          38         696          57
         -59          56         697          57
         -52          54         698          57
         -35          35         699          57
         -59          54         700          57
         -59          57         701          57
         -60          57         702          57
         -38          44         703          57
         -54          58         704          58
         -51          54         705          58
         -21          30         706          58
          57           1         707          58
          81           1         708          58
         -59          58         709          58
         -55          58         710          58
         -36          40         711          58
         -38          45         712          58
         -59          59         713          59
          40          10         714          59
         -61          57         715          59
         -64          51         716          59
         -62          57         717          59
          39          10         718          59
         -62          58         719          59
         -62          56         720          59
         -21          38         721          59
         -59          60         722          60
         -51          53         723          60
         -37          44         724          60
         -23          43         725          60
         -55          59         726          60
         -63          58         727          60
         -59          61         728          61
         -63          59         729          61
         -65          46         730          61
         -53          57         731          61
         -35          40         732          61
          74           1         733          61
         -60          61         734          61
         -63          60         735          61
          15           2         736          61
         -60          62         737          62
         -64          60         738          62
         -63          58         739          62
          79           1         740          62
         -60          63         741          63
         -54          59         742          63
         -53          58         743          63
         -37          45         744          63
         -55          60         745          63
          30           3         746          63
         -36          45         747          63
         -61          62         748          63
         -40          39         749          63
         -59          63         750          63
         -38          46         751          63
         -65          47         752          63
         -23          44         753          63
         -58          63         754          63
         -57          63         755          63
         -30          31         756          63
         -54          60         757          63
         -63          61         758          63
         -52          57         759          63
         -62          62         760          63
         -24          44         761          63
         -39          45         762          63
         -23          45         763          63
         -40          45         764          63
         -62          63         765          63
         -63          63         766          63
         -23          46         767          63
          38          10         768          63
         -60          64         769          64
         -57          64         770          64
          17           2         771          64
         -22          45         772          64
         -21          45         773          64
         -53          59         774          64
         -21          46         775          64
          51           2         776          64
          38          11         777          64
          85           1         778          64
         -63          56         779          64
          79           2         780          64
         -24          45         781          64
         -60          65         782          65
          37          10         783          65
         -50          54         784          65
         -50          54         785          65
          37          11         786          65
         -61          65         787          65
          14           2         788          65
         -64          58         789          65
         -63          64         790          65
         -54          60         791          65
         -54          61         792          65
         -57          64         793          65
         -36          46         794          65
         -57          64         795          65
         -36          46         796          65
         -21          47         797          65
         -35          46         798          65
         -60          66         799          66
          46           1         800          66
         -60          67         801          67
          37          12         802          67
         -23          46         803          67
         -50          53         804          67
         -40          46         805          67
         -51          57         806          67
         -61          67         807          67
         -52          59         808          67
         -22          47         809          67
         -59          66         810          67
         -56          64         811          67
         -51          59         812          67
         -64          56         813          67
         -34          46         814          67
         -60          67         815          67
         -62          67         816          67
         -61          68         817          68
         -56          65         818          68
         -50          59         819          68
         -20          45         820          68
         -63          67         821          68
         -64          67         822          68
          12           1         823          68
         -50          60         824          68
          61           1         825          68
         -58          66         826          68
         -61          69         827          69
         -55          65         828          69
         -60          69         829          69
         -54          65         830          69
          36          10         831          69
         -59          69         832          69
         -62          69         833          69
         -64          68         834          69
         -55          66         835          69
         -53          65         836          69
         -49          59         837          69
         -60          70         838          70
         -48          59         839          70
         -20          45         840          70
         -58          69         841          70
          85           1         842          70
         -57          69         843          70
          40          11         844          70
         -30          31         845          70
         -35          47         846          70
         -50          61         847          70
          74           2         848          70
         -65          68         849          70
          87           1         850          70
         -49          60         851          70
         -65          45         852          70
         -57          70         853          70
         -60          70         854          70
         -62          70         855          70
         -65          60         856          70
         -66          68         857          70
         -52          65         858          70
          68           3         859          70
         -57          68         860          70
         -20          44         861          70
         -57          71         862          71
         -65          69         863          71
         -20          46         864          71
         -60          71         865          71
         -53          66         866          71
          87           2         867          71
         -63          69         868          71
         -62          71         869          71
          46           2         870          71
         -60          72         871          72
         -63          71         872          72
         -62          72         873          72
         -65          58         874          72
         -20          47         875          72
         -65          70         876          72
         -51          65         877          72
         -60          73         878          73
         -62          73         879          73
         -66          60         880          73
          41          11         881          73
         -63          73         882          73
         -35          48         883          73
         -35          49         884          73
         -51          66         885          73
         -66          58         886          73
         -55          66         887          73
         -51          67         888          73
         -60          74         889          74
         -64          66         890          74
         -67          60         891          74
         -63          74         892          74
         -57          71         893          74
          69           3         894          74
         -66          68         895          74
          79           3         896          74
         -56          71         897          74
         -61          74         898          74
         -53          67         899          74
         -56          72         900          74
         -63          75         901          75
         -66          70         902          75
         -55          72         903          75
         -59          74         904          75
          74           3         905          75
         -66          67         906          75
          36          12         907          75
         -36          49         908          75
         -51          68         909          75
         -63          76         910          76
         -51          68         911          76
         -51          68         912          76
         -58          74         913          76
         -58          75         914          76
         -47          59         915          76
         -51          64         916          76
         -51          68         917          76
          36          13         918          76
         -63          77         919          77
         -61          75         920          77
         -58          76         921          77
         -64          74         922          77
         -57          76         923          77
         -64          77         924          77
         -35          50         925          77
          41           6         926          77
         -65          74         927          77
         -50          67         928          77
         -65          77         929          77
         -56          76         930          77
         -49          67         931          77
          42           6         932          77
         -49          66         933          77
         -55          71         934          77
         -58          77         935          77
         -49          68         936          77
         -20          47         937          77
         -66          74         938          77
         -66          70         939          77
         -55          73         940          77
         -59          77         941          77
         -55          76         942          77
         -63          78         943          78
         -55          76         944          78
          42          11         945          78
         -63          79         946          79
         -59          78         947          79
          79           4         948          79
         -60          77         949          79
          57           2         950          79
         -59          79         951          79
         -54          76         952          79
         -54          77         953          79
         -53          77         954          79
         -52          77         955          79
         -52          78         956          79
         -59          80         957          80
         -58          79         958          80
         -41          45         959          80
         -51          78         960          80
         -50          78         961          80
         -59          81         962          81
         -50          78         963          81
         -64          79         964          81
         -54          78         965          81
         -60          81         966          81
         -60          82         967          82
         -66          77         968          82
         -51          77         969          82
         -49          69         970          82
         -50          78         971          82
         -58          80         972          82
         -50          77         973          82
         -67          74         974          82
         -58          81         975          82
         -57          80         976          82
         -61          81         977          82
         -60          82         978          82
         -66          68         979          82
         -49          77         980          82
         -65          78         981          82
         -68          74         982          82
         -60          82         983          82
         -50          79         984          82
          38          12         985          82
         -67          75         986          82
         -68          75         987          82
         -52          79         988          82
         -52          80         989          82
         -61          82         990          82
         -61          83         991          83
         -58          82         992          83
          36          10         993          83
         -62          83         994          83
         -69          75         995          83
         -49          76         996          83
          50           2         997          83
          91           1         998          83
         -57          82         999          83
         -60          83        1000          83
         -68          76        1001          83
         -48          77        1002          83
         -68          60        1003          83
         -50          80        1004          83
         -63          83        1005          83
         -63          84        1006          84
         -63          85        1007          85
         -68          77        1008          85
         -49          80        1009          85
         -60          84        1010          85
         -59          84        1011          85
         -64          84        1012          85
         -35          51        1013          85
         -69          75        1014          85
         -64          83        1015          85
         -22          47        1016          85
          51           3        1017          85
         -49          76        1018          85
         -64          84        1019          85
         -58          83        1020          85
         -64          85        1021          85
         -49          81        1022          85
         -60          84        1023          85
         -64          83        1024          85
         -59          85        1025          85
         -51          69        1026          85
         -48          81        1027          85
         -48          81        1028          85
         -64          85        1029          85
         -20          48        1030          85
         -70          75        1031          85
         -65          79        1032          85
         -59          86        1033          86
         -67          68        1034          86
         -48          82        1035          86
         -48          83        1036          86
         -60          86        1037          86
         -65          83        1038          86
         -36          39        1039          86
         -35          52        1040          86
         -34          49        1041          86
          57           3        1042          86
         -60          87        1043          87
         -59          87        1044          87
         -65          85        1045          87
         -66          83        1046          87
         -48          76        1047          87
         -60          88        1048          88
         -59          88        1049          88
         -69          77        1050          88
         -69          78        1051          88
         -67          83        1052          88
         -46          59        1053          88
         -48          84        1054          88
         -64          86        1055          88
         -60          89        1056          89
         -68          83        1057          89
         -58          85        1058          89
         -60          90        1059          90
