        -100           0           0           0
         -99           0           0           0
         -98           0           0           0
         -97           0           0           0
         -96           0           0           0
         -95           0           0           0
         -94           0           0           0
         -93           0           0           0
         -92           0           0           0
         -91           0           0           0
         -90           0           0           0
         -89           0           0           0
         -88           0           0           0
         -87           0           0           0
         -86           0           0           0
         -85           0           0           0
         -84           0           0           0
         -83           0           0           0
         -82           0           0           0
         -81           0           0           0
         -80           0           0           0
         -79           0           0           0
         -78           0           0           0
         -77           0           0           0
         -76           0           0           0
         -75           0           0           0
         -74           0           0           0
         -73           0           0           0
         -72           0           0           0
         -71           0           0           0
         -70           0           0           0
         -69           0           0           0
         -68           0           0           0
         -67           0           0           0
         -66           0           0           0
         -65           0           0           0
         -64           0           0           0
         -63           0           0           0
         -62           0           0           0
         -61           0           0           0
         -60           0           0           0
         -59           0           0           0
         -58           0           0           0
         -57           0           0           0
         -56           0           0           0
         -55           0           0           0
         -54           0           0           0
         -53           0           0           0
         -52           0           0           0
         -51           0           0           0
         -50           0           0           0
         -49           0           0           0
         -48           0           0           0
         -47           0           0           0
         -46           0           0           0
         -45           0           0           0
         -44           0           0           0
         -43           0           0           0
         -42           0           0           0
         -41           0           0           0
         -40           0           0           0
         -39           0           0           0
         -38           0           0           0
         -37           0           0           0
         -36           0           0           0
         -35           0           0           0
         -34           0           0           0
         -33           0           0           0
         -32           0           0           0
         -31           0           0           0
         -30           0           0           0
         -29           0           0           0
         -28           0           0           0
         -27           0           0           0
         -26           0           0           0
         -25           0           0           0
         -24           0           0           0
         -23           0           0           0
         -22           0           0           0
         -21           0           0           0
         -20           0           0           0
         -19           0           0           0
         -18           0           0           0
         -17           0           0           0
         -16           0           0           0
         -15           0           0           0
         -14           0           0           0
         -13           0           0           0
         -12           0           0           0
         -11           0           0           0
         -10           0           0           0
          -9           0           0           0
          -8           0           0           0
          -7           0           0           0
          -6           0           0           0
          -5           0           0           0
          -4           0           0           0
          -3           0           0           0
          -2           0           0           0
          -1           0           0           0
           0           0           0           0
           1           0           0           0
           2           0           0           0
           3           0           0           0
           4           0           0           0
           5           0           0           0
           6           0           0           0
           7           0           0           0
           8           0           0           0
           9           0           0           0
          10           0           0           0
          11           0           0           0
          12           0           0           0
          13           0           0           0
          14           0           0           0
          15           0           0           0
          16           0           0           0
          17           0           0           0
          18           0           0           0
          19           0           0           0
          20           0           0           0
          21           0           0           0
          22           0           0           0
          23           0           0           0
          24           0           0           0
          25           0           0           0
          26           0           0           0
          27           0           0           0
          28           0           0           0
          29           0           0           0
          30           0           0           0
          31           0           0           0
          32           0           0           0
          33           0           0           0
          34           0           0           0
          35           0           0           0
          36           0           0           0
          37           0           0           0
          38           0           0           0
          39           0           0           0
          40           0           0           0
          41           0           0           0
          42           0           0           0
          43           0           0           0
          44           0           0           0
          45           0           0           0
          46           0           0           0
          47           0           0           0
          48           0           0           0
          49           0           0           0
          50           0           0           0
          51           0           0           0
          52           0           0           0
          53           0           0           0
          54           0           0           0
          55           0           0           0
          56           0           0           0
          57           0           0           0
          58           0           0           0
          59           0           0           0
          60           0           0           0
          61           0           0           0
          62           0           0           0
          63           0           0           0
          64           0           0           0
          65           0           0           0
          66           0           0           0
          67           0           0           0
          68           0           0           0
          69           0           0           0
          70           0           0           0
          71           0           0           0
          72           0           0           0
          73           0           0           0
          74           0           0           0
          75           0           0           0
          76           0           0           0
          77           0           0           0
          78           0           0           0
          79           0           0           0
          80           0           0           0
          81           0           0           0
          82           0           0           0
          83           0           0           0
          84           0           0           0
          85           0           0           0
          86           0           0           0
          87           0           0           0
          88           0           0           0
          89           0           0           0
          90           0           0           0
          91           0           0           0
          92           0           0           0
          93           0           0           0
          94           0           0           0
          95           0           0           0
          96           0           0           0
          97           0           0           0
          98           0           0           0
          99           0           0           0
         100           0           0           0
         -87           1           2           1
         -85           1           3           1
         -48           1           4           1
         -43           1           5           1
         -43           2           6           2
         -33           1           7           2
         -66           1           8           2
         -48           1           9           2
         -12           1          10           2
         -12           1          11           2
         -33           2          12           2
         -10           1          13           2
         -23           1          14           2
         -66           2          15           2
         -29           1          16           2
         -67           2          17           2
         -33           3          18           3
         -67           3          19           3
         -34           3          20           3
         -12           2          21           3
         -40           1          22           3
         -29           2          23           3
         -12           3          24           3
         -34           3          25           3
         -15           1          26           3
          -3           1          27           3
         -28           2          28           3
         -17           1          29           3
         -44           2          30           3
         -18           1          31           3
         -62           1          32           3
         -77           1          33           3
         -40           2          34           3
         -88           1          35           3
         -29           3          36           3
         -40           3          37           3
         -48           2          38           3
         -32           3          39           3
         -81           1          40           3
         -29           4          41           4
         -81           2          42           4
         -71           1          43           4
         -44           3          44           4
         -41           3          45           4
         -87           2          46           4
         -55           1          47           4
         -32           4          48           4
         -67           4          49           4
         -73           1          50           4
         -34           4          51           4
         -71           2          52           4
         -13           3          53           4
         -14           3          54           4
         -68           4          55           4
         -15           3          56           4
         -44           4          57           4
         -53           1          58           4
         -74           1          59           4
         -32           5          60           5
         -12           3          61           5
         -48           2          62           5
          -3           2          63           5
         -29           5          64           5
         -29           6          65           6
         -67           5          66           6
         -87           3          67           6
          -3           2          68           6
         -30           6          69           6
         -32           6          70           6
         -13           4          71           6
         -64           1          72           6
         -32           7          73           7
         -89           1          74           7
         -31           7          75           7
         -77           1          76           7
         -31           8          77           8
         -16           3          78           8
         -66           5          79           8
         -96           1          80           8
         -45           4          81           8
          10           1          82           8
         -69           4          83           8
         -28           6          84           8
         -80           2          85           8
         -57           1          86           8
          -2           2          87           8
         -32           8          88           8
         -39           3          89           8
         -28           5          90           8
         -62           2          91           8
         -27           5          92           8
         -67           6          93           8
         -44           5          94           8
         -17           3          95           8
         -24           1          96           8
         -63           2          97           8
         -13           4          98           8
         -28           7          99           8
         -35           3         100           8
         -87           4         101           8
         -33           8         102           8
         -19           1         103           8
         -13           5         104           8
         -51           1         105           8
         -39           4         106           8
         -71           3         107           8
         -31           9         108           9
         -39           5         109           9
         -30           9         110           9
         -70           4         111           9
         -45           5         112           9
         -12           3         113           9
         -33           9         114           9
         -31          10         115          10
         -33          10         116          10
         -31          11         117          11
         -17           4         118          11
         -30          11         119          11
         -31          12         120          12
         -48           3         121          12
         -57           2         122          12
         -73           2         123          12
         -67           7         124          12
         -18           4         125          12
         -44           6         126          12
         -11           2         127          12
         -32          12         128          12
         -62           2         129          12
         -18           5         130          12
         -23           2         131          12
         -95           1         132          12
         -65           5         133          12
         -77           2         134          12
         -34          10         135          12
         -44           7         136          12
          -4           2         137          12
         -30          12         138          12
         -51           1         139          12
         -32          13         140          13
         -45           7         141          13
         -18           6         142          13
         -17           6         143          13
          26           1         144          13
         -32          13         145          13
         -77           2         146          13
         -67           8         147          13
         -27           5         148          13
         -33          13         149          13
         -34          13         150          13
         -34          14         151          14
         -38           5         152          14
         -43           7         153          14
         -62           3         154          14
         -68           7         155          14
         -70           5         156          14
         -34          15         157          15
         -48           3         158          15
         -82           2         159          15
         -31          13         160          15
         -48           4         161          15
         -35          15         162          15
         -34          15         163          15
         -45           8         164          15
         -32          14         165          15
         -44           8         166          15
         -16           6         167          15
         -67           8         168          15
         -72           3         169          15
         -68           8         170          15
         -57           3         171          15
         -38           6         172          15
         -36          15         173          15
         -31          14         174          15
         -64           5         175          15
         -49           4         176          15
         -70           5         177          15
         -51           2         178          15
         -69           8         179          15
         -69           9         180          15
         -45           9         181          15
         -34          16         182          16
         -16           7         183          16
         -34          17         184          17
         -15           6         185          17
         -66           8         186          17
         -44           9         187          17
          29           1         188          17
         -32          15         189          17
         -32          15         190          17
         -15           7         191          17
         -43           9         192          17
          22           1         193          17
         -34          17         194          17
         -18           7         195          17
         -34          18         196          18
         -70           8         197          18
         -33          18         198          18
         -44          10         199          18
         -70           8         200          18
         -18           8         201          18
         -87           4         202          18
         -33          19         203          19
         -36          16         204          19
         -92           1         205          19
         -70           8         206          19
         -46           8         207          19
         -70           9         208          19
         -33          20         209          20
         -33          21         210          21
         -33          21         211          21
         -32          21         212          21
         -43          10         213          21
         -49           5         214          21
         -30          13         215          21
         -64           6         216          21
         -66           9         217          21
          28           1         218          21
         -65           9         219          21
         -47           8         220          21
         -31          21         221          21
         -47           7         222          21
         -57           4         223          21
         -36          17         224          21
         -31          22         225          22
         -37          17         226          22
         -18           8         227          22
         -43          11         228          22
          34           1         229          22
         -30          21         230          22
         -32          19         231          22
         -64           9         232          22
         -32          22         233          22
         -48           8         234          22
         -37           6         235          22
         -31          23         236          23
         -46           9         237          23
         -18           9         238          23
         -62           4         239          23
         -46          10         240          23
         -31          24         241          24
         -63           9         242          24
         -34          20         243          24
          26           2         244          24
         -68           9         245          24
         -63          10         246          24
         -53           2         247          24
         -31          25         248          25
         -29          21         249          25
         -31          26         250          26
         -64          10         251          26
         -38          17         252          26
         -32          26         253          26
         -73           3         254          26
         -87           5         255          26
         -31          27         256          27
         -33          21         257          27
         -38          17         258          27
         -30          25         259          27
         -39          17         260          27
         -64          11         261          27
         -33          26         262          27
         -29          22         263          27
         -15           8         264          27
         -43          12         265          27
         -29          25         266          27
         -40          17         267          27
          28           2         268          27
         -31          28         269          28
         -63          11         270          28
         -29          26         271          28
         -32          16         272          28
         -65          11         273          28
         -51           3         274          28
         -71           9         275          28
         -35          20         276          28
         -34          26         277          28
         -48           8         278          28
         -34          21         279          28
         -72           4         280          28
         -72           9         281          28
         -41          17         282          28
         -64          12         283          28
         -64          13         284          28
         -42          17         285          28
         -32          28         286          28
          26           3         287          28
         -33          28         288          28
         -18          10         289          28
         -63          13         290          28
         -28          26         291          28
          29           2         292          28
         -64          14         293          28
         -33          29         294          29
         -32          29         295          29
         -64          15         296          29
         -71          10         297          29
         -64          16         298          29
         -63          16         299          29
         -72          10         300          29
         -43          17         301          29
         -27          26         302          29
         -62          16         303          29
         -62          13         304          29
         -31          29         305          29
         -27          27         306          29
         -34          29         307          29
           7           1         308          29
         -61          16         309          29
         -33          30         310          30
         -26          27         311          30
         -65          15         312          30
         -30          29         313          30
         -87           5         314          30
         -86           4         315          30
         -26          28         316          30
         -34          30         317          30
         -35          29         318          30
         -35          30         319          30
         -62          17         320          30
         -38          18         321          30
         -64          17         322          30
         -35          29         323          30
         -60          16         324          30
         -27          25         325          30
         -35          29         326          30
         -25          27         327          30
         -33          31         328          31
         -25          26         329          31
         -35          28         330          31
          23           1         331          31
         -24          27         332          31
         -35          30         333          31
         -35          31         334          31
         -62          12         335          31
         -24          28         336          31
         -23          28         337          31
         -35          32         338          32
         -36          32         339          32
          23           2         340          32
         -30          30         341          32
         -24          29         342          32
         -35          21         343          32
         -36          28         344          32
         -34          32         345          32
         -25          29         346          32
         -23          29         347          32
         -65          13         348          32
         -61          15         349          32
         -65          17         350          32
         -36          33         351          33
         -33          32         352          33
         -62          18         353          33
         -23          30         354          33
          15           1         355          33
         -22          30         356          33
         -36          34         357          34
         -21          30         358          34
         -33          33         359          34
         -44          17         360          34
         -22          31         361          34
         -36          34         362          34
         -36          32         363          34
         -22          28         364          34
         -20          30         365          34
         -37          34         366          34
         -36          35         367          35
         -22          31         368          35
         -34          33         369          35
         -38          19         370          35
         -37          34         371          35
         -35          35         372          35
         -46          11         373          35
         -36          36         374          36
         -34          34         375          36
         -35          36         376          36
         -35          37         377          37
         -24          30         378          37
         -45          17         379          37
         -59          16         380          37
         -63          18         381          37
         -34          36         382          37
          40           1         383          37
         -36          31         384          37
         -35          38         385          38
         -36          38         386          38
         -61          18         387          38
         -43          18         388          38
         -36          39         389          39
         -37          38         390          39
         -39          19         391          39
         -72          11         392          39
         -37          32         393          39
          55           1         394          39
         -19          30         395          39
         -24          31         396          39
          32           1         397          39
         -25          31         398          39
         -33          34         399          39
          62           1         400          39
         -19          31         401          39
         -37          39         402          39
         -37          40         403          40
         -38          38         404          40
          40           2         405          40
         -71          10         406          40
         -38          20         407          40
         -38          40         408          40
         -38          41         409          41
         -24          32         410          41
         -24          33         411          41
         -38          21         412          41
          56           1         413          41
         -39          38         414          41
         -38          41         415          41
         -18          31         416          41
          34           2         417          41
          22           2         418          41
         -38          34         419          41
         -24          34         420          41
         -37          40         421          41
         -45          18         422          41
         -39          41         423          41
         -37          40         424          41
         -60          18         425          41
         -38          35         426          41
         -38          21         427          41
         -40          41         428          41
         -38          42         429          42
         -38          42         430          42
         -47          11         431          42
         -39          35         432          42
         -38          43         433          43
         -38          44         434          44
         -61          19         435          44
         -24          34         436          44
         -38          44         437          44
         -38          45         438          45
         -30          31         439          45
         -24          35         440          45
         -40          40         441          45
         -81           3         442          45
         -24          36         443          45
         -77           3         444          45
         -39          42         445          45
         -39          44         446          45
         -37          44         447          45
         -40          38         448          45
         -63          18         449          45
         -44          18         450          45
         -41          40         451          45
         -63          19         452          45
         -42          40         453          45
         -76           3         454          45
         -37          43         455          45
         -46          17         456          45
         -39          35         457          45
         -36          27         458          45
         -39          45         459          45
         -59          17         460          45
         -39          46         461          46
          62           2         462          46
         -63          20         463          46
         -39          44         464          46
         -65          17         465          46
         -39          47         466          47
         -40          37         467          47
         -40          45         468          47
         -40          46         469          47
         -38          47         470          47
         -37          47         471          47
         -37          27         472          47
         -38          48         473          48
         -23          35         474          48
         -42          41         475          48
         -33          35         476          48
         -64          19         477          48
         -40          46         478          48
         -24          37         479          48
         -41          45         480          48
         -43          41         481          48
         -24          38         482          48
         -42          45         483          48
         -44          41         484          48
         -43          45         485          48
         -25          34         486          48
         -37          48         487          48
          23           3         488          48
         -45          41         489          48
         -37          49         490          49
         -37          50         491          50
         -39          47         492          50
         -46          41         493          50
         -39          47         494          50
         -46          18         495          50
         -37          50         496          50
          47           1         497          50
         -22          35         498          50
         -35          39         499          50
         -38          50         500          50
         -40          47         501          50
          69           1         502          50
          63           2         503          50
         -43          46         504          50
         -43          47         505          50
         -43          48         506          50
         -26          34         507          50
          74           1         508          50
         -46          42         509          50
         -47          41         510          50
         -47          42         511          50
         -41          47         512          50
         -43          44         513          50
         -73           9         514          50
          49           1         515          50
         -36          48         516          50
         -43          49         517          50
         -25          36         518          50
         -18          30         519          50
         -47          18         520          50
         -47          41         521          50
         -21          35         522          50
          67           1         523          50
         -36          49         524          50
         -72          12         525          50
         -39          50         526          50
         -46          40         527          50
         -44          47         528          50
         -68          10         529          50
         -43          50         530          50
         -43          51         531          51
         -44          50         532          51
         -36          44         533          51
         -18          30         534          51
         -36          50         535          51
         -43          52         536          52
         -45          50         537          52
         -43          53         538          53
          44           1         539          53
         -35          49         540          53
         -44          53         541          53
         -58          16         542          53
         -48          41         543          53
         -25          38         544          53
         -44          54         545          54
          62           2         546          54
         -23          38         547          54
          69           2         548          54
          60           1         549          54
         -39          51         550          54
          67           1         551          54
          55           2         552          54
         -39          52         553          54
         -43          19         554          54
         -42          53         555          54
         -42          54         556          54
         -42          55         557          55
          81           1         558          55
         -36          51         559          55
         -47          43         560          55
         -44          46         561          55
         -44          55         562          55
         -42          56         563          56
         -41          56         564          56
         -46          50         565          56
          45           1         566          56
         -42          57         567          57
         -44          52         568          57
         -42          58         569          58
         -47          44         570          58
         -42          59         571          59
         -42          60         572          60
         -60          19         573          60
         -45          55         574          60
         -42          61         575          61
         -47          17         576          61
         -65          18         577          61
         -41          61         578          61
          63           3         579          61
         -42          62         580          62
         -46          44         581          62
         -46          55         582          62
         -41          62         583          62
         -36          52         584          62
         -45          56         585          62
         -46          39         586          62
         -45          57         587          62
         -46          57         588          62
         -47          57         589          62
          55           2         590          62
         -48          57         591          62
         -46          54         592          62
         -42          63         593          63
         -42          64         594          64
         -40          61         595          64
         -41          64         596          64
         -58          15         597          64
         -40          64         598          64
         -42          65         599          65
         -43          62         600          65
         -43          65         601          65
         -47          58         602          65
          56           2         603          65
         -23          39         604          65
          47           1         605          65
         -47          55         606          65
         -41          65         607          65
         -40          65         608          65
         -48          58         609          65
         -43          65         610          65
         -40          66         611          66
         -48          59         612          66
         -39          66         613          66
         -49          58         614          66
         -44          65         615          66
         -44          66         616          66
          55           3         617          66
         -39          65         618          66
          24           3         619          66
         -45          65         620          66
         -44          67         621          67
         -49          58         622          67
         -48          40         623          67
         -45          67         624          67
         -46          67         625          67
         -46          67         626          67
         -44          68         627          68
         -44          69         628          69
         -50          58         629          69
         -43          69         630          69
          63           4         631          69
         -39          67         632          69
         -49          41         633          69
         -45          69         634          69
         -50          58         635          69
         -46          49         636          69
         -44          70         637          70
         -39          61         638          70
         -23          40         639          70
         -39          67         640          70
         -50          41         641          70
          56           3         642          70
         -43          60         643          70
         -45          70         644          70
         -42          69         645          70
         -42          70         646          70
         -50          42         647          70
          64           4         648          70
         -51          58         649          70
         -49          57         650          70
         -41          70         651          70
         -22          40         652          70
         -42          71         653          71
         -51          42         654          71
         -43          71         655          71
         -38          67         656          71
          70           2         657          71
         -46          65         658          71
         -37          67         659          71
         -48          39         660          71
          76           1         661          71
         -45          71         662          71
         -47          65         663          71
         -45          72         664          72
         -41          71         665          72
         -46          68         666          72
         -48          38         667          72
         -46          70         668          72
         -38          61         669          72
          71           2         670          72
          78           1         671          72
         -45          72         672          72
         -47          67         673          72
         -42          72         674          72
          78           2         675          72
         -46          64         676          72
         -41          72         677          72
         -41          72         678          72
         -47          50         679          72
          54           2         680          72
         -40          70         681          72
         -52          58         682          72
         -50          59         683          72
          63           5         684          72
         -37          61         685          72
         -46          53         686          72
          34           3         687          72
         -48          67         688          72
         -46          71         689          72
         -50          60         690          72
         -50          61         691          72
          65           4         692          72
         -48          65         693          72
          78           3         694          72
         -52          57         695          72
         -22          41         696          72
         -73          12         697          72
         -52          57         698          72
         -47          71         699          72
         -49          65         700          72
          54           3         701          72
         -50          65         702          72
         -42          73         703          73
         -40          72         704          73
         -36          61         705          73
          53           3         706          73
          77           3         707          73
         -22          42         708          73
         -66          18         709          73
          88           1         710          73
         -45          73         711          73
          63           6         712          73
         -38          65         713          73
         -45          74         714          74
         -39          72         715          74
         -51          65         716          74
         -41          73         717          74
         -45          75         718          75
         -39          73         719          75
         -39          74         720          75
         -45          76         721          76
         -45          77         722          77
         -46          77         723          77
         -48          71         724          77
         -47          77         725          77
         -46          68         726          77
         -47          78         727          78
         -46          78         728          78
          23           4         729          78
         -39          75         730          78
         -50          61         731          78
         -39          76         732          78
         -40          75         733          78
         -53          58         734          78
          88           2         735          78
         -46          79         736          79
          22           3         737          79
          63           7         738          79
         -45          79         739          79
          98           1         740          79
         -45          80         741          80
          49           2         742          80
         -39          76         743          80
         -35          52         744          80
         -47          72         745          80
          68           2         746          80
         -48          78         747          80
         -44          80         748          80
         -36          67         749          80
          62           6         750          80
          63           8         751          80
         -35          67         752          80
         -45          80         753          80
         -48          79         754          80
          79           2         755          80
         -53          59         756          80
          32           2         757          80
         -39          77         758          80
         -44          81         759          81
         -48          80         760          81
         -44          82         761          82
         -44          79         762          82
          15           2         763          82
         -38          77         764          82
         -49          80         765          82
         -43          82         766          82
         -49          81         767          82
         -35          68         768          82
          64           8         769          82
         -52          65         770          82
         -49          79         771          82
          52           3         772          82
         -48          71         773          82
         -50          81         774          82
         -38          76         775          82
          63           9         776          82
         -50          81         777          82
          86           1         778          82
         -44          83         779          83
         -40          76         780          83
         -37          77         781          83
         -44          84         782          84
          53           4         783          84
         -48          81         784          84
         -44          85         785          85
         -51          81         786          85
         -52          64         787          85
         -43          85         788          85
         -48          71         789          85
         -48          82         790          85
         -47          73         791          85
         -44          86         792          86
         -52          63         793          86
         -48          83         794          86
         -45          86         795          86
         -49          71         796          86
         -49          83         797          86
         -37          77         798          86
         -42          85         799          86
         -42          85         800          86
         -49          84         801          86
         -51          82         802          86
         -37          76         803          86
         -43          80         804          86
         -36          77         805          86
         -35          68         806          86
         -43          86         807          86
         -45          87         808          87
         -45          87         809          87
         -46          86         810          87
         -53          65         811          87
         -50          84         812          87
         -37          78         813          87
          63          10         814          87
         -46          87         815          87
         -46          88         816          88
         -46          88         817          88
         -42          86         818          88
         -47          87         819          88
          62          10         820          88
         -42          86         821          88
         -45          88         822          88
         -42          87         823          88
         -46          89         824          89
         -46          90         825          90
