        -100           0           0           0
         -99           0           0           0
         -98           0           0           0
         -97           0           0           0
         -96           0           0           0
         -95           0           0           0
         -94           0           0           0
         -93           0           0           0
         -92           0           0           0
         -91           0           0           0
         -90           0           0           0
         -89           0           0           0
         -88           0           0           0
         -87           0           0           0
         -86           0           0           0
         -85           0           0           0
         -84           0           0           0
         -83           0           0           0
         -82           0           0           0
         -81           0           0           0
         -80           0           0           0
         -79           0           0           0
         -78           0           0           0
         -77           0           0           0
         -76           0           0           0
         -75           0           0           0
         -74           0           0           0
         -73           0           0           0
         -72           0           0           0
         -71           0           0           0
         -70           0           0           0
         -69           0           0           0
         -68           0           0           0
         -67           0           0           0
         -66           0           0           0
         -65           0           0           0
         -64           0           0           0
         -63           0           0           0
         -62           0           0           0
         -61           0           0           0
         -60           0           0           0
         -59           0           0           0
         -58           0           0           0
         -57           0           0           0
         -56           0           0           0
         -55           0           0           0
         -54           0           0           0
         -53           0           0           0
         -52           0           0           0
         -51           0           0           0
         -50           0           0           0
         -49           0           0           0
         -48           0           0           0
         -47           0           0           0
         -46           0           0           0
         -45           0           0           0
         -44           0           0           0
         -43           0           0           0
         -42           0           0           0
         -41           0           0           0
         -40           0           0           0
         -39           0           0           0
         -38           0           0           0
         -37           0           0           0
         -36           0           0           0
         -35           0           0           0
         -34           0           0           0
         -33           0           0           0
         -32           0           0           0
         -31           0           0           0
         -30           0           0           0
         -29           0           0           0
         -28           0           0           0
         -27           0           0           0
         -26           0           0           0
         -25           0           0           0
         -24           0           0           0
         -23           0           0           0
         -22           0           0           0
         -21           0           0           0
         -20           0           0           0
         -19           0           0           0
         -18           0           0           0
         -17           0           0           0
         -16           0           0           0
         -15           0           0           0
         -14           0           0           0
         -13           0           0           0
         -12           0           0           0
         -11           0           0           0
         -10           0           0           0
          -9           0           0           0
          -8           0           0           0
          -7           0           0           0
          -6           0           0           0
          -5           0           0           0
          -4           0           0           0
          -3           0           0           0
          -2           0           0           0
          -1           0           0           0
           0           0           0           0
           1           0           0           0
           2           0           0           0
           3           0           0           0
           4           0           0           0
           5           0           0           0
           6           0           0           0
           7           0           0           0
           8           0           0           0
           9           0           0           0
          10           0           0           0
          11           0           0           0
          12           0           0           0
          13           0           0           0
          14           0           0           0
          15           0           0           0
          16           0           0           0
          17           0           0           0
          18           0           0           0
          19           0           0           0
          20           0           0           0
          21           0           0           0
          22           0           0           0
          23           0           0           0
          24           0           0           0
          25           0           0           0
          26           0           0           0
          27           0           0           0
          28           0           0           0
          29           0           0           0
          30           0           0           0
          31           0           0           0
          32           0           0           0
          33           0           0           0
          34           0           0           0
          35           0           0           0
          36           0           0           0
          37           0           0           0
          38           0           0           0
          39           0           0           0
          40           0           0           0
          41           0           0           0
          42           0           0           0
          43           0           0           0
          44           0           0           0
          45           0           0           0
          46           0           0           0
          47           0           0           0
          48           0           0           0
          49           0           0           0
          50           0           0           0
          51           0           0           0
          52           0           0           0
          53           0           0           0
          54           0           0           0
          55           0           0           0
          56           0           0           0
          57           0           0           0
          58           0           0           0
          59           0           0           0
          60           0           0           0
          61           0           0           0
          62           0           0           0
          63           0           0           0
          64           0           0           0
          65           0           0           0
          66           0           0           0
          67           0           0           0
          68           0           0           0
          69           0           0           0
          70           0           0           0
          71           0           0           0
          72           0           0           0
          73           0           0           0
          74           0           0           0
          75           0           0           0
          76           0           0           0
          77           0           0           0
          78           0           0           0
          79           0           0           0
          80           0           0           0
          81           0           0           0
          82           0           0           0
          83           0           0           0
          84           0           0           0
          85           0           0           0
          86           0           0           0
          87           0           0           0
          88           0           0           0
          89           0           0           0
          90           0           0           0
          91           0           0           0
          92           0           0           0
          93           0           0           0
          94           0           0           0
          95           0           0           0
          96           0           0           0
          97           0           0           0
          98           0           0           0
          99           0           0           0
         100           0           0           0
         -44           1           2           1
         -26           1           3           1
          -4           1           4           1
          -1           1           5           1
         -77           1           6           1
          -9           1           7           1
         -82           1           8           1
          -3           1           9           1
         -48           1          10           1
          -7           1          11           1
         -66           1          12           1
         -96           1          13           1
         -23           1          14           1
         -74           1          15           1
         -71           1          16           1
         -17           1          17           1
         -77           1          18           1
         -45           1          19           1
         -13           1          20           1
         -72           1          21           1
         -26           2          22           2
         -10           1          23           2
         -44           2          24           2
         -44           3          25           3
         -49           1          26           3
          -7           2          27           3
         -43           3          28           3
         -43           3          29           3
         -72           2          30           3
         -43           4          31           4
         -60           1          32           4
         -41           1          33           4
         -70           1          34           4
         -95           1          35           4
         -43           5          36           5
         -43           6          37           6
         -61           1          38           6
          15           1          39           6
         -82           2          40           6
         -57           1          41           6
         -21           1          42           6
         -57           2          43           6
         -66           2          44           6
         -42           6          45           6
         -25           2          46           6
           9           1          47           6
         -82           3          48           6
         -27           2          49           6
         -65           2          50           6
         -72           3          51           6
         -44           5          52           6
         -21           1          53           6
         -83           3          54           6
         -77           1          55           6
         -21           2          56           6
          -7           3          57           6
         -42           7          58           7
         -41           7          59           7
         -57           2          60           7
         -11           1          61           7
         -91           1          62           7
         -41           7          63           7
         -60           2          64           7
         -43           6          65           7
         -68           1          66           7
         -42           3          67           7
         -17           2          68           7
         -84           3          69           7
          -7           4          70           7
         -43           7          71           7
          -9           2          72           7
         -13           2          73           7
         -25           3          74           7
         -51           1          75           7
          -6           4          76           7
         -10           2          77           7
         -26           3          78           7
         -82           4          79           7
         -82           5          80           7
         -14           2          81           7
         -73           3          82           7
         -43           7          83           7
         -25           3          84           7
         -44           7          85           7
          -8           4          86           7
         -28           2          87           7
         -83           5          88           7
         -41           8          89           8
         -73           3          90           8
         -72           4          91           8
         -83           6          92           8
         -77           2          93           8
         -83           7          94           8
         -49           2          95           8
         -91           2          96           8
         -24           3          97           8
         -41           9          98           9
         -68           2          99           9
         -84           7         100           9
         -84           8         101           9
         -77           3         102           9
         -62           1         103           9
         -27           3         104           9
         -57           3         105           9
         -49           3         106           9
         -25           4         107           9
         -40           9         108           9
         -63           1         109           9
         -82           7         110           9
          -5           4         111           9
         -45           5         112           9
         -57           4         113           9
         -13           3         114           9
         -71           4         115           9
         -53           1         116           9
         -39           9         117           9
         -54           1         118           9
         -41          10         119          10
         -72           5         120          10
         -72           6         121          10
          -5           5         122          10
         -41          11         123          11
         -42          11         124          11
         -43          11         125          11
         -44          11         126          11
          -7           5         127          11
         -21           3         128          11
         -72           7         129          11
         -39          10         130          11
         -44          12         131          12
         -73           6         132          12
         -68           2         133          12
          11           1         134          12
         -82           8         135          12
         -45          11         136          12
          -5           6         137          12
         -73           7         138          12
         -68           2         139          12
         -38          10         140          12
         -44          13         141          13
         -49           4         142          13
         -85           8         143          13
         -41          12         144          13
         -25           5         145          13
          -6           6         146          13
         -38          11         147          13
         -13           4         148          13
         -46          11         149          13
         -85           9         150          13
         -25           6         151          13
         -43          13         152          13
         -46          12         153          13
         -29           1         154          13
          11           1         155          13
         -37          11         156          13
         -41          13         157          13
         -37          11         158          13
         -17           3         159          13
         -44          13         160          13
         -50           4         161          13
         -41          14         162          14
         -61           2         163          14
         -40          13         164          14
         -39          13         165          14
         -72           7         166          14
          20           1         167          14
          -6           7         168          14
         -72           8         169          14
         -46          13         170          14
         -25           7         171          14
         -66           3         172          14
         -41          15         173          15
         -56           4         174          15
          17           1         175          15
          -5           7         176          15
         -24           6         177          15
         -36          11         178          15
         -46          14         179          15
         -46          15         180          15
         -50           4         181          15
         -41          16         182          16
          16           1         183          16
         -46          16         184          16
         -45          16         185          16
         -73           8         186          16
         -73           9         187          16
         -16           3         188          16
         -40          16         189          16
         -74           9         190          16
         -46          17         191          17
         -84           9         192          17
         -61           3         193          17
         -47          17         194          17
         -41          17         195          17
         -46          18         196          18
         -25           8         197          18
         -85           7         198          18
         -73          10         199          18
         -72          10         200          18
         -41          17         201          18
         -46          19         202          19
         -47          16         203          19
         -82           9         204          19
         -62           3         205          19
         -27           3         206          19
         -28           3         207          19
          27           1         208          19
         -71          10         209          19
         -42          16         210          19
         -46          20         211          20
         -46          20         212          20
         -74          10         213          20
         -51           4         214          20
         -70          10         215          20
         -70          11         216          20
         -47          20         217          20
         -41          18         218          20
         -35          11         219          20
         -47          21         220          21
         -74          11         221          21
         -26           8         222          21
         -47          22         223          22
         -71          11         224          22
         -82          10         225          22
         -69          11         226          22
          20           2         227          22
         -48          22         228          22
         -24           6         229          22
         -39          16         230          22
         -47          19         231          22
         -48          23         232          23
         -41          19         233          23
         -84          10         234          23
         -76           3         235          23
          -5           8         236          23
          -9           4         237          23
         -28           4         238          23
         -48          24         239          24
          -6           8         240          24
         -16           3         241          24
         -49          24         242          24
         -71          12         243          24
         -38          16         244          24
         -25           9         245          24
         -50          24         246          24
          -5           9         247          24
         -37          16         248          24
         -48          25         249          25
         -40          19         250          25
         -47          22         251          25
          24           1         252          25
         -58           4         253          25
         -13           5         254          25
         -51          24         255          25
         -68          11         256          25
         -48          26         257          26
         -48          27         258          27
         -47          27         259          27
         -68          12         260          27
         -77           4         261          27
         -48          16         262          27
         -46          27         263          27
         -52          24         264          27
         -46          28         265          28
         -39          19         266          28
         -45          27         267          28
         -84          10         268          28
         -44          27         269          28
         -47          28         270          28
         -81          10         271          28
         -85          10         272          28
         -52          25         273          28
         -85           6         274          28
         -45          20         275          28
         -49          26         276          28
         -37          17         277          28
         -49          27         278          28
         -16           4         279          28
         -52          26         280          28
          16           2         281          28
          32           1         282          28
         -52          23         283          28
         -49          28         284          28
         -53          23         285          28
         -43          27         286          28
         -37          18         287          28
         -71          13         288          28
          -7           7         289          28
         -71          14         290          28
         -72          14         291          28
          38           1         292          28
         -47          11         293          28
         -26           9         294          28
          41           1         295          28
         -52          26         296          28
         -47          29         297          29
         -48          29         298          29
         -48          30         299          30
         -48          31         300          31
         -43          28         301          31
         -54          23         302          31
         -26          10         303          31
         -55          23         304          31
         -50          27         305          31
         -48          32         306          32
         -47          32         307          32
         -49          32         308          32
         -16           5         309          32
         -70          14         310          32
         -50          32         311          32
         -48          33         312          33
         -49          33         313          33
          41           2         314          33
         -55          24         315          33
         -43          29         316          33
         -47          33         317          33
          -6           9         318          33
         -49          34         319          34
         -67          11         320          34
         -39          20         321          34
         -42          29         322          34
         -55          25         323          34
          54           1         324          34
         -66          11         325          34
         -72          15         326          34
         -52          27         327          34
         -56          25         328          34
         -47          34         329          34
         -72          16         330          34
         -56          23         331          34
         -46          34         332          34
         -38          20         333          34
         -57          25         334          34
         -86          10         335          34
         -85           1         336          34
         -36          16         337          34
         -59           4         338          34
          20           3         339          34
         -46          35         340          35
         -21           4         341          35
         -46          36         342          36
         -50          34         343          36
         -41          29         344          36
         -53          27         345          36
         -51          34         346          36
         -47          36         347          36
         -41          30         348          36
         -50          35         349          36
          20           3         350          36
         -41          28         351          36
         -40          30         352          36
         -46          37         353          37
          47           1         354          37
         -46          38         355          38
         -52          34         356          38
         -52          28         357          38
         -40          29         358          38
          15           2         359          38
          32           2         360          38
         -39          30         361          38
         -52          29         362          38
         -45          38         363          38
         -56          22         364          38
         -55          26         365          38
         -26          11         366          38
          20           4         367          38
         -72          17         368          38
         -70           9         369          38
         -48          36         370          38
          -7           7         371          38
         -46          39         372          39
         -51          32         373          39
          11           2         374          39
         -53          34         375          39
         -44          38         376          39
         -47          38         377          39
         -38          30         378          39
         -57          25         379          39
         -48          38         380          39
         -53          35         381          39
         -53          33         382          39
         -55          27         383          39
         -53          36         384          39
         -52          36         385          39
         -47          39         386          39
         -53          37         387          39
         -45          37         388          39
         -25          11         389          39
         -45          39         390          39
         -49          38         391          39
         -57          26         392          39
         -54          37         393          39
          46           1         394          39
         -54          38         395          39
         -45          40         396          40
         -57          27         397          40
         -72          17         398          40
         -54          39         399          40
         -38          29         400          40
         -57          28         401          40
         -54          34         402          40
         -55          39         403          40
         -55          37         404          40
         -57          28         405          40
         -87          10         406          40
         -47          40         407          40
         -55          37         408          40
         -56          39         409          40
         -46          40         410          40
         -37          30         411          40
         -36          30         412          40
         -53          39         413          40
         -56          39         414          40
         -37          29         415          40
          36           1         416          40
         -58          25         417          40
         -47          41         418          41
         -37          31         419          41
          41           2         420          41
          16           3         421          41
          21           2         422          41
         -52          39         423          41
         -44          39         424          41
         -53          40         425          41
          19           4         426          41
         -48          41         427          41
         -37          19         428          41
         -49          41         429          41
         -47          42         430          42
          33           2         431          42
         -26           6         432          42
         -72          18         433          42
         -57          22         434          42
         -59          25         435          42
         -66          12         436          42
         -16           6         437          42
          69           1         438          42
         -50          41         439          42
         -37          32         440          42
         -44          40         441          42
          19           5         442          42
         -43          40         443          42
         -54          40         444          42
         -37          32         445          42
         -84          11         446          42
          33           3         447          42
         -49          42         448          42
         -57          29         449          42
         -35          12         450          42
         -50          41         451          42
         -49          42         452          42
         -58          28         453          42
         -53          41         454          42
         -57          39         455          42
         -39          31         456          42
          34           3         457          42
         -36          29         458          42
         -56          40         459          42
         -46          41         460          42
         -58          39         461          42
         -37          28         462          42
         -43          41         463          42
         -55          40         464          42
         -47          43         465          43
         -49          43         466          43
         -42          40         467          43
         -58          40         468          43
         -37          33         469          43
          31           2         470          43
         -36          33         471          43
         -43          42         472          43
         -53          32         473          43
         -43          42         474          43
         -47          44         475          44
         -58          29         476          44
         -59          40         477          44
         -50          42         478          44
         -60          40         479          44
         -47          45         480          45
         -42          41         481          45
         -42          41         482          45
         -49          44         483          45
         -49          45         484          45
         -53          42         485          45
          67           1         486          45
          34           4         487          45
         -46          44         488          45
          38           2         489          45
         -70          15         490          45
          50           1         491          45
         -49          46         492          46
         -45          44         493          46
          19           6         494          46
         -56          41         495          46
         -46          45         496          46
         -50          42         497          46
         -43          43         498          46
         -56          42         499          46
         -56          43         500          46
         -55          43         501          46
         -43          44         502          46
         -43          44         503          46
         -55          43         504          46
         -58          38         505          46
         -48          15         506          46
         -57          42         507          46
         -55          44         508          46
         -54          44         509          46
          27           2         510          46
         -54          44         511          46
         -43          45         512          46
         -56          44         513          46
         -42          45         514          46
         -55          45         515          46
         -59          38         516          46
         -41          45         517          46
         -58          42         518          46
         -57          44         519          46
          52           1         520          46
          20           6         521          46
         -42          46         522          46
         -40          45         523          46
         -46          46         524          46
         -60          41         525          46
         -61          41         526          46
         -42          47         527          47
         -42          48         528          48
         -60          42         529          48
         -46          47         530          48
          46           2         531          48
         -44          38         532          48
         -55          46         533          48
         -46          48         534          48
         -73          17         535          48
          41           3         536          48
         -41          48         537          48
         -47          47         538          48
         -49          47         539          48
         -56          45         540          48
         -54          35         541          48
         -56          46         542          48
         -41          49         543          49
         -46          49         544          49
          65           1         545          49
         -56          47         546          49
         -43          48         547          49
         -41          44         548          49
         -62          41         549          49
         -57          45         550          49
         -57          46         551          49
         -36          34         552          49
         -35          30         553          49
         -49          48         554          49
         -41          49         555          49
         -41          50         556          50
         -40          50         557          50
         -40          51         558          51
         -36          35         559          51
          59           1         560          51
         -56          48         561          51
         -57          47         562          51
         -41          40         563          51
         -46          50         564          51
         -59          24         565          51
         -50          46         566          51
         -58          44         567          51
         -40          48         568          51
         -46          50         569          51
         -40          52         570          52
         -37          35         571          52
         -56          49         572          52
         -57          47         573          52
         -39          48         574          52
         -57          48         575          52
         -61          42         576          52
         -47          48         577          52
         -26          12         578          52
         -38          48         579          52
         -40          52         580          52
         -39          49         581          52
          37           2         582          52
         -58          48         583          52
         -40          53         584          53
         -59          29         585          53
          34           5         586          53
         -58          49         587          53
          54           2         588          53
         -37          48         589          53
         -39          53         590          53
         -36          48         591          53
         -38          53         592          53
         -38          54         593          54
          21           6         594          54
          84           1         595          54
          18           5         596          54
         -41          52         597          54
         -59          49         598          54
         -59          50         599          54
         -56          49         600          54
          16           4         601          54
         -47          50         602          54
         -40          53         603          54
         -37          54         604          54
         -38          55         605          55
         -41          53         606          55
          83           1         607          55
         -39          55         608          55
         -40          55         609          55
         -39          56         610          56
         -47          51         611          56
         -59          51         612          56
         -55          49         613          56
         -46          51         614          56
         -35          48         615          56
         -56          50         616          56
         -36          54         617          56
         -56          51         618          56
         -41          53         619          56
         -41          55         620          56
         -59          25         621          56
          59           2         622          56
         -61          43         623          56
          21           5         624          56
         -59          52         625          56
         -39          57         626          57
          27           3         627          57
         -73          18         628          57
          59           2         629          57
         -38          57         630          57
          35           5         631          57
          67           2         632          57
         -40          57         633          57
         -35          48         634          57
         -41          56         635          57
          41           4         636          57
         -42          55         637          57
         -37          57         638          57
         -59          53         639          57
         -42          52         640          57
          66           2         641          57
         -59          54         642          57
         -42          55         643          57
         -60          50         644          57
         -59          48         645          57
         -36          55         646          57
         -73          19         647          57
         -40          58         648          58
          41           5         649          58
         -60          53         650          58
         -59          55         651          58
         -62          43         652          58
         -61          53         653          58
         -43          52         654          58
          80           1         655          58
         -40          59         656          59
         -59          56         657          59
         -59          56         658          59
          59           3         659          59
         -53          44         660          59
         -59          57         661          59
         -40          60         662          60
         -39          60         663          60
         -37          58         664          60
         -37          58         665          60
         -60          57         666          60
          58           2         667          60
         -40          61         668          61
         -40          61         669          61
         -40          62         670          62
          33           4         671          62
         -61          54         672          62
         -35          29         673          62
         -41          57         674          62
         -61          44         675          62
         -40          63         676          63
         -42          57         677          63
         -39          63         678          63
          65           1         679          63
         -58          56         680          63
          42           4         681          63
          52           1         682          63
         -38          63         683          63
         -39          45         684          63
         -41          63         685          63
         -41          59         686          63
          33           5         687          63
         -42          63         688          63
         -42          64         689          64
         -58          53         690          64
         -42          65         691          65
         -61          44         692          65
          21           6         693          65
         -48          51         694          65
         -42          65         695          65
         -42          66         696          66
         -61          55         697          66
         -39          61         698          66
         -39          64         699          66
         -38          64         700          66
          77           1         701          66
         -37          64         702          66
         -43          57         703          66
         -43          63         704          66
         -43          64         705          66
         -43          66         706          66
         -44          66         707          66
          90           1         708          66
         -41          66         709          66
         -62          44         710          66
          58           3         711          66
         -42          67         712          67
         -42          68         713          68
         -45          66         714          68
         -62          55         715          68
         -63          44         716          68
         -42          69         717          69
         -57          56         718          69
         -37          65         719          69
         -34          48         720          69
         -42          70         721          70
         -36          65         722          70
         -63          43         723          70
         -44          52         724          70
         -62          53         725          70
          63           1         726          70
          41           5         727          70
          59           4         728          70
         -42          71         729          71
         -60          58         730          71
         -41          70         731          71
          59           5         732          71
         -45          65         733          71
         -40          70         734          71
         -43          71         735          71
         -43          72         736          72
         -39          70         737          72
         -46          66         738          72
         -60          59         739          72
         -44          72         740          72
          74           1         741          72
         -46          66         742          72
         -49          51         743          72
         -45          67         744          72
         -49          52         745          72
         -43          57         746          72
         -34          49         747          72
         -61          59         748          72
         -62          59         749          72
         -41          43         750          72
         -42          72         751          72
         -57          57         752          72
          43           4         753          72
         -42          73         754          73
         -61          60         755          73
         -45          72         756          73
          42           5         757          73
          59           5         758          73
         -61          61         759          73
         -40          71         760          73
          32           5         761          73
         -38          70         762          73
         -37          70         763          73
         -57          58         764          73
         -43          73         765          73
          42           6         766          73
         -36          70         767          73
          60           2         768          73
         -45          73         769          73
         -42          73         770          73
         -43          58         771          73
         -35          54         772          73
         -43          74         773          74
         -40          44         774          74
         -50          52         775          74
         -43          74         776          74
         -46          65         777          74
         -46          73         778          74
         -35          70         779          74
         -36          71         780          74
         -57          59         781          74
         -36          66         782          74
         -61          62         783          74
         -47          66         784          74
         -46          74         785          74
         -37          71         786          74
         -61          63         787          74
         -42          73         788          74
         -40          71         789          74
         -46          72         790          74
         -46          75         791          75
         -42          74         792          75
          77           2         793          75
          46           3         794          75
         -46          76         795          76
          12           2         796          76
         -36          72         797          76
         -44          63         798          76
          22           6         799          76
         -36          65         800          76
         -57          60         801          76
         -42          75         802          76
         -62          62         803          76
         -42          76         804          76
         -42          77         805          77
         -45          75         806          77
         -42          78         807          78
         -46          77         808          78
         -47          73         809          78
         -47          77         810          78
         -42          79         811          79
         -46          78         812          79
         -34          50         813          79
         -57          61         814          79
         -46          78         815          79
         -46          79         816          79
         -61          63         817          79
         -36          72         818          79
         -48          73         819          79
         -45          79         820          79
         -35          69         821          79
         -37          64         822          79
          19           7         823          79
         -47          79         824          79
         -42          80         825          80
         -48          79         826          80
         -48          79         827          80
         -48          72         828          80
         -49          79         829          80
         -36          73         830          80
          60           5         831          80
         -41          80         832          80
         -41          81         833          81
         -42          81         834          81
         -41          82         835          82
         -48          78         836          82
         -41          83         837          83
         -41          84         838          84
         -43          79         839          84
         -56          61         840          84
         -41          85         841          85
         -41          86         842          86
         -36          64         843          86
         -49          78         844          86
         -47          75         845          86
         -47          80         846          86
         -47          81         847          86
         -42          84         848          86
         -50          79         849          86
          90           2         850          86
         -36          74         851          86
         -61          50         852          86
         -42          86         853          86
         -40          80         854          86
         -40          85         855          86
         -48          77         856          86
         -51          79         857          86
         -42          86         858          86
         -43          84         859          86
         -39          85         860          86
         -61          63         861          86
         -43          55         862          86
         -47          82         863          86
         -42          87         864          87
         -48          82         865          87
         -39          86         866          87
         -58          61         867          87
         -43          53         868          87
         -51          80         869          87
         -35          65         870          87
         -52          80         871          87
         -35          73         872          87
         -36          63         873          87
         -38          86         874          87
          40           5         875          87
         -44          84         876          87
         -53          80         877          87
         -62          63         878          87
         -43          81         879          87
         -53          80         880          87
         -63          63         881          87
         -52          22         882          87
         -62          64         883          87
         -44          85         884          87
         -51          81         885          87
         -42          88         886          88
         -38          85         887          88
         -42          89         888          89
         -45          85         889          89
         -38          86         890          89
         -51          82         891          89
         -53          79         892          89
         -45          85         893          89
         -62          65         894          89
         -42          90         895          90
