        -100           0           0           0
         -99           0           0           0
         -98           0           0           0
         -97           0           0           0
         -96           0           0           0
         -95           0           0           0
         -94           0           0           0
         -93           0           0           0
         -92           0           0           0
         -91           0           0           0
         -90           0           0           0
         -89           0           0           0
         -88           0           0           0
         -87           0           0           0
         -86           0           0           0
         -85           0           0           0
         -84           0           0           0
         -83           0           0           0
         -82           0           0           0
         -81           0           0           0
         -80           0           0           0
         -79           0           0           0
         -78           0           0           0
         -77           0           0           0
         -76           0           0           0
         -75           0           0           0
         -74           0           0           0
         -73           0           0           0
         -72           0           0           0
         -71           0           0           0
         -70           0           0           0
         -69           0           0           0
         -68           0           0           0
         -67           0           0           0
         -66           0           0           0
         -65           0           0           0
         -64           0           0           0
         -63           0           0           0
         -62           0           0           0
         -61           0           0           0
         -60           0           0           0
         -59           0           0           0
         -58           0           0           0
         -57           0           0           0
         -56           0           0           0
         -55           0           0           0
         -54           0           0           0
         -53           0           0           0
         -52           0           0           0
         -51           0           0           0
         -50           0           0           0
         -49           0           0           0
         -48           0           0           0
         -47           0           0           0
         -46           0           0           0
         -45           0           0           0
         -44           0           0           0
         -43           0           0           0
         -42           0           0           0
         -41           0           0           0
         -40           0           0           0
         -39           0           0           0
         -38           0           0           0
         -37           0           0           0
         -36           0           0           0
         -35           0           0           0
         -34           0           0           0
         -33           0           0           0
         -32           0           0           0
         -31           0           0           0
         -30           0           0           0
         -29           0           0           0
         -28           0           0           0
         -27           0           0           0
         -26           0           0           0
         -25           0           0           0
         -24           0           0           0
         -23           0           0           0
         -22           0           0           0
         -21           0           0           0
         -20           0           0           0
         -19           0           0           0
         -18           0           0           0
         -17           0           0           0
         -16           0           0           0
         -15           0           0           0
         -14           0           0           0
         -13           0           0           0
         -12           0           0           0
         -11           0           0           0
         -10           0           0           0
          -9           0           0           0
          -8           0           0           0
          -7           0           0           0
          -6           0           0           0
          -5           0           0           0
          -4           0           0           0
          -3           0           0           0
          -2           0           0           0
          -1           0           0           0
           0           0           0           0
           1           0           0           0
           2           0           0           0
           3           0           0           0
           4           0           0           0
           5           0           0           0
           6           0           0           0
           7           0           0           0
           8           0           0           0
           9           0           0           0
          10           0           0           0
          11           0           0           0
          12           0           0           0
          13           0           0           0
          14           0           0           0
          15           0           0           0
          16           0           0           0
          17           0           0           0
          18           0           0           0
          19           0           0           0
          20           0           0           0
          21           0           0           0
          22           0           0           0
          23           0           0           0
          24           0           0           0
          25           0           0           0
          26           0           0           0
          27           0           0           0
          28           0           0           0
          29           0           0           0
          30           0           0           0
          31           0           0           0
          32           0           0           0
          33           0           0           0
          34           0           0           0
          35           0           0           0
          36           0           0           0
          37           0           0           0
          38           0           0           0
          39           0           0           0
          40           0           0           0
          41           0           0           0
          42           0           0           0
          43           0           0           0
          44           0           0           0
          45           0           0           0
          46           0           0           0
          47           0           0           0
          48           0           0           0
          49           0           0           0
          50           0           0           0
          51           0           0           0
          52           0           0           0
          53           0           0           0
          54           0           0           0
          55           0           0           0
          56           0           0           0
          57           0           0           0
          58           0           0           0
          59           0           0           0
          60           0           0           0
          61           0           0           0
          62           0           0           0
          63           0           0           0
          64           0           0           0
          65           0           0           0
          66           0           0           0
          67           0           0           0
          68           0           0           0
          69           0           0           0
          70           0           0           0
          71           0           0           0
          72           0           0           0
          73           0           0           0
          74           0           0           0
          75           0           0           0
          76           0           0           0
          77           0           0           0
          78           0           0           0
          79           0           0           0
          80           0           0           0
          81           0           0           0
          82           0           0           0
          83           0           0           0
          84           0           0           0
          85           0           0           0
          86           0           0           0
          87           0           0           0
          88           0           0           0
          89           0           0           0
          90           0           0           0
          91           0           0           0
          92           0           0           0
          93           0           0           0
          94           0           0           0
          95           0           0           0
          96           0           0           0
          97           0           0           0
          98           0           0           0
          99           0           0           0
         100           0           0           0
         -20           1           2           1
         -42           1           3           1
         -77           1           4           1
         -47           1           5           1
         -83           1           6           1
         -77           1           7           1
         -69           1           8           1
         -47           2           9           2
           2           1          10           2
         -63           1          11           2
         -24           1          12           2
         -53           1          13           2
         -60           1          14           2
         -45           1          15           2
         -18           1          16           2
         -31           1          17           2
         -63           1          18           2
         -26           1          19           2
         -83           2          20           2
         -46           2          21           2
         -55           1          22           2
         -71           1          23           2
         -72           1          24           2
         -57           1          25           2
         -46           3          26           3
         -55           2          27           3
         -81           1          28           3
         -24           2          29           3
         -65           1          30           3
         -31           2          31           3
         -28           1          32           3
         -83           3          33           3
         -45           3          34           3
         -31           3          35           3
         -49           1          36           3
           7           1          37           3
         -44           3          38           3
         -32           2          39           3
         -44           3          40           3
         -51           1          41           3
         -24           3          42           3
         -82           3          43           3
         -48           2          44           3
         -84           3          45           3
         -42           2          46           3
         -42           3          47           3
         -53           2          48           3
         -55           3          49           3
         -82           4          50           4
         -89           1          51           4
           8           1          52           4
         -72           1          53           4
         -82           5          54           5
         -36           1          55           5
         -55           4          56           5
         -42           4          57           5
         -24           4          58           5
         -34           1          59           5
         -81           5          60           5
         -56           2          61           5
         -47           3          62           5
         -65           1          63           5
         -39           1          64           5
         -23           2          65           5
         -48           3          66           5
         -72           2          67           5
         -60           1          68           5
         -51           2          69           5
         -48           4          70           5
         -55           5          71           5
         -25           4          72           5
         -63           2          73           5
         -42           5          74           5
         -24           5          75           5
         -72           3          76           5
          11           1          77           5
         -46           4          78           5
         -69           1          79           5
         -73           3          80           5
         -55           6          81           6
         -26           4          82           6
         -42           6          83           6
         -85           3          84           6
         -93           1          85           6
         -55           7          86           7
         -26           4          87           7
         -43           5          88           7
          -1           1          89           7
         -81           4          90           7
         -41           4          91           7
         -48           5          92           7
         -24           6          93           7
         -80           4          94           7
         -23           6          95           7
          -4           1          96           7
         -56           5          97           7
         -48           6          98           7
         -84           4          99           7
         -55           8         100           8
         -86           3         101           8
         -24           7         102           8
         -25           7         103           8
          11           2         104           8
         -26           5         105           8
         -82           6         106           8
         -47           6         107           8
         -43           6         108           8
         -42           6         109           8
         -85           4         110           8
         -84           5         111           8
         -24           8         112           8
         -55           8         113           8
         -56           7         114           8
         -43           6         115           8
          -7           1         116           8
          11           3         117           8
         -55           8         118           8
         -42           7         119           8
         -25           8         120           8
         -41           7         121           8
           2           2         122           8
         -82           7         123           8
         -93           2         124           8
         -28           2         125           8
         -42           8         126           8
         -54           8         127           8
         -83           7         128           8
         -55           9         129           9
         -32           3         130           9
         -93           3         131           9
         -87           3         132           9
         -74           3         133           9
         -41           6         134           9
         -16           1         135           9
         -24           9         136           9
         -24          10         137          10
         -87           4         138          10
         -26           8         139          10
         -73           4         140          10
          11           4         141          10
         -22           6         142          10
         -24          11         143          11
         -42           9         144          11
         -87           5         145          11
         -24          12         146          12
         -24          13         147          13
         -23          12         148          13
         -81           7         149          13
         -56           7         150          13
         -86           5         151          13
          11           5         152          13
         -55          10         153          13
         -64           2         154          13
         -26           8         155          13
         -24          14         156          14
         -25          14         157          14
         -42          10         158          14
         -23          14         159          14
         -56          10         160          14
          11           6         161          14
         -42          11         162          14
         -23          14         163          14
         -55          11         164          14
         -53           8         165          14
         -80           7         166          14
         -23          12         167          14
         -55          12         168          14
         -25          12         169          14
         -54          11         170          14
         -24          15         171          15
         -83           8         172          15
         -27           8         173          15
         -65           2         174          15
         -24          15         175          15
         -54          12         176          15
         -26          14         177          15
         -41           9         178          15
         -57           7         179          15
         -43          11         180          15
         -44          11         181          15
         -55          13         182          15
         -42          12         183          15
         -56          13         184          15
         -73           5         185          15
         -57          10         186          15
         -49           6         187          15
         -26          15         188          15
         -45          11         189          15
         -81           8         190          15
         -83           9         191          15
         -84           9         192          15
         -26          16         193          16
         -44          12         194          16
          19           1         195          16
         -42          13         196          16
         -56          14         197          16
         -81           9         198          16
         -73           6         199          16
         -84           9         200          16
         -53           9         201          16
         -55          14         202          16
         -57          13         203          16
         -56          15         204          16
         -27          16         205          16
         -42          14         206          16
          10           5         207          16
         -58          10         208          16
         -41          14         209          16
         -22           7         210          16
         -24          16         211          16
         -74           5         212          16
         -44          12         213          16
         -84          10         214          16
         -58          13         215          16
         -79           7         216          16
         -59          10         217          16
         -41          15         218          16
         -60          10         219          16
         -58          14         220          16
         -56          16         221          16
         -56          17         222          17
         -41          16         223          17
         -27          17         224          17
         -55          16         225          17
         -41          17         226          17
         -81          10         227          17
         -79           8         228          17
         -60           9         229          17
         -57          17         230          17
          22           1         231          17
         -42          17         232          17
         -23          11         233          17
         -59          14         234          17
         -24          17         235          17
         -60          14         236          17
         -41          18         237          18
          11           7         238          18
         -46          11         239          18
         -57          18         240          18
         -24          18         241          18
         -57          19         242          19
         -61          14         243          19
         -44          13         244          19
         -59          15         245          19
         -73           7         246          19
         -62          14         247          19
         -72           7         248          19
         -53          12         249          19
         -58           7         250          19
         -22          11         251          19
         -26          17         252          19
         -40          17         253          19
         -74           7         254          19
         -26          18         255          19
         -40          18         256          19
         -57          20         257          20
         -62          15         258          20
         -62          16         259          20
         -81          11         260          20
         -62          17         261          20
         -62          18         262          20
         -79           9         263          20
          34           1         264          20
         -27          18         265          20
         -45          13         266          20
         -49           7         267          20
         -84          10         268          20
         -61          17         269          20
         -57          21         270          21
         -56          18         271          21
         -43          17         272          21
         -57          22         273          22
         -27          18         274          22
         -40          19         275          22
         -56          22         276          22
          34           2         277          22
         -57          23         278          23
         -44          17         279          23
         -45          17         280          23
         -24          19         281          23
         -63          18         282          23
         -57          24         283          24
         -57          25         284          25
         -85          10         285          25
         -57          26         286          26
         -61          18         287          26
         -57          26         288          26
         -58          25         289          26
         -63          14         290          26
         -56          26         291          26
         -74           8         292          26
         -78           9         293          26
         -57          26         294          26
         -56          27         295          27
         -63          19         296          27
         -56          27         297          27
         -55          26         298          27
         -39          19         299          27
         -58          26         300          27
         -58          19         301          27
         -58          27         302          27
         -22          14         303          27
          10           2         304          27
         -27           7         305          27
         -58          28         306          28
          39           1         307          28
         -40          20         308          28
         -55          27         309          28
         -63          13         310          28
         -58          28         311          28
         -55          28         312          28
         -28          18         313          28
         -22          15         314          28
         -24          20         315          28
         -24          21         316          28
         -63          20         317          28
         -75           8         318          28
         -63          21         319          28
         -82          11         320          28
         -38          19         321          28
         -59          26         322          28
         -72           8         323          28
         -45          18         324          28
         -85          11         325          28
         -64          21         326          28
         -54          28         327          28
         -29          18         328          28
         -38          20         329          28
          39           2         330          28
         -57          28         331          28
         -38          21         332          28
         -39          21         333          28
         -29          18         334          28
         -53          28         335          28
         -57          29         336          29
         -24          22         337          29
         -85          12         338          29
         -25          21         339          29
         -60          26         340          29
         -41          20         341          29
         -53          28         342          29
         -57          30         343          30
         -59          27         344          30
         -24          23         345          30
         -57          31         346          31
         -56          31         347          31
         -42          18         348          31
         -59          27         349          31
         -58          30         350          31
         -30          18         351          31
         -86          12         352          31
         -24          24         353          31
         -25          23         354          31
         -57          31         355          31
         -37          20         356          31
         -24          24         357          31
          12           7         358          31
         -23          24         359          31
         -27          19         360          31
         -59          30         361          31
         -38          21         362          31
         -36          20         363          31
         -59          31         364          31
         -55          31         365          31
         -26          23         366          31
         -27          23         367          31
          12           8         368          31
         -59          32         369          32
         -54          27         370          32
         -30          19         371          32
         -45          19         372          32
         -55          32         373          32
         -55          33         374          33
         -59          33         375          33
         -27          24         376          33
         -59          34         377          34
         -59          35         378          35
          48           1         379          35
         -54          31         380          35
          38           2         381          35
         -27          23         382          35
         -64          22         383          35
         -59          36         384          36
          47           1         385          36
         -23          22         386          36
         -64          23         387          36
         -53          27         388          36
         -22          24         389          36
         -59          37         390          37
         -60          31         391          37
         -58          37         392          37
         -59           7         393          37
         -53          31         394          37
         -60          35         395          37
         -65          21         396          37
         -57          37         397          37
         -52          31         398          37
         -56          37         399          37
         -61          31         400          37
         -58          38         401          38
         -59          38         402          38
         -58          39         403          39
         -60          38         404          39
         -52          32         405          39
         -61          35         406          39
         -24          25         407          39
         -55          37         408          39
         -64          24         409          39
         -28          24         410          39
         -54          37         411          39
         -51          32         412          39
         -60          39         413          39
         -61          36         414          39
         -61          39         415          39
         -54          37         416          39
         -23          18         417          39
         -61          40         418          40
         -40          21         419          40
         -25          25         420          40
         -60          40         421          40
         -62          39         422          40
         -51          33         423          40
          51           1         424          40
         -58          40         425          40
         -60          41         426          41
         -58          40         427          41
         -62          31         428          41
         -28          25         429          41
         -35          20         430          41
         -29          24         431          41
          34           3         432          41
         -59          41         433          41
         -58          41         434          41
         -53          37         435          41
         -21          24         436          41
         -57          41         437          41
         -51          31         438          41
         -50          33         439          41
          39           3         440          41
         -58          42         441          42
         -30          19         442          42
         -62          30         443          42
         -38          22         444          42
         -58          43         445          43
         -36          21         446          43
          33           3         447          43
         -21          25         448          43
         -66          21         449          43
         -67          21         450          43
         -62          29         451          43
         -40          21         452          43
         -75           8         453          43
          13           7         454          43
         -28          26         455          43
         -25          26         456          43
         -58          44         457          44
         -62          32         458          44
         -60          11         459          44
         -51          34         460          44
         -50          33         461          44
         -41          21         462          44
         -37          22         463          44
         -57          44         464          44
         -57          44         465          44
         -60          42         466          44
         -59          44         467          44
         -51          35         468          44
         -29          26         469          44
         -20          25         470          44
         -56          41         471          44
         -59          45         472          45
         -50          32         473          45
         -59          46         474          46
         -41          22         475          46
         -21          26         476          46
         -20          24         477          46
         -50          35         478          46
         -60          46         479          46
          40           3         480          46
         -60          46         481          46
         -58          46         482          46
         -63          32         483          46
          48           2         484          46
         -57          44         485          46
         -58          47         486          47
         -57          46         487          47
         -60          42         488          47
         -49          32         489          47
         -56          42         490          47
         -22          26         491          47
         -57          47         492          47
         -60          47         493          47
         -56          40         494          47
         -51          30         495          47
         -25          27         496          47
         -25          28         497          47
         -53          38         498          47
         -56          43         499          47
         -60          48         500          48
          21           1         501          48
         -57          48         502          48
         -60          49         503          49
         -57          49         504          49
          55           1         505          49
         -57          44         506          49
         -57          50         507          50
         -61          49         508          50
         -60          50         509          50
         -57          51         510          51
         -56          44         511          51
         -52          37         512          51
         -55          42         513          51
         -56          45         514          51
          32           3         515          51
         -56          51         516          51
         -55          45         517          51
         -55          45         518          51
          33           4         519          51
         -55          51         520          51
         -51          37         521          51
          22           2         522          51
         -38          23         523          51
         -55          52         524          52
         -61          42         525          52
          65           1         526          52
         -55          53         527          53
         -60          51         528          53
          32           4         529          53
         -54          51         530          53
          60           1         531          53
         -55          54         532          54
         -56          54         533          54
         -61          51         534          54
         -57          52         535          54
         -53          51         536          54
         -56          55         537          55
         -56          56         538          56
         -57          56         539          56
         -61          52         540          56
         -55          44         541          56
         -55          43         542          56
          32           5         543          56
         -58          52         544          56
         -51          38         545          56
         -56          57         546          57
         -62          51         547          57
         -62          52         548          57
         -48          32         549          57
         -52          51         550          57
         -51          51         551          57
         -51          51         552          57
         -51          52         553          57
         -51          53         554          57
         -55          56         555          57
         -56          58         556          58
         -57          58         557          58
         -41          23         558          58
         -63          39         559          58
          55           2         560          58
         -51          54         561          58
         -62          42         562          58
         -50          53         563          58
         -68          21         564          58
         -61          53         565          58
         -50          53         566          58
          55           3         567          58
          54           2         568          58
         -50          53         569          58
         -58          56         570          58
         -29          27         571          58
          49           2         572          58
         -49          53         573          58
         -57          59         574          59
         -49          54         575          59
         -49          54         576          59
         -57          59         577          59
         -48          54         578          59
         -63          52         579          59
         -50          51         580          59
         -48          55         581          59
         -49          35         582          59
          68           1         583          59
          64           1         584          59
         -56          59         585          59
         -59          56         586          59
          78           1         587          59
         -57          60         588          60
          62           1         589          60
          76           1         590          60
         -57          61         591          61
         -57          61         592          61
         -39          23         593          61
         -58          61         594          61
          34           4         595          61
         -30          24         596          61
         -58          61         597          61
         -56          61         598          61
         -64          52         599          61
         -48          56         600          61
          86           1         601          61
         -56          62         602          62
         -50          50         603          62
         -48          57         604          62
         -55          62         605          62
         -47          57         606          62
         -64          53         607          62
          30           1         608          62
         -46          57         609          62
         -47          58         610          62
         -55          62         611          62
         -60          44         612          62
         -61          54         613          62
         -57          62         614          62
         -46          58         615          62
         -47          59         616          62
         -47          60         617          62
         -55          63         618          63
         -50          50         619          63
         -58          62         620          63
          49           3         621          63
         -47          55         622          63
          53           2         623          63
         -47          60         624          63
          40           4         625          63
         -55          64         626          64
         -54          62         627          64
         -63          42         628          64
         -46          55         629          64
         -55          65         630          65
         -45          58         631          65
          40           5         632          65
         -55          66         633          66
         -59          56         634          66
         -37          23         635          66
         -48          60         636          66
          11           8         637          66
         -54          61         638          66
         -45          59         639          66
          17           1         640          66
          39           5         641          66
          68           2         642          66
         -29          28         643          66
         -57          63         644          66
         -54          64         645          66
         -62          54         646          66
         -45          60         647          66
         -57          64         648          66
         -44          58         649          66
          53           3         650          66
         -47          61         651          66
         -55          66         652          66
         -53          62         653          66
         -38          24         654          66
         -58          59         655          66
         -53          64         656          66
         -64          53         657          66
         -49          50         658          66
          35           4         659          66
          11           9         660          66
         -55          67         661          67
         -43          58         662          67
         -52          64         663          67
          73           1         664          67
         -56          67         665          67
         -64          39         666          67
         -64          54         667          67
          -4           2         668          67
         -52          64         669          67
         -44          60         670          67
         -56          68         671          68
         -57          67         672          68
         -43          60         673          68
          63           1         674          68
         -64          40         675          68
         -56          69         676          69
          34           5         677          69
         -43          61         678          69
         -47          61         679          69
         -58          67         680          69
         -65          52         681          69
         -56          70         682          70
         -64          55         683          70
         -42          61         684          70
         -55          69         685          70
         -54          69         686          70
         -58          67         687          70
         -54          69         688          70
         -47          62         689          70
         -53          69         690          70
         -52          69         691          70
         -51          64         692          70
         -54          70         693          70
         -51          69         694          70
         -65          55         695          70
         -50          69         696          70
          49           4         697          70
         -51          70         698          70
         -59          61         699          70
         -56          71         700          71
         -65          51         701          71
         -63          55         702          71
         -51          71         703          71
         -47          63         704          71
         -41          61         705          71
         -54          71         706          71
         -40          61         707          71
         -58          67         708          71
          76           2         709          71
         -57          70         710          71
         -39          61         711          71
         -49          69         712          71
         -56          72         713          72
         -54          72         714          72
         -50          71         715          72
         -54          73         716          73
         -54          74         717          74
         -48          69         718          74
         -38          61         719          74
         -49          31         720          74
         -47          64         721          74
         -50          72         722          74
         -46          63         723          74
         -54          74         724          74
         -50          72         725          74
         -66          55         726          74
          55           4         727          74
         -59          61         728          74
         -47          69         729          74
         -46          69         730          74
         -50          73         731          74
         -55          74         732          74
         -58          70         733          74
         -46          70         734          74
         -55          75         735          75
         -67          55         736          75
         -66          51         737          75
         -55          76         738          76
          64           2         739          76
         -54          76         740          76
         -46          71         741          76
         -53          76         742          76
         -52          76         743          76
         -56          75         744          76
          91           1         745          76
         -46          72         746          76
         -52          77         747          77
         -58          70         748          77
         -51          77         749          77
         -59          70         750          77
         -59          57         751          77
         -56          76         752          77
         -46          72         753          77
         -52          78         754          78
          55           5         755          78
         -58          63         756          78
          48           4         757          78
         -60          70         758          78
         -37          61         759          78
         -59          71         760          78
         -47          72         761          78
         -45          70         762          78
         -45          71         763          78
         -45          55         764          78
         -52          79         765          79
         -59          72         766          79
         -61          70         767          79
          62           2         768          79
         -51          78         769          79
          47           4         770          79
          46           4         771          79
          76           3         772          79
         -52          80         773          80
         -46          73         774          80
         -52          81         775          81
         -60          72         776          81
         -62          70         777          81
         -60          73         778          81
         -46          74         779          81
         -61          71         780          81
          62           3         781          81
         -57          75         782          81
         -60          74         783          81
         -49          31         784          81
         -52          82         785          82
         -58          75         786          82
         -51          82         787          82
         -58          68         788          82
         -61          72         789          82
         -61          74         790          82
         -51          83         791          83
         -51          83         792          83
          73           2         793          83
         -58          76         794          83
         -51          79         795          83
         -51          84         796          84
         -51          85         797          85
         -62          70         798          85
         -47          74         799          85
         -52          84         800          85
         -67          55         801          85
         -63          70         802          85
         -50          82         803          85
          40           6         804          85
         -56          76         805          85
         -37          62         806          85
         -37          62         807          85
         -50          84         808          85
         -58          77         809          85
         -50          85         810          85
         -64          70         811          85
         -62          74         812          85
         -38          62         813          85
         -62          74         814          85
         -63          74         815          85
         -29          29         816          85
         -64          69         817          85
         -64          71         818          85
         -46          75         819          85
         -59          76         820          85
         -57          77         821          85
         -53          84         822          85
         -49          85         823          85
         -45          74         824          85
         -63          75         825          85
         -44          74         826          85
         -48          85         827          85
         -50          86         828          86
         -54          84         829          86
         -51          86         830          86
         -51          87         831          87
         -36          61         832          87
         -51          88         833          88
         -48          84         834          88
         -58          78         835          88
          71           1         836          88
         -48          86         837          88
         -63          76         838          88
         -48          86         839          88
         -47          84         840          88
         -51          89         841          89
         -51          90         842          90
