         -32           1         202           1
         -36           1         203           1
         -28           1         204           1
         -37           1         205           1
         -17           1         206           1
         -13           1         207           1
         -51           1         208           1
         -51           2         209           2
         -30           1         210           2
         -70           1         211           2
         -48           1         212           2
         -63           1         213           2
         -70           2         214           2
           7           1         215           2
         -70           3         216           3
         -41           1         217           3
         -42           1         218           3
         -37           2         219           3
         -37           3         220           3
         -64           1         221           3
         -13           2         222           3
         -27           1         223           3
         -38           2         224           3
         -13           3         225           3
         -64           2         226           3
         -21           1         227           3
         -69           3         228           3
         -48           2         229           3
         -51           3         230           3
         -45           1         231           3
         -32           1         232           3
         -71           2         233           3
         -13           4         234           4
         -41           2         235           4
         -79           1         236           4
         -59           1         237           4
         -61           1         238           4
         -59           2         239           4
         -45           2         240           4
         -13           5         241           5
         -89           1         242           5
         -52           2         243           5
         -41           3         244           5
         -37           4         245           5
         -41           4         246           5
         -42           4         247           5
         -37           5         248           5
         -36           4         249           5
         -50           3         250           5
         -28           2         251           5
         -13           6         252           6
         -80           1         253           6
         -51           4         254           6
         -84           1         255           6
         -82           1         256           6
         -37           5         257           6
         -89           2         258           6
         -27           2         259           6
         -41           5         260           6
         -38           5         261           6
         -36           5         262           6
         -14           4         263           6
         -27           3         264           6
         -15           4         265           6
         -35           5         266           6
         -41           6         267           6
         -71           3         268           6
         -21           2         269           6
         -36           6         270           6
         -38           6         271           6
         -71           3         272           6
         -64           3         273           6
         -80           2         274           6
          -7           1         275           6
         -14           5         276           6
           7           2         277           6
         -13           6         278           6
         -35           6         279           6
         -80           3         280           6
         -64           4         281           6
         -15           1         282           6
          -4           1         283           6
         -64           5         284           6
         -40           6         285           6
         -89           2         286           6
         -34           6         287           6
         -65           5         288           6
         -42           6         289           6
         -78           1         290           6
         -26           3         291           6
         -71           4         292           6
         -26           4         293           6
          -4           2         294           6
         -71           5         295           6
         -13           7         296           7
         -63           4         297           7
         -12           7         298           7
         -52           4         299           7
         -21           2         300           7
           2           1         301           7
         -66           5         302           7
         -36           7         303           7
         -62           4         304           7
         -36           8         305           8
         -51           5         306           8
         -72           3         307           8
         -31           1         308           8
         -68           3         309           8
         -36           9         310           9
         -80           4         311           9
         -36          10         312          10
         -52           5         313          10
         -48           3         314          10
         -26           5         315          10
         -26           6         316          10
           7           2         317          10
         -35          10         318          10
         -40           7         319          10
         -35           7         320          10
         -34          10         321          10
         -89           3         322          10
         -47           3         323          10
         -79           4         324          10
         -36          11         325          11
         -71           5         326          11
         -36          12         327          12
         -26           7         328          12
         -17           2         329          12
         -12           8         330          12
         -65           6         331          12
         -51           6         332          12
         -34           6         333          12
         -36          13         334          13
         -52           6         335          13
         -17           2         336          13
         -36          14         337          14
         -66           6         338          14
         -52           6         339          14
         -35          13         340          14
         -11           7         341          14
         -43           4         342          14
         -36          15         343          15
         -37          14         344          15
         -66           7         345          15
          -7           2         346          15
         -25           7         347          15
         -35          15         348          15
         -84           1         349          15
         -53           6         350          15
         -25           8         351          15
         -66           7         352          15
         -35          16         353          16
         -80           5         354          16
         -35          17         355          17
         -12           9         356          17
         -72           5         357          17
         -35          18         358          18
         -73           5         359          18
         -73           6         360          18
         -13           8         361          18
         -43           5         362          18
         -14           8         363          18
         -66           8         364          18
         -40           8         365          18
         -34          17         366          18
         -80           6         367          18
         -34          16         368          18
         -44           5         369          18
         -83           1         370          18
         -37          11         371          18
         -34          18         372          18
          34           1         373          18
         -41           7         374          18
         -36          18         375          18
         -36          18         376          18
         -33          18         377          18
         -54           6         378          18
          27           1         379          18
         -27           7         380          18
         -64           6         381          18
         -73           7         382          18
         -65           7         383          18
         -25           9         384          18
         -54           7         385          18
         -38          14         386          18
         -24           9         387          18
         -67           8         388          18
           6           2         389          18
         -68           8         390          18
          17           1         391          18
         -61           4         392          18
         -40           9         393          18
         -73           8         394          18
         -81           6         395          18
         -39          14         396          18
         -39          13         397          18
         -33          19         398          19
          17           2         399          19
         -73           9         400          19
         -32          18         401          19
         -54           8         402          19
         -54           9         403          19
         -84           2         404          19
         -68           9         405          19
         -69           9         406          19
         -40          13         407          19
         -15           8         408          19
         -37          18         409          19
         -32          19         410          19
         -17           2         411          19
         -45           5         412          19
         -72           8         413          19
         -33          16         414          19
         -32          20         415          20
         -69          10         416          20
         -38          15         417          20
         -38          18         418          20
         -69          10         419          20
         -69          11         420          20
         -44           6         421          20
         -31          18         422          20
         -50           5         423          20
         -53           9         424          20
         -25          10         425          20
         -35          19         426          20
         -68          11         427          20
         -80           7         428          20
         -37          19         429          20
         -40          12         430          20
         -32          21         431          21
         -16           8         432          21
         -40          13         433          21
         -32          22         434          22
         -61           5         435          22
         -38          19         436          22
         -31          22         437          22
         -32          23         438          23
         -39          19         439          23
         -61           6         440          23
         -32          23         441          23
         -52           9         442          23
         -47           4         443          23
         -69          12         444          23
         -33          23         445          23
         -52          10         446          23
         -33          24         447          24
         -32          24         448          24
         -32          25         449          25
          31           1         450          25
         -55           9         451          25
         -38          20         452          25
         -40          19         453          25
         -33          25         454          25
         -39          20         455          25
         -38          21         456          25
         -68          12         457          25
         -34          25         458          25
          31           2         459          25
         -38          21         460          25
         -38          22         461          25
         -39          22         462          25
         -39          22         463          25
         -30          22         464          25
         -73          10         465          25
         -35          25         466          25
         -13           9         467          25
         -69          13         468          25
         -41          19         469          25
         -33          26         470          26
         -36          25         471          26
         -67          11         472          26
         -81           3         473          26
         -70          11         474          26
         -40          22         475          26
         -66          11         476          26
         -81           7         477          26
         -53          10         478          26
         -37          25         479          26
         -71          11         480          26
         -32          16         481          26
         -70          13         482          26
         -32          26         483          26
         -41          22         484          26
         -42          22         485          26
         -43          22         486          26
         -30          23         487          26
         -37          26         488          26
         -81           8         489          26
         -33          27         490          27
         -43          23         491          27
         -33          28         492          28
         -67          12         493          28
         -53          11         494          28
         -32          28         495          28
         -53          12         496          28
         -43          23         497          28
         -31          28         498          28
         -31          29         499          29
         -43          24         500          29
         -74           9         501          29
         -56           9         502          29
         -38          26         503          29
         -13          10         504          29
          46           1         505          29
         -44          24         506          29
         -45          24         507          29
         -23           9         508          29
         -31          16         509          29
         -81           9         510          29
         -53          13         511          29
         -56           8         512          29
         -30          29         513          29
         -39          26         514          29
         -30          30         515          30
         -44          25         516          30
         -33          29         517          30
         -29          30         518          30
         -29          31         519          31
         -45          25         520          31
         -28          31         521          31
          11           1         522          31
         -44          26         523          31
         -44          27         524          31
         -30          31         525          31
         -30          32         526          32
          46           2         527          32
         -34          29         528          32
         -61           7         529          32
         -33          30         530          32
         -33          10         531          32
         -46          24         532          32
         -28          30         533          32
         -27          31         534          32
         -43          21         535          32
         -57           9         536          32
         -43          27         537          32
         -45          26         538          32
         -40          14         539          32
         -42          27         540          32
          46           3         541          32
         -50           6         542          32
         -47          24         543          32
         -26          31         544          32
         -67          13         545          32
         -57          10         546          32
         -48          24         547          32
         -38          27         548          32
         -30          28         549          32
         -48          25         550          32
         -27          30         551          32
         -71          13         552          32
         -30          33         553          33
         -31          33         554          33
         -26          30         555          33
         -48          25         556          33
         -46          26         557          33
         -71          14         558          33
         -80           8         559          33
         -31          31         560          33
         -46          26         561          33
         -32          33         562          33
         -38          28         563          33
         -73          11         564          33
         -49          24         565          33
         -66          13         566          33
         -72          13         567          33
         -33          33         568          33
         -26          32         569          33
         -46          27         570          33
         -31          34         571          34
         -34          30         572          34
         -80           9         573          34
         -31          34         574          34
         -42          28         575          34
         -75           9         576          34
         -47          26         577          34
          30           1         578          34
         -48          26         579          34
         -49          26         580          34
         -30          34         581          34
         -50          26         582          34
         -26          33         583          34
         -34          33         584          34
         -49          27         585          34
         -50          26         586          34
         -35          33         587          34
         -66          14         588          34
         -25          30         589          34
         -13          11         590          34
         -53          13         591          34
          46           4         592          34
         -38          29         593          34
         -50          27         594          34
         -65          14         595          34
         -33          34         596          34
          34           2         597          34
         -33          35         598          35
         -69          13         599          35
          43           1         600          35
         -44          28         601          35
         -33          36         602          36
         -26          34         603          36
         -51          27         604          36
          36           1         605          36
         -25          34         606          36
         -34          36         607          36
         -34          37         608          37
         -69          14         609          37
         -50          25         610          37
          45           3         611          37
         -46          27         612          37
         -36          33         613          37
         -55          10         614          37
         -24          34         615          37
         -24          34         616          37
         -34          38         617          38
         -39          29         618          38
         -53          14         619          38
         -35          38         620          38
         -69          15         621          38
          38           1         622          38
         -70          15         623          38
         -25          29         624          38
         -39          29         625          38
         -36          38         626          38
         -11           9         627          38
         -29          34         628          38
         -44          29         629          38
         -35          39         630          39
         -26          35         631          39
         -24          34         632          39
         -26          36         633          39
         -25          36         634          39
         -70          16         635          39
         -35          39         636          39
         -38          30         637          39
         -49          28         638          39
         -35          40         639          40
         -24          33         640          40
         -25          37         641          40
         -36          40         642          40
          58           1         643          40
         -36          41         644          41
          31           3         645          41
         -36          41         646          41
         -49          29         647          41
         -44          30         648          41
         -52          13         649          41
         -49          30         650          41
         -24          34         651          41
         -54          14         652          41
         -44          31         653          41
         -52          27         654          41
         -37          40         655          41
         -26          37         656          41
         -38          40         657          41
         -38          41         658          41
         -52          28         659          41
         -48          29         660          41
         -39          40         661          41
         -25          38         662          41
         -51          25         663          41
         -39          41         664          41
         -33          38         665          41
         -50          29         666          41
          64           1         667          41
         -23          33         668          41
          12           1         669          41
         -25          32         670          41
          46           4         671          41
         -50          30         672          41
          46           5         673          41
         -40          41         674          41
         -38          42         675          42
         -55          14         676          42
         -48          30         677          42
         -73          13         678          42
         -38          42         679          42
         -47          30         680          42
         -44          32         681          42
         -52          28         682          42
         -40          42         683          42
         -24          38         684          42
          29           1         685          42
          47           5         686          42
         -37          42         687          42
         -55          14         688          42
         -35          41         689          42
         -70          17         690          42
         -27          37         691          42
         -41          41         692          42
         -38          43         693          43
          18           2         694          43
          46           6         695          43
         -24          38         696          43
          40           1         697          43
          51           1         698          43
         -38          44         699          44
          60           1         700          44
         -41          41         701          44
         -38          45         702          45
         -70          18         703          45
         -52          25         704          45
         -24          37         705          45
         -38          46         706          46
         -51          30         707          46
         -28          37         708          46
         -25          39         709          46
         -23          38         710          46
         -38          47         711          47
         -52          30         712          47
         -25          39         713          47
         -52          30         714          47
         -44          33         715          47
         -37          47         716          47
         -70          19         717          47
         -39          45         718          47
         -24          39         719          47
         -41          42         720          47
         -38          31         721          47
         -34          40         722          47
         -29          37         723          47
         -49          31         724          47
         -49          32         725          47
         -41          43         726          47
         -70          20         727          47
          46           7         728          47
         -38          48         729          48
          71           1         730          48
         -28          38         731          48
          21           1         732          48
         -69          20         733          48
         -41          41         734          48
         -23          34         735          48
         -49          33         736          48
         -49          34         737          48
         -38          49         738          49
         -49          35         739          49
         -39          49         740          49
         -37          44         741          49
         -53          30         742          49
         -39          50         743          50
         -40          49         744          50
         -69          21         745          50
         -29          38         746          50
         -39          51         747          51
         -40          50         748          51
         -30          16         749          51
          46           8         750          51
         -22          34         751          51
         -50          33         752          51
         -40          51         753          51
         -71          17         754          51
          18           3         755          51
          47           4         756          51
          46           9         757          51
         -49          35         758          51
          55           1         759          51
          48           5         760          51
          46          10         761          51
         -96           1         762          51
         -41          49         763          51
          45           8         764          51
         -24          40         765          51
         -69          22         766          51
         -49          36         767          51
         -41          51         768          51
         -49          37         769          51
         -25          40         770          51
         -50          36         771          51
          34           3         772          51
         -71          20         773          51
         -38          51         774          51
         -53          29         775          51
          73           1         776          51
         -72          20         777          51
         -51          36         778          51
         -55          15         779          51
         -82           8         780          51
         -22          33         781          51
         -69          23         782          51
         -40          45         783          51
         -40          46         784          51
         -42          49         785          51
         -42          51         786          51
         -24          41         787          51
         -38          52         788          52
         -68          22         789          52
         -42          51         790          52
         -50          37         791          52
          66           1         792          52
         -40          47         793          52
         -50          38         794          52
          16           1         795          52
         -51          33         796          52
         -42          41         797          52
         -43          51         798          52
          68           1         799          52
         -21          34         800          52
         -42          52         801          52
         -38          53         802          53
         -42          43         803          53
         -52          36         804          53
         -42          53         805          53
         -69          24         806          53
         -22          32         807          53
          46          11         808          53
         -43          41         809          53
         -55          15         810          53
         -37          52         811          53
          46          12         812          53
          47          12         813          53
         -42          53         814          53
         -35          42         815          53
         -42          54         816          54
         -42          55         817          55
         -36          47         818          55
          45           8         819          55
         -88           3         820          55
          44           8         821          55
         -42          56         822          56
         -43          54         823          56
         -51          38         824          56
         -42          57         825          57
         -38          54         826          57
          73           2         827          57
         -36          52         828          57
         -41          56         829          57
         -43          56         830          57
         -53          31         831          57
         -25          41         832          57
         -51          39         833          57
         -44          56         834          57
         -42          57         835          57
         -43          43         836          57
         -49          38         837          57
         -34          42         838          57
         -36          52         839          57
         -29          39         840          57
         -52          39         841          57
         -53          25         842          57
         -50          39         843          57
         -41          57         844          57
         -41          58         845          58
          44           9         846          58
         -41          59         847          59
         -40          58         848          59
         -70          24         849          59
         -53          39         850          59
         -42          58         851          59
         -81           3         852          59
          43           8         853          59
          49           5         854          59
         -36          48         855          59
         -44          57         856          59
         -41          60         857          60
          46          13         858          60
         -36          51         859          60
         -53          40         860          60
         -70          25         861          60
         -36          53         862          60
         -44          58         863          60
         -39          58         864          60
         -35          52         865          60
         -38          58         866          60
         -42          60         867          60
          47          13         868          60
          47          14         869          60
         -53          41         870          60
         -45          58         871          60
         -45          57         872          60
         -41          61         873          61
         -38          57         874          61
         -38          56         875          61
         -41          62         876          62
         -70          26         877          62
         -44          54         878          62
          38           2         879          62
          31           3         880          62
         -54          31         881          62
         -38          59         882          62
         -42          62         883          62
         -44          59         884          62
          48          14         885          62
         -69          26         886          62
         -37          59         887          62
         -37          57         888          62
         -41          63         889          63
         -53          41         890          63
         -55          31         891          63
          73           3         892          63
          97           1         893          63
          72           2         894          63
          47          14         895          63
         -41          64         896          64
         -24          30         897          64
         -42          63         898          64
          44           9         899          64
         -46          58         900          64
         -36          59         901          64
         -10           9         902          64
         -54          40         903          64
         -41          65         904          65
         -40          65         905          65
         -25          42         906          65
         -39          65         907          65
         -25          43         908          65
          47          15         909          65
         -50          40         910          65
         -41          66         911          66
         -47          58         912          66
         -48          58         913          66
         -42          66         914          66
         -49          58         915          66
         -38          65         916          66
         -46          57         917          66
         -36          60         918          66
          71           2         919          66
         -36          46         920          66
         -37          65         921          66
         -43          66         922          66
         -35          51         923          66
         -42          67         924          67
         -44          66         925          67
         -44          66         926          67
         -44          60         927          67
         -45          66         928          67
         -37          64         929          67
         -42          68         930          68
         -36          60         931          68
         -54          41         932          68
          68           2         933          68
         -55          40         934          68
         -54          42         935          68
          49          14         936          68
         -55          42         937          68
         -38          66         938          68
          45          13         939          68
         -45          66         940          68
         -56          42         941          68
         -25          44         942          68
         -47          59         943          68
         -42          69         944          69
         -45          66         945          69
         -45          65         946          69
         -43          69         947          69
         -45          66         948          69
          48          15         949          69
         -47          57         950          69
         -43          70         951          70
         -46          66         952          70
         -42          70         953          70
         -45          67         954          70
         -53          42         955          70
         -35          59         956          70
         -56          43         957          70
         -43          71         958          71
         -46          67         959          71
         -36          65         960          71
         -43          72         961          72
         -38          66         962          72
         -48          57         963          72
         -49          59         964          72
         -35          65         965          72
         -45          68         966          72
         -50          59         967          72
         -44          71         968          72
         -44          72         969          72
         -51          59         970          72
         -34          65         971          72
         -44          69         972          72
          87           1         973          72
         -41          70         974          72
         -45          54         975          72
          87           2         976          72
         -44          69         977          72
         -34          65         978          72
         -46          67         979          72
         -24          44         980          72
         -45          72         981          72
         -69          27         982          72
          46          14         983          72
         -34          66         984          72
         -46          68         985          72
         -46          69         986          72
         -43          73         987          73
         -42          73         988          73
         -44          73         989          73
          31           4         990          73
         -45          73         991          73
         -44          74         992          74
         -25          28         993          74
         -52          59         994          74
         -42          74         995          74
         -35          46         996          74
         -36          57         997          74
          45          14         998          74
         -47          66         999          74
          42           8        1000          74
         -68          27        1001          74
         -46          72        1002          74
         -47          65        1003          74
         -47          66        1004          74
         -48          35        1005          74
         -56          44        1006          74
         -29          40        1007          74
         -52          60        1008          74
         -41          74        1009          74
          44          13        1010          74
         -40          74        1011          74
         -68          26        1012          74
         -57          44        1013          74
         -42          75        1014          75
         -47          67        1015          75
         -40          75        1016          75
          73           4        1017          75
         -48          65        1018          75
         -36          66        1019          75
         -42          75        1020          75
         -38          67        1021          75
          47          16        1022          75
         -49          65        1023          75
         -36          56        1024          75
         -57          44        1025          75
          58           2        1026          75
         -39          75        1027          75
         -47          69        1028          75
         -52          58        1029          75
         -51          60        1030          75
         -40          76        1031          76
          82           1        1032          76
         -40          76        1033          76
         -48          69        1034          76
         -45          74        1035          76
         -37          63        1036          76
         -46          74        1037          76
          48          16        1038          76
          48          13        1039          76
         -39          76        1040          76
         -48          68        1041          76
         -38          76        1042          76
         -40          70        1043          76
         -46          74        1044          76
         -57          45        1045          76
         -73          20        1046          76
          66           2        1047          76
         -53          60        1048          76
         -39          70        1049          76
         -50          65        1050          76
         -45          75        1051          76
         -39          71        1052          76
         -44          75        1053          76
         -47          74        1054          76
         -44          76        1055          76
         -41          76        1056          76
         -47          75        1057          76
         -34          67        1058          76
         -53          61        1059          76
         -57          45        1060          76
          46          16        1061          76
          95           1        1062          76
         -38          77        1063          77
         -38          78        1064          78
         -37          78        1065          78
         -37          79        1066          79
          45          16        1067          79
         -45          76        1068          79
         -49          69        1069          79
          24           1        1070          79
         -37          80        1071          80
         -36          80        1072          80
         -58          45        1073          80
          43           9        1074          80
         -48          74        1075          80
         -50          40        1076          80
         -36          81        1077          81
         -36          78        1078          81
         -37          77        1079          81
         -53          62        1080          81
         -36          81        1081          81
         -46          76        1082          81
         -41          77        1083          81
         -42          77        1084          81
         -38          80        1085          81
         -46          77        1086          81
         -46          78        1087          81
         -51          61        1088          81
         -59          45        1089          81
          86           2        1090          81
         -45          78        1091          81
         -39          80        1092          81
         -44          78        1093          81
         -38          81        1094          81
         -36          77        1095          81
         -39          74        1096          81
         -46          78        1097          81
          47          17        1098          81
         -38          71        1099          81
         -53          63        1100          81
         -38          72        1101          81
         -47          78        1102          81
         -35          80        1103          81
         -48          78        1104          81
         -49          78        1105          81
          62           1        1106          81
          45          17        1107          81
         -58          46        1108          81
         -49          66        1109          81
          86           3        1110          81
         -38          82        1111          82
         -36          82        1112          82
         -46          79        1113          82
         -40          80        1114          82
         -44          79        1115          82
         -44          80        1116          82
         -59          46        1117          82
         -60          45        1118          82
         -36          83        1119          83
         -35          83        1120          83
         -35          77        1121          83
         -34          64        1122          83
         -46          79        1123          83
         -49          77        1124          83
         -50          77        1125          83
         -58          47        1126          83
         -50          78        1127          83
         -60          44        1128          83
         -54          62        1129          83
         -34          83        1130          83
         -49          74        1131          83
         -39          81        1132          83
         -51          77        1133          83
         -34          83        1134          83
         -34          83        1135          83
         -36          84        1136          84
         -46          80        1137          84
         -36          85        1138          85
         -50          79        1139          85
         -50          80        1140          85
          47          18        1141          85
         -50          81        1142          85
         -36          86        1143          86
         -59          47        1144          86
         -36          87        1145          87
         -51          81        1146          87
         -35          84        1147          87
         -50          82        1148          87
         -51          82        1149          87
         -35          86        1150          87
         -34          86        1151          87
         -49          68        1152          87
         -37          87        1153          87
         -51          77        1154          87
         -34          87        1155          87
         -44          81        1156          87
         -35          76        1157          87
         -44          82        1158          87
         -35          82        1159          87
         -37          84        1160          87
         -23          44        1161          87
         -33          87        1162          87
         -22          44        1163          87
         -51          83        1164          87
          42           9        1165          87
          48          18        1166          87
         -37          87        1167          87
         -32          87        1168          87
         -52          83        1169          87
         -37          87        1170          87
         -73          21        1171          87
         -48          73        1172          87
         -34          88        1173          88
         -54          25        1174          88
         -44          83        1175          88
         -53          64        1176          88
          57           2        1177          88
         -51          84        1178          88
         -36          88        1179          88
         -36          89        1180          89
         -51          85        1181          89
         -21          44        1182          89
         -37          72        1183          89
         -38          87        1184          89
         -51          86        1185          89
         -50          86        1186          89
         -44          83        1187          89
         -52          83        1188          89
         -40          81        1189          89
         -51          87        1190          89
         -37          89        1191          89
          31           5        1192          89
         -51          88        1193          89
         -52          85        1194          89
         -53          65        1195          89
         -51          89        1196          89
         -34          76        1197          89
         -53          85        1198          89
         -51          89        1199          89
         -31          87        1200          89
         -36          90        1201          90
