           0          -1           2   1.0000000000000000     
           0           1           3   1.0000000000000000     
           0          -2           4   2.0000000000000000     
           1           1           5   2.0000000000000000     
           2           1           6   2.2360679774997898     
          -1          -2           7   2.2360679774997898     
           0           2           8   2.2360679774997898     
           0          -2           9   2.2360679774997898     
          -2          -2          10   2.8284271247461903     
          -2          -3          11   3.6055512754639891     
           0          -3          12   3.6055512754639891     
          -2          -1          13   3.6055512754639891     
          -2           0          14   3.6055512754639891     
           1           2          15   3.6055512754639891     
          -2          -4          16   4.4721359549995796     
           1           3          17   4.4721359549995796     
           0          -4          18   4.4721359549995796     
           1           4          19   4.4721359549995796     
           2           0          20   4.4721359549995796     
           1           5          21   5.0990195135927845     
          -1           1          22   5.0990195135927845     
           2           4          23   5.0990195135927845     
           3           4          24   5.0990195135927845     
           2          -1          25   5.0990195135927845     
           3           5          26   5.8309518948453007     
           3           6          27   6.7082039324993694     
           4           6          28   7.2111025509279782     
           4           6          29   7.2111025509279782     
          -3          -2          30   7.2111025509279782     
           5           6          31   7.8102496759066540     
           1          -3          32   7.8102496759066540     
           5           5          33   7.8102496759066540     
           2           6          34   7.8102496759066540     
           2          -2          35   7.8102496759066540     
           6           5          36   7.8102496759066540     
           2           7          37   7.8102496759066540     
           3           0          38   7.8102496759066540     
           6           4          39   7.8102496759066540     
           7           5          40   8.6023252670426267     
           4           7          41   8.6023252670426267     
           2           8          42   8.6023252670426267     
           4           8          43   8.9442719099991592     
           6           3          44   8.9442719099991592     
           8           5          45   9.4339811320566032     
           5           8          46   9.4339811320566032     
          -2          -5          47   9.4339811320566032     
           0           5          48   9.4339811320566032     
           4           9          49   9.8488578017961039     
          -1          -5          50   9.8488578017961039     
           1           6          51   9.8488578017961039     
           0          -5          52   9.8488578017961039     
          -3          -5          53   9.8488578017961039     
          -3          -3          54   9.8488578017961039     
           4          10          55   10.770329614269007     
           5          10          56   11.180339887498949     
           0           5          57   11.180339887498949     
           7           4          58   11.180339887498949     
          -4          -5          59   11.180339887498949     
          -3          -1          60   11.180339887498949     
          -2           1          61   11.180339887498949     
           3           9          62   11.180339887498949     
           9           5          63   11.180339887498949     
           2           9          64   11.180339887498949     
           1           9          65   11.180339887498949     
          -2           2          66   11.180339887498949     
           4          11          67   11.704699910719626     
          -4          -2          68   11.704699910719626     
          -2          -6          69   11.704699910719626     
          -5          -5          70   11.704699910719626     
          -6          -5          71   11.704699910719626     
          10           5          72   11.704699910719626     
           4          12          73   12.649110640673518     
           4          13          74   13.601470508735444     
           2          -2          75   13.601470508735444     
          10           6          76   13.601470508735444     
          -3           2          77   13.601470508735444     
          10           7          78   13.601470508735444     
          -6          -6          79   13.601470508735444     
           0          -6          80   13.601470508735444     
          10           8          81   13.601470508735444     
           1          -4          82   13.601470508735444     
           6           3          83   13.601470508735444     
          -3           3          84   13.601470508735444     
          -7          -6          85   13.601470508735444     
          -7          -6          86   13.601470508735444     
          -5          -4          87   13.601470508735444     
          -7          -7          88   13.601470508735444     
          -2          -7          89   13.601470508735444     
           5          11          90   13.601470508735444     
          11           5          91   13.601470508735444     
          -7          -7          92   13.601470508735444     
           4          14          93   14.560219778561036     
          -3           1          94   14.560219778561036     
           1          10          95   14.560219778561036     
           6           8          96   14.560219778561036     
           1          -6          97   14.560219778561036     
           4          15          98   15.524174696260024     
          -6          -7          99   15.524174696260024     
           5          15         100   15.811388300841896     
          -6          -8         101   15.811388300841896     
           4          16         102   16.492422502470642     
           3          15         103   16.492422502470642     
           6          15         104   16.492422502470642     
          10           8         105   16.492422502470642     
          -4           2         106   16.492422502470642     
          -5          -3         107   16.492422502470642     
           4          17         108   17.464249196572979     
           2          10         109   17.464249196572979     
           1          11         110   17.464249196572979     
          -5           2         111   17.464249196572979     
          -5           3         112   17.464249196572979     
          -8          -6         113   17.464249196572979     
          -6           3         114   17.464249196572979     
          -5          -8         115   17.464249196572979     
           3          17         116   17.464249196572979     
          11           4         117   17.464249196572979     
          12           4         118   17.464249196572979     
           7          15         119   17.464249196572979     
           2          17         120   17.464249196572979     
          13           4         121   17.464249196572979     
          11           8         122   17.464249196572979     
          11           9         123   17.464249196572979     
           8          15         124   17.464249196572979     
           2          18         125   18.110770276274835     
           2          -3         126   18.110770276274835     
           2          19         127   19.104973174542799     
           9          15         128   19.104973174542799     
           9          16         129   19.104973174542799     
          12           8         130   19.104973174542799     
           1          19         131   19.104973174542799     
           1          17         132   19.104973174542799     
          -7           3         133   19.104973174542799     
          10          15         134   19.104973174542799     
          11           4         135   19.104973174542799     
          10          16         136   19.104973174542799     
           0           9         137   19.104973174542799     
           3          19         138   19.235384061671343     
          13           3         139   19.235384061671343     
          -5          -2         140   19.235384061671343     
          14           4         141   19.235384061671343     
          -9          -6         142   19.235384061671343     
          11          16         143   19.416487838947599     
          13           8         144   19.416487838947599     
         -10          -6         145   19.416487838947599     
           3          20         146   20.223748416156685     
          11          17         147   20.248456731316587     
         -10          -7         148   20.248456731316587     
          11          18         149   21.095023109728988     
           0          11         150   21.095023109728988     
           0          12         151   21.095023109728988     
          12          18         152   21.633307652783937     
          -1          12         153   21.633307652783937     
           0          19         154   21.633307652783937     
           3          -2         155   21.633307652783937     
           4          20         156   21.633307652783937     
           1          -7         157   21.633307652783937     
          13          18         158   22.203603311174518     
          10          14         159   22.203603311174518     
          13           7         160   22.203603311174518     
          12          19         161   22.472205054244231     
           4          21         162   22.472205054244231     
          11          19         163   22.472205054244231     
          -8          -7         164   22.472205054244231     
           1          -8         165   22.472205054244231     
          14           5         166   22.472205054244231     
          -8           3         167   22.472205054244231     
          13           9         168   22.472205054244231     
          13          19         169   23.021728866442675     
           7           3         170   23.021728866442675     
          12          16         171   23.021728866442675     
          -7           4         172   23.021728866442675     
          -5          -9         173   23.021728866442675     
          10          19         174   23.021728866442675     
         -10          -5         175   23.021728866442675     
          14           8         176   23.021728866442675     
         -10          -8         177   23.021728866442675     
          13          20         178   23.853720883753127     
           1          -8         179   23.853720883753127     
           3          21         180   23.853720883753127     
          -7           2         181   23.853720883753127     
          14          20         182   24.413111231467404     
          -8           3         183   24.413111231467404     
           2          -4         184   24.413111231467404     
           2          21         185   24.413111231467404     
          -2          12         186   24.413111231467404     
          -9           3         187   24.413111231467404     
          11           3         188   24.413111231467404     
          -4          -8         189   24.413111231467404     
         -10          -9         190   24.413111231467404     
          15          20         191   25.000000000000000     
         -10         -10         192   25.000000000000000     
           1          20         193   25.000000000000000     
          13          21         194   25.000000000000000     
         -11          -9         195   25.000000000000000     
          16          20         196   25.612496949731394     
          -7           1         197   25.612496949731394     
          11           2         198   25.612496949731394     
           3          22         199   25.612496949731394     
          15           5         200   25.612496949731394     
          14          21         201   25.612496949731394     
         -10           3         202   25.612496949731394     
           2          21         203   25.612496949731394     
           3          23         204   25.612496949731394     
          12          21         205   25.612496949731394     
          13          22         206   25.612496949731394     
          -3          12         207   25.612496949731394     
           0          17         208   25.612496949731394     
          16          19         209   25.612496949731394     
          14           4         210   25.612496949731394     
          17          19         211   25.612496949731394     
          15          21         212   25.806975801127880     
         -10         -11         213   25.806975801127880     
           2          -8         214   25.806975801127880     
         -10         -12         215   25.806975801127880     
          14           7         216   25.806975801127880     
         -10         -13         217   25.806975801127880     
         -11         -13         218   25.806975801127880     
         -11          -7         219   25.806975801127880     
          15           8         220   25.806975801127880     
          -3           4         221   25.806975801127880     
         -11         -14         222   25.806975801127880     
          13          10         223   25.806975801127880     
         -11          -7         224   25.806975801127880     
         -11           3         225   25.806975801127880     
           3          -8         226   25.806975801127880     
           3          -7         227   25.806975801127880     
          16          21         228   26.400757564888170     
           2          23         229   26.400757564888170     
          17          21         230   27.018512172212592     
         -11           4         231   27.018512172212592     
         -12           4         232   27.018512172212592     
          13          11         233   27.018512172212592     
         -12          -9         234   27.018512172212592     
          13          23         235   27.018512172212592     
          16           8         236   27.018512172212592     
          14          11         237   27.018512172212592     
           3          -3         238   27.018512172212592     
          14           3         239   27.018512172212592     
           1          20         240   27.018512172212592     
          12           2         241   27.018512172212592     
          15           3         242   27.018512172212592     
          17          18         243   27.018512172212592     
           1          -9         244   27.018512172212592     
           0          16         245   27.018512172212592     
          14          12         246   27.018512172212592     
          16           3         247   27.018512172212592     
           1          23         248   27.018512172212592     
         -10          -4         249   27.018512172212592     
          -3          13         250   27.018512172212592     
          14          22         251   27.018512172212592     
           1         -10         252   27.018512172212592     
          17          20         253   27.018512172212592     
         -13          -9         254   27.018512172212592     
          17          17         255   27.018512172212592     
          15          12         256   27.018512172212592     
          -3          11         257   27.018512172212592     
           4          23         258   27.018512172212592     
          13           2         259   27.018512172212592     
          12          23         260   27.018512172212592     
          16           7         261   27.018512172212592     
          -9         -11         262   27.018512172212592     
          -1          19         263   27.018512172212592     
         -12         -14         264   27.018512172212592     
           0         -10         265   27.018512172212592     
          14          23         266   27.018512172212592     
          17          16         267   27.018512172212592     
         -10         -14         268   27.018512172212592     
          -1          20         269   27.018512172212592     
          18          21         270   27.658633371878661     
          18          22         271   28.425340807103790     
          19          22         272   29.068883707497267     
           3          -9         273   29.068883707497267     
          19          23         274   29.832867780352597     
          -4          12         275   29.832867780352597     
          19          22         276   29.832867780352597     
         -13         -14         277   29.832867780352597     
          19          24         278   30.610455730027933     
          12           1         279   30.610455730027933     
          12          24         280   30.610455730027933     
         -12          -7         281   30.610455730027933     
          20          23         282   30.610455730027933     
          16           6         283   30.610455730027933     
          18          19         284   30.610455730027933     
          19          25         285   31.400636936215164     
          16           9         286   31.400636936215164     
           4          24         287   31.400636936215164     
          16           3         288   31.400636936215164     
           0          23         289   31.400636936215164     
          20          25         290   32.015621187164243     
          19          26         291   32.202484376209235     
          20          22         292   32.202484376209235     
          -3          14         293   32.202484376209235     
         -10         -15         294   32.202484376209235     
          19          27         295   33.015148038438355     
         -11          -4         296   33.015148038438355     
          15           2         297   33.015148038438355     
          20          21         298   33.015148038438355     
          19          28         299   33.837848631377263     
          18          23         300   33.837848631377263     
           4          -8         301   33.837848631377263     
         -13          -8         302   33.837848631377263     
          19          28         303   33.837848631377263     
          -2          19         304   33.837848631377263     
          19          29         305   34.669871646719429     
          17           3         306   34.669871646719429     
         -13           4         307   34.669871646719429     
         -13         -15         308   34.669871646719429     
          17           9         309   34.669871646719429     
          17          10         310   34.669871646719429     
          19          30         311   35.510561809129406     
         -13         -13         312   35.510561809129406     
          21          21         313   35.510561809129406     
          -1          21         314   35.510561809129406     
          -9          -9         315   35.510561809129406     
          -1          23         316   35.510561809129406     
           0          24         317   35.510561809129406     
          20          25         318   35.510561809129406     
          -9           4         319   35.510561809129406     
          -9         -13         320   35.510561809129406     
          19          31         321   36.359317925395686     
           1         -11         322   36.359317925395686     
           2          24         323   36.359317925395686     
          -2          23         324   36.359317925395686     
         -14         -14         325   36.359317925395686     
           2         -11         326   36.359317925395686     
          18          10         327   36.359317925395686     
         -15         -14         328   36.359317925395686     
           1          24         329   36.359317925395686     
          17           4         330   36.359317925395686     
          -8           4         331   36.359317925395686     
         -10         -16         332   36.359317925395686     
          14           2         333   36.359317925395686     
          13           1         334   36.359317925395686     
          -9         -15         335   36.359317925395686     
         -10          -3         336   36.359317925395686     
          17          22         337   36.359317925395686     
           1          25         338   36.359317925395686     
          22          21         339   36.359317925395686     
          17          11         340   36.359317925395686     
          19          32         341   37.215588131856791     
          19          33         342   38.078865529319543     
          19          33         343   38.078865529319543     
          -3          23         344   38.078865529319543     
          11          24         345   38.078865529319543     
         -13         -16         346   38.078865529319543     
         -11           5         347   38.078865529319543     
          -5          12         348   38.078865529319543     
          -9           5         349   38.078865529319543     
          18          33         350   38.078865529319543     
          17          33         351   38.078865529319543     
           3         -11         352   38.078865529319543     
         -15         -13         353   38.078865529319543     
           7           2         354   38.078865529319543     
          18          11         355   38.078865529319543     
          21          20         356   38.078865529319543     
          23          21         357   38.078865529319543     
          19          34         358   38.948684188300895     
          23          22         359   38.948684188300895     
         -14         -16         360   38.948684188300895     
          24          21         361   38.948684188300895     
           1          26         362   38.948684188300895     
         -13           4         363   38.948684188300895     
          -7           5         364   38.948684188300895     
           1          26         365   38.948684188300895     
         -12         -16         366   38.948684188300895     
          22          20         367   38.948684188300895     
          20          29         368   38.948684188300895     
          -4          23         369   38.948684188300895     
          19          35         370   39.824615503479755     
          15           1         371   39.824615503479755     
           1          26         372   39.824615503479755     
          19          36         373   40.706264874095240     
         -12           3         374   40.706264874095240     
         -15         -15         375   40.706264874095240     
         -16         -15         376   40.706264874095240     
         -17         -15         377   40.706264874095240     
          19          37         378   41.593268686170845     
          25          21         379   41.593268686170845     
          16          33         380   41.593268686170845     
         -17         -14         381   41.593268686170845     
         -16         -13         382   41.593268686170845     
           4          -8         383   41.593268686170845     
          19          10         384   41.593268686170845     
          20          34         385   41.593268686170845     
          -8         -13         386   41.593268686170845     
          20          10         387   41.593268686170845     
          -2          -8         388   41.593268686170845     
          20          33         389   41.593268686170845     
          20          37         390   42.059481689626182     
         -18         -15         391   42.059481689626182     
         -14           4         392   42.059481689626182     
           5          -8         393   42.059481689626182     
         -12           2         394   42.059481689626182     
         -19         -15         395   42.059481689626182     
          20          38         396   42.941821107167776     
          26          21         397   42.941821107167776     
          21          38         398   43.416586692184822     
          17          15         399   43.416586692184822     
          15          33         400   43.416586692184822     
         -18         -14         401   43.416586692184822     
          18          12         402   43.416586692184822     
          27          21         403   43.416586692184822     
           3         -12         404   43.416586692184822     
           0         -11         405   43.416586692184822     
         -17         -16         406   43.416586692184822     
          14          33         407   43.416586692184822     
          14          34         408   43.416586692184822     
           1          27         409   43.416586692184822     
           3         -13         410   43.416586692184822     
          21          38         411   43.416586692184822     
          21          38         412   43.416586692184822     
          17          34         413   43.416586692184822     
          27          22         414   43.416586692184822     
          -4          24         415   43.416586692184822     
          22          38         416   43.908996800200299     
           0          26         417   43.908996800200299     
          25          20         418   43.908996800200299     
          27          23         419   43.908996800200299     
           2          27         420   43.908996800200299     
          14          32         421   43.908996800200299     
           6          -8         422   43.908996800200299     
          -8         -15         423   43.908996800200299     
          25          19         424   43.908996800200299     
          23          38         425   44.418464629025621     
          19          37         426   44.418464629025621     
         -19         -16         427   44.418464629025621     
          20          39         428   44.418464629025621     
          27          24         429   44.418464629025621     
         -14         -17         430   44.418464629025621     
          -8         -16         431   44.418464629025621     
         -14         -18         432   44.418464629025621     
          -3          19         433   44.418464629025621     
         -17         -17         434   44.418464629025621     
          -5          23         435   44.418464629025621     
          -5          13         436   44.418464629025621     
         -17         -18         437   44.418464629025621     
         -13           5         438   44.418464629025621     
          15           0         439   44.418464629025621     
          28          24         440   44.418464629025621     
         -16         -12         441   44.418464629025621     
          21          33         442   44.418464629025621     
         -17         -12         443   44.418464629025621     
         -16         -11         444   44.418464629025621     
          24          38         445   44.944410108488462     
          24          19         446   44.944410108488462     
          27          24         447   44.944410108488462     
           4         -13         448   44.944410108488462     
          20          11         449   44.944410108488462     
           1          28         450   44.944410108488462     
         -11         -16         451   44.944410108488462     
          19          37         452   44.944410108488462     
         -11          -3         453   44.944410108488462     
         -20         -15         454   44.944410108488462     
          18           3         455   44.944410108488462     
          11           1         456   44.944410108488462     
          29          24         457   44.944410108488462     
          -7           5         458   44.944410108488462     
          19          38         459   44.944410108488462     
          22          33         460   44.944410108488462     
          25          38         461   45.486261662176638     
          13          33         462   45.486261662176638     
           7           1         463   45.486261662176638     
          18          38         464   45.486261662176638     
         -20         -14         465   45.486261662176638     
          11           1         466   45.486261662176638     
          16           2         467   45.486261662176638     
          26          38         468   46.043457732885351     
         -19         -16         469   46.043457732885351     
          17          38         470   46.043457732885351     
           2          28         471   46.043457732885351     
          26          38         472   46.043457732885351     
          21          39         473   46.043457732885351     
          26          37         474   46.043457732885351     
          18          16         475   46.043457732885351     
         -14         -19         476   46.043457732885351     
          27          37         477   46.043457732885351     
          17          38         478   46.043457732885351     
          -1         -10         479   46.043457732885351     
         -13         -18         480   46.043457732885351     
          -4          19         481   46.043457732885351     
          24          18         482   46.043457732885351     
         -14         -20         483   46.043457732885351     
          26          19         484   46.043457732885351     
          -6          23         485   46.043457732885351     
           1          29         486   46.043457732885351     
          21          40         487   46.043457732885351     
          28          37         488   46.400431032480725     
           8           3         489   46.400431032480725     
           1          29         490   46.400431032480725     
         -14         -21         491   46.400431032480725     
          29          23         492   46.400431032480725     
          29          22         493   46.400431032480725     
          -6          12         494   46.400431032480725     
          25          39         495   46.400431032480725     
          28          38         496   47.201694884823787     
         -14         -22         497   47.201694884823787     
           1          29         498   47.201694884823787     
          19           3         499   47.201694884823787     
         -21         -15         500   47.201694884823787     
          30          22         501   47.201694884823787     
          12          33         502   47.201694884823787     
          -7         -16         503   47.201694884823787     
          29          37         504   47.201694884823787     
         -11          -5         505   47.201694884823787     
          16          38         506   47.201694884823787     
          -7         -17         507   47.201694884823787     
          18           2         508   47.201694884823787     
          -5         -10         509   47.201694884823787     
           2         -13         510   47.201694884823787     
         -21         -14         511   47.201694884823787     
         -21         -13         512   47.201694884823787     
          27          38         513   47.201694884823787     
         -18         -17         514   47.201694884823787     
          28          39         515   48.010415536631214     
         -14         -23         516   48.010415536631214     
          -5          19         517   48.010415536631214     
         -15         -23         518   48.010415536631214     
          15          -1         519   48.010415536631214     
          27          20         520   48.010415536631214     
          28          40         521   48.826222462934808     
          18          39         522   48.826222462934808     
         -11           6         523   48.826222462934808     
         -14           3         524   48.826222462934808     
          28          20         525   48.826222462934808     
           6          -8         526   48.826222462934808     
         -11           7         527   48.826222462934808     
          21          41         528   48.826222462934808     
           5         -13         529   48.826222462934808     
           7           0         530   48.826222462934808     
          31          22         531   48.826222462934808     
          19           2         532   48.826222462934808     
          29          40         533   49.406477308142499     
           0          29         534   49.406477308142499     
          -6          24         535   49.406477308142499     
          -5          11         536   49.406477308142499     
          -7          12         537   49.406477308142499     
          21          10         538   49.406477308142499     
          21          11         539   49.406477308142499     
          15          -2         540   49.406477308142499     
          21          42         541   49.406477308142499     
          31          23         542   49.406477308142499     
         -16         -23         543   49.406477308142499     
          19           1         544   49.406477308142499     
          28          20         545   49.406477308142499     
         -11           7         546   49.406477308142499     
          30          37         547   49.406477308142499     
         -13         -23         548   49.406477308142499     
          31          21         549   49.406477308142499     
         -15         -24         550   49.406477308142499     
          14          35         551   49.406477308142499     
          17           7         552   49.406477308142499     
          29          41         553   50.219518117958877     
         -13           6         554   50.219518117958877     
          -6          19         555   50.219518117958877     
          27          40         556   50.219518117958877     
          -7         -15         557   50.219518117958877     
           1          30         558   50.219518117958877     
          -6         -16         559   50.219518117958877     
          -8          12         560   50.219518117958877     
         -12           1         561   50.219518117958877     
          16          38         562   50.219518117958877     
          30          41         563   50.803543183522152     
          30          36         564   50.803543183522152     
          -1          29         565   50.803543183522152     
         -21         -12         566   50.803543183522152     
          -6          25         567   50.803543183522152     
         -17         -11         568   50.803543183522152     
          20          41         569   50.803543183522152     
         -22         -12         570   50.803543183522152     
         -15         -25         571   50.803543183522152     
          31          41         572   51.400389103585589     
          31          36         573   51.400389103585589     
          32          41         574   52.009614495783374     
          16          -2         575   52.009614495783374     
          22          39         576   52.009614495783374     
         -23         -12         577   52.009614495783374     
          33          41         578   52.630789467763066     
          -6          18         579   52.630789467763066     
         -21         -16         580   52.630789467763066     
          32          36         581   52.630789467763066     
          21          43         582   52.630789467763066     
         -16         -25         583   52.630789467763066     
          33          42         584   53.413481444294568     
          33          43         585   54.203320931470607     
          34          41         586   54.203320931470607     
          -6          25         587   54.203320931470607     
           1          30         588   54.203320931470607     
          -1          30         589   54.203320931470607     
          22          43         590   54.203320931470607     
          17          -2         591   54.203320931470607     
          -8          13         592   54.203320931470607     
           0         -11         593   54.203320931470607     
          33          44         594   55.000000000000000     
         -24         -12         595   55.000000000000000     
          20          41         596   55.000000000000000     
         -24         -11         597   55.000000000000000     
         -22         -16         598   55.000000000000000     
          28          20         599   55.000000000000000     
         -15           3         600   55.000000000000000     
          19           0         601   55.000000000000000     
          21          44         602   55.000000000000000     
          31          20         603   55.000000000000000     
          31          24         604   55.000000000000000     
         -15         -26         605   55.000000000000000     
          18          40         606   55.000000000000000     
           2          30         607   55.000000000000000     
          34          41         608   55.000000000000000     
         -18         -11         609   55.000000000000000     
          34          44         610   55.605755097831377     
          23          43         611   55.605755097831377     
          21          45         612   55.605755097831377     
          12           0         613   55.605755097831377     
         -15         -27         614   55.605755097831377     
          12          32         615   55.605755097831377     
          21          46         616   55.605755097831377     
          34          45         617   56.400354608814297     
          32          35         618   56.400354608814297     
          31          19         619   56.400354608814297     
          20           1         620   56.400354608814297     
          29          25         621   56.400354608814297     
         -14         -26         622   56.400354608814297     
          -3          15         623   56.400354608814297     
         -24         -10         624   56.400354608814297     
          -9          13         625   56.400354608814297     
          30          42         626   56.400354608814297     
          21           1         627   56.400354608814297     
           7          -1         628   56.400354608814297     
           8          -1         629   56.400354608814297     
           6         -13         630   56.400354608814297     
          33          45         631   56.400354608814297     
          34          46         632   57.201398584300364     
         -16         -10         633   57.201398584300364     
          35          41         634   57.201398584300364     
         -22         -17         635   57.201398584300364     
          21          47         636   57.201398584300364     
          -2          29         637   57.201398584300364     
         -12           0         638   57.201398584300364     
          30          35         639   57.201398584300364     
          31          18         640   57.201398584300364     
         -17         -25         641   57.201398584300364     
           7          -8         642   57.201398584300364     
          32          18         643   57.201398584300364     
         -16           3         644   57.201398584300364     
          36          41         645   57.201398584300364     
          35          46         646   57.801384066473702     
         -12         -17         647   57.801384066473702     
         -17         -19         648   57.801384066473702     
          20          47         649   57.801384066473702     
          35          47         650   58.600341295934449     
          -7         -18         651   58.600341295934449     
          31          17         652   58.600341295934449     
         -12         -18         653   58.600341295934449     
          22          47         654   58.600341295934449     
           3         -14         655   58.600341295934449     
          21          48         656   58.600341295934449     
          -6          17         657   58.600341295934449     
          14          -2         658   58.600341295934449     
          21           9         659   58.600341295934449     
         -24         -13         660   58.600341295934449     
          30          34         661   58.600341295934449     
         -21         -16         662   58.600341295934449     
          32          43         663   58.600341295934449     
          32          17         664   58.600341295934449     
           7         -13         665   58.600341295934449     
          -6         -18         666   58.600341295934449     
          33          40         667   58.600341295934449     
          33          17         668   58.600341295934449     
         -18         -25         669   58.600341295934449     
         -24         -14         670   58.600341295934449     
          36          47         671   59.203040462462738     
          16          39         672   59.203040462462738     
         -23         -17         673   59.203040462462738     
          34          47         674   59.203040462462738     
           1          31         675   59.203040462462738     
          34          48         676   59.203040462462738     
         -24         -17         677   59.203040462462738     
          27          41         678   59.203040462462738     
          12          34         679   59.203040462462738     
          -1          28         680   59.203040462462738     
           2          31         681   59.203040462462738     
          36          40         682   59.203040462462738     
          11          34         683   59.203040462462738     
          19          -1         684   59.203040462462738     
          36          39         685   59.203040462462738     
           6         -14         686   59.203040462462738     
         -15         -28         687   59.203040462462738     
          27          41         688   59.203040462462738     
         -10          13         689   59.203040462462738     
         -15         -29         690   59.203040462462738     
          -3          29         691   59.203040462462738     
         -15         -30         692   59.203040462462738     
          32          45         693   59.203040462462738     
          21          49         694   59.203040462462738     
          23          44         695   59.203040462462738     
          34          17         696   59.203040462462738     
          30          17         697   59.203040462462738     
         -24         -18         698   59.203040462462738     
          -3          30         699   59.203040462462738     
         -11          13         700   59.203040462462738     
          37          47         701   59.816385714952723     
          -6         -19         702   59.816385714952723     
         -24         -19         703   59.816385714952723     
          38          47         704   60.440052945046304     
          39          47         705   61.073725938409879     
         -12         -19         706   61.073725938409879     
          39          48         707   61.846584384264908     
          34          49         708   61.846584384264908     
         -25         -19         709   61.846584384264908     
          15          39         710   61.846584384264908     
         -24          -9         711   61.846584384264908     
          -8          11         712   61.846584384264908     
          34          18         713   61.846584384264908     
          34          50         714   61.846584384264908     
         -26         -19         715   61.846584384264908     
          19          47         716   61.846584384264908     
         -27         -19         717   61.846584384264908     
          33          16         718   61.846584384264908     
          -7          23         719   61.846584384264908     
         -14         -30         720   61.846584384264908     
         -11          14         721   61.846584384264908     
          37          40         722   61.846584384264908     
          -4          29         723   61.846584384264908     
         -13         -30         724   61.846584384264908     
          -9          11         725   61.846584384264908     
         -27         -19         726   61.846584384264908     
          35          50         727   61.846584384264908     
         -19         -25         728   61.846584384264908     
          -5          29         729   61.846584384264908     
         -25         -14         730   61.846584384264908     
          15          40         731   61.846584384264908     
         -19         -26         732   61.846584384264908     
         -28         -19         733   61.846584384264908     
          19          48         734   61.846584384264908     
          40          47         735   61.846584384264908     
          38          40         736   61.846584384264908     
          40          48         737   62.481997407253232     
         -28         -18         738   62.481997407253232     
         -19         -27         739   62.481997407253232     
          -4          30         740   62.481997407253232     
          21          50         741   62.481997407253232     
         -11         -19         742   62.481997407253232     
         -19         -24         743   62.481997407253232     
          19          49         744   62.481997407253232     
          35          18         745   62.481997407253232     
          38          41         746   62.481997407253232     
         -13         -21         747   62.481997407253232     
          -6          29         748   62.481997407253232     
           2         -14         749   62.481997407253232     
          22           9         750   62.481997407253232     
         -26         -14         751   62.481997407253232     
         -15         -31         752   62.481997407253232     
         -25         -20         753   62.481997407253232     
          39          41         754   62.481997407253232     
         -13         -31         755   62.481997407253232     
         -11          15         756   62.481997407253232     
         -12          15         757   62.481997407253232     
         -13          15         758   62.481997407253232     
          21           2         759   62.481997407253232     
          22           9         760   62.481997407253232     
           1         -14         761   62.481997407253232     
          40          46         762   62.481997407253232     
          14          39         763   62.481997407253232     
          40          45         764   62.481997407253232     
          35          49         765   62.481997407253232     
          -7         -19         766   62.481997407253232     
          36          18         767   62.481997407253232     
         -20         -27         768   62.481997407253232     
          41          48         769   63.126856408346519     
          -6         -20         770   63.126856408346519     
         -20         -25         771   63.126856408346519     
          -8          23         772   63.126856408346519     
         -19         -28         773   63.126856408346519     
          18          48         774   63.126856408346519     
          10          34         775   63.126856408346519     
         -13         -32         776   63.126856408346519     
          -6          30         777   63.126856408346519     
          33          50         778   63.126856408346519     
          34          17         779   63.126856408346519     
          39          49         780   63.126856408346519     
         -25         -10         781   63.126856408346519     
         -13          16         782   63.126856408346519     
         -11          16         783   63.126856408346519     
          40          41         784   63.126856408346519     
          40          44         785   63.126856408346519     
         -25          -9         786   63.126856408346519     
          34          16         787   63.126856408346519     
         -25          -9         788   63.126856408346519     
          33          35         789   63.126856408346519     
          22          50         790   63.126856408346519     
          10          35         791   63.126856408346519     
          -5         -16         792   63.126856408346519     
          32          46         793   63.126856408346519     
         -13           7         794   63.126856408346519     
         -13         -32         795   63.126856408346519     
         -24         -20         796   63.126856408346519     
          18          48         797   63.126856408346519     
          25          18         798   63.126856408346519     
         -19         -29         799   63.126856408346519     
         -13         -29         800   63.126856408346519     
          32          23         801   63.126856408346519     
          22           1         802   63.126856408346519     
          10          36         803   63.126856408346519     
          17          -3         804   63.126856408346519     
          41          49         805   63.890531379853151     
          33          51         806   63.890531379853151     
         -13         -33         807   63.890531379853151     
           8         -13         808   63.890531379853151     
          33          15         809   63.890531379853151     
          33          52         810   63.890531379853151     
         -28         -17         811   63.890531379853151     
          11          32         812   63.890531379853151     
          33          15         813   63.890531379853151     
          34          52         814   63.890531379853151     
          41          49         815   63.890531379853151     
          33          14         816   63.890531379853151     
         -29         -18         817   63.890531379853151     
          18          49         818   63.890531379853151     
          -8          24         819   63.890531379853151     
          36          19         820   63.890531379853151     
          35          16         821   63.890531379853151     
         -30         -18         822   63.890531379853151     
          36          16         823   63.890531379853151     
         -13         -33         824   63.890531379853151     
          -4          31         825   63.890531379853151     
         -13         -26         826   63.890531379853151     
          34          53         827   63.890531379853151     
         -21         -25         828   63.890531379853151     
         -20         -29         829   63.890531379853151     
          41          41         830   63.890531379853151     
           9          35         831   63.890531379853151     
          -6          30         832   63.890531379853151     
         -27         -14         833   63.890531379853151     
          17          48         834   63.890531379853151     
         -30         -19         835   63.890531379853151     
         -30         -18         836   63.890531379853151     
          38          39         837   63.890531379853151     
         -14          15         838   63.890531379853151     
         -30         -20         839   63.890531379853151     
          18          50         840   63.890531379853151     
          41          50         841   64.660652641308843     
          -6         -21         842   64.660652641308843     
          -6          31         843   64.660652641308843     
         -13          17         844   64.660652641308843     
          32          52         845   64.660652641308843     
         -12         -33         846   64.660652641308843     
         -30         -21         847   64.660652641308843     
         -20         -30         848   64.660652641308843     
          22           0         849   64.660652641308843     
         -13          18         850   64.660652641308843     
          19          50         851   64.660652641308843     
         -16         -31         852   64.660652641308843     
           8         -14         853   64.660652641308843     
          33          13         854   64.660652641308843     
           9         -13         855   64.660652641308843     
           8         -14         856   64.660652641308843     
          40          40         857   64.660652641308843     
          42          49         858   64.660652641308843     
          -5          31         859   64.660652641308843     
         -21         -30         860   64.660652641308843     
         -22         -30         861   64.660652641308843     
          41          51         862   65.436992595931542     
          22          51         863   65.436992595931542     
          23          51         864   65.436992595931542     
          28          36         865   65.436992595931542     
           7         -14         866   65.436992595931542     
           6         -15         867   65.436992595931542     
          42          51         868   66.068146636635717     
          40          50         869   66.068146636635717     
          41          46         870   66.068146636635717     
          36          15         871   66.068146636635717     
         -25          -8         872   66.068146636635717     
         -14           7         873   66.068146636635717     
          37          16         874   66.068146636635717     
         -23         -30         875   66.068146636635717     
          19          51         876   66.068146636635717     
          34          13         877   66.068146636635717     
         -11         -33         878   66.068146636635717     
          -7          30         879   66.068146636635717     
          38          16         880   66.068146636635717     
         -26          -8         881   66.068146636635717     
          -6          28         882   66.068146636635717     
         -23         -31         883   66.068146636635717     
          -6          32         884   66.068146636635717     
          23           1         885   66.068146636635717     
         -13         -34         886   66.068146636635717     
          31          52         887   66.068146636635717     
          19          52         888   66.068146636635717     
          -3          31         889   66.068146636635717     
         -26          -7         890   66.068146636635717     
         -13          19         891   66.068146636635717     
          34          12         892   66.068146636635717     
          40          51         893   66.068146636635717     
          33          12         894   66.068146636635717     
          43          51         895   66.708320320631671     
          43          51         896   66.708320320631671     
          38          17         897   66.708320320631671     
          31          52         898   66.708320320631671     
         -31         -18         899   66.708320320631671     
         -15          15         900   66.708320320631671     
          19          -2         901   66.708320320631671     
          18          52         902   66.708320320631671     
          19          52         903   66.708320320631671     
         -27         -13         904   66.708320320631671     
          33          23         905   66.708320320631671     
         -23         -32         906   66.708320320631671     
          21           0         907   66.708320320631671     
         -24         -30         908   66.708320320631671     
          -6          33         909   66.708320320631671     
           9         -13         910   66.708320320631671     
          42          52         911   66.843099868273612     
          24          51         912   66.843099868273612     
          43          52         913   67.475921631349351     
          18          52         914   67.475921631349351     
         -22         -31         915   67.475921631349351     
          32          53         916   67.475921631349351     
          24           1         917   67.475921631349351     
         -23         -33         918   67.475921631349351     
         -24         -32         919   67.475921631349351     
         -26          -7         920   67.475921631349351     
          35          13         921   67.475921631349351     
          30          25         922   67.475921631349351     
          -7          33         923   67.475921631349351     
         -27         -12         924   67.475921631349351     
         -23         -34         925   67.475921631349351     
          22          -1         926   67.475921631349351     
          34          54         927   67.475921631349351     
          41          48         928   67.475921631349351     
         -28         -13         929   67.475921631349351     
         -23         -35         930   67.475921631349351     
         -12          18         931   67.475921631349351     
         -29         -13         932   67.475921631349351     
         -14           8         933   67.475921631349351     
          40          51         934   67.475921631349351     
          13          -2         935   67.475921631349351     
          -7          25         936   67.475921631349351     
         -13         -35         937   67.475921631349351     
          22          -2         938   67.475921631349351     
          23          -2         939   67.475921631349351     
         -14          -8         940   67.475921631349351     
          14          40         941   67.475921631349351     
         -32         -18         942   67.475921631349351     
          35          54         943   67.475921631349351     
         -30         -13         944   67.475921631349351     
          16          48         945   67.475921631349351     
          31          53         946   67.475921631349351     
         -30         -22         947   67.475921631349351     
          -6         -22         948   67.475921631349351     
          44          51         949   67.475921631349351     
          24          -2         950   67.475921631349351     
          34          35         951   67.475921631349351     
          15          48         952   67.475921631349351     
          15          48         953   67.475921631349351     
          33          12         954   67.475921631349351     
          24          51         955   67.475921631349351     
          32          14         956   67.475921631349351     
         -31         -13         957   67.475921631349351     
         -31         -14         958   67.475921631349351     
          -3          32         959   67.475921631349351     
         -12          19         960   67.475921631349351     
          34          11         961   67.475921631349351     
          39          17         962   67.475921631349351     
         -12         -30         963   67.475921631349351     
          18          41         964   67.475921631349351     
         -23         -35         965   67.475921631349351     
         -31         -22         966   67.475921631349351     
          34          10         967   67.475921631349351     
          -9          23         968   67.475921631349351     
          36          54         969   67.475921631349351     
          34          34         970   67.475921631349351     
         -13         -36         971   67.475921631349351     
         -11         -34         972   67.475921631349351     
          17          52         973   67.475921631349351     
         -31         -12         974   67.475921631349351     
          36          55         975   67.475921631349351     
          -8          33         976   67.475921631349351     
          -4         -16         977   67.475921631349351     
          43          49         978   67.475921631349351     
          34           9         979   67.475921631349351     
          34          55         980   67.475921631349351     
          42          41         981   67.475921631349351     
          11          31         982   67.475921631349351     
         -12         -26         983   67.475921631349351     
          32          54         984   67.475921631349351     
          34          56         985   67.475921631349351     
         -14           9         986   67.475921631349351     
          41          45         987   67.475921631349351     
         -14          18         988   67.475921631349351     
          40          52         989   67.475921631349351     
          36          56         990   67.475921631349351     
          17          52         991   67.475921631349351     
         -25         -32         992   67.475921631349351     
          45          51         993   68.014704292527810     
          24          50         994   68.014704292527810     
          -3          33         995   68.014704292527810     
          32          55         996   68.014704292527810     
         -24         -30         997   68.014704292527810     
          45          50         998   68.014704292527810     
          34          56         999   68.014704292527810     
          41          40        1000   68.014704292527810     
          35          34        1001   68.014704292527810     
          38          38        1002   68.014704292527810     
         -31         -23        1003   68.014704292527810     
          45          49        1004   68.014704292527810     
          17          53        1005   68.014704292527810     
          -9          33        1006   68.014704292527810     
          34          57        1007   68.014704292527810     
          45          52        1008   68.767724987816777     
          46          52        1009   69.426219830839131     
          -9          32        1010   69.426219830839131     
          36          13        1011   69.426219830839131     
          13          40        1012   69.426219830839131     
          15          48        1013   69.426219830839131     
         -31         -19        1014   69.426219830839131     
           8          35        1015   69.426219830839131     
         -14         -35        1016   69.426219830839131     
         -25         -33        1017   69.426219830839131     
          46          53        1018   70.178344238091000     
          47          52        1019   70.178344238091000     
         -13          20        1020   70.178344238091000     
          -7          26        1021   70.178344238091000     
          45          53        1022   70.178344238091000     
         -27          -7        1023   70.178344238091000     
          34           9        1024   70.178344238091000     
         -32         -13        1025   70.178344238091000     
          48          52        1026   70.767224051816527     
         -11         -35        1027   70.767224051816527     
          44          53        1028   70.767224051816527     
         -15          -8        1029   70.767224051816527     
           6         -16        1030   70.767224051816527     
          33           9        1031   70.767224051816527     
          42          40        1032   70.767224051816527     
          -5         -22        1033   70.767224051816527     
          22          -3        1034   70.767224051816527     
          34          58        1035   70.767224051816527     
          44          54        1036   70.767224051816527     
         -13         -37        1037   70.767224051816527     
         -16           4        1038   70.767224051816527     
          -9          33        1039   70.767224051816527     
         -14         -37        1040   70.767224051816527     
         -24         -35        1041   70.767224051816527     
          32          56        1042   70.767224051816527     
          38          37        1043   70.767224051816527     
         -16          15        1044   70.767224051816527     
         -16          14        1045   70.767224051816527     
           8         -15        1046   70.767224051816527     
          49          52        1047   71.449282711584999     
          -9          34        1048   71.449282711584999     
          30          53        1049   71.449282711584999     
          31          56        1050   71.449282711584999     
           8          36        1051   71.449282711584999     
          33          22        1052   71.449282711584999     
          45          54        1053   71.449282711584999     
         -14         -38        1054   71.449282711584999     
         -14         -39        1055   71.449282711584999     
          44          55        1056   71.449282711584999     
          49          53        1057   72.180329730474355     
         -32         -23        1058   72.180329730474355     
         -15         -39        1059   72.180329730474355     
          37          56        1060   72.180329730474355     
          34          59        1061   72.180329730474355     
           6         -17        1062   72.180329730474355     
         -15         -40        1063   72.180329730474355     
          49          54        1064   72.917761896536561     
          42          41        1065   72.917761896536561     
         -15         -41        1066   72.917761896536561     
         -23         -36        1067   72.917761896536561     
          35          58        1068   72.917761896536561     
         -27          -6        1069   72.917761896536561     
          -6          34        1070   72.917761896536561     
         -10          33        1071   72.917761896536561     
         -10         -33        1072   72.917761896536561     
          -9          35        1073   72.917761896536561     
          37          57        1074   72.917761896536561     
         -12         -37        1075   72.917761896536561     
          43          55        1076   72.917761896536561     
         -33         -23        1077   72.917761896536561     
          41          39        1078   72.917761896536561     
          18          -3        1079   72.917761896536561     
          43          56        1080   72.917761896536561     
          49          51        1081   72.917761896536561     
         -29         -12        1082   72.917761896536561     
          49          55        1083   73.661387442811588     
          37          58        1084   73.661387442811588     
          49          56        1085   74.411020689142546     
           5         -16        1086   74.411020689142546     
          -4         -22        1087   74.411020689142546     
          50          56        1088   75.073297516493838     
          51          56        1089   75.742986473996396     
          51          57        1090   76.485292703891773     
          10          37        1091   76.485292703891773     
          -6          34        1092   76.485292703891773     
          15          49        1093   76.485292703891773     
         -33         -24        1094   76.485292703891773     
          16          53        1095   76.485292703891773     
          11          37        1096   76.485292703891773     
          18          -3        1097   76.485292703891773     
          18          42        1098   76.485292703891773     
          -9         -33        1099   76.485292703891773     
         -16         -40        1100   76.485292703891773     
         -15         -42        1101   76.485292703891773     
          30          53        1102   76.485292703891773     
         -32         -12        1103   76.485292703891773     
          42          55        1104   76.485292703891773     
           3          -4        1105   76.485292703891773     
          44          56        1106   76.485292703891773     
         -28          -6        1107   76.485292703891773     
          34           8        1108   76.485292703891773     
         -15           7        1109   76.485292703891773     
          33          24        1110   76.485292703891773     
          49          56        1111   76.485292703891773     
         -32         -14        1112   76.485292703891773     
         -16         -42        1113   76.485292703891773     
          -5         -19        1114   76.485292703891773     
          52          56        1115   76.485292703891773     
          30          54        1116   76.485292703891773     
         -34         -23        1117   76.485292703891773     
         -14         -42        1118   76.485292703891773     
          51          55        1119   76.485292703891773     
          35          12        1120   76.485292703891773     
          50          53        1121   76.485292703891773     
         -12         -38        1122   76.485292703891773     
          44          57        1123   76.485292703891773     
          24          -1        1124   76.485292703891773     
          -6          35        1125   76.485292703891773     
          -6         -23        1126   76.485292703891773     
          25          51        1127   76.485292703891773     
          -7          35        1128   76.485292703891773     
         -24         -36        1129   76.485292703891773     
          15          53        1130   76.485292703891773     
         -32         -14        1131   76.485292703891773     
          -3         -22        1132   76.485292703891773     
          34           7        1133   76.485292703891773     
          -5          35        1134   76.485292703891773     
          41          39        1135   76.485292703891773     
         -29          -6        1136   76.485292703891773     
          51          58        1137   77.233412458598508     
          43          41        1138   77.233412458598508     
          19          53        1139   77.233412458598508     
         -15         -43        1140   77.233412458598508     
          50          52        1141   77.233412458598508     
          38          58        1142   77.233412458598508     
          34          59        1143   77.233412458598508     
           7          36        1144   77.233412458598508     
         -33         -25        1145   77.233412458598508     
          51          52        1146   77.233412458598508     
          34           6        1147   77.233412458598508     
         -27          -5        1148   77.233412458598508     
           7          -8        1149   77.233412458598508     
          24           2        1150   77.233412458598508     
           9         -15        1151   77.233412458598508     
          35           6        1152   77.233412458598508     
          51          52        1153   77.233412458598508     
          25          -2        1154   77.233412458598508     
         -25         -35        1155   77.233412458598508     
          39          58        1156   77.233412458598508     
          24          -3        1157   77.233412458598508     
         -15           8        1158   77.233412458598508     
          52          56        1159   77.233412458598508     
          -6          36        1160   77.233412458598508     
          39          59        1161   77.233412458598508     
          29          41        1162   77.233412458598508     
          -6          37        1163   77.233412458598508     
          53          56        1164   77.233412458598508     
          34           5        1165   77.233412458598508     
         -11         -38        1166   77.233412458598508     
          -9          36        1167   77.233412458598508     
         -23         -37        1168   77.233412458598508     
          16          54        1169   77.233412458598508     
          39          60        1170   77.233412458598508     
          51          53        1171   77.233412458598508     
          -7          36        1172   77.233412458598508     
          38          18        1173   77.233412458598508     
         -14         -43        1174   77.233412458598508     
         -33         -18        1175   77.233412458598508     
          46          49        1176   77.233412458598508     
          37          13        1177   77.233412458598508     
          19          53        1178   77.233412458598508     
         -23         -38        1179   77.233412458598508     
          -9          23        1180   77.233412458598508     
         -24         -38        1181   77.233412458598508     
          52          58        1182   77.897368376601790     
          40          17        1183   77.897368376601790     
          36          34        1184   77.897368376601790     
          14          53        1185   77.897368376601790     
          38          13        1186   77.897368376601790     
         -17           3        1187   77.897368376601790     
          36          33        1188   77.897368376601790     
         -10          36        1189   77.897368376601790     
          40          58        1190   77.897368376601790     
          25           1        1191   77.897368376601790     
         -16          14        1192   77.897368376601790     
           6          36        1193   77.897368376601790     
         -16          13        1194   77.897368376601790     
          52          59        1195   78.644770964127048     
         -14         -39        1196   78.644770964127048     
          40          59        1197   78.644770964127048     
          35           5        1198   78.644770964127048     
          41          39        1199   78.644770964127048     
          47          49        1200   78.644770964127048     
         -26         -33        1201   78.644770964127048     
         -30          -6        1202   78.644770964127048     
         -34         -25        1203   78.644770964127048     
          26          -2        1204   78.644770964127048     
         -15          13        1205   78.644770964127048     
          53          57        1206   78.644770964127048     
          -3         -23        1207   78.644770964127048     
          14          48        1208   78.644770964127048     
          -8          30        1209   78.644770964127048     
         -16          16        1210   78.644770964127048     
          23          52        1211   78.644770964127048     
         -14         -40        1212   78.644770964127048     
          52          60        1213   79.397732965116830     
          38          19        1214   79.397732965116830     
          -9         -34        1215   79.397732965116830     
          32          12        1216   79.397732965116830     
          53          60        1217   80.056230238501740     
          52          53        1218   80.056230238501740     
          26          -2        1219   80.056230238501740     
          53          61        1220   80.808415403347695     
          53          55        1221   80.808415403347695     
         -34         -25        1222   80.808415403347695     
          39          13        1223   80.808415403347695     
          10         -13        1224   80.808415403347695     
          38          60        1225   80.808415403347695     
          32          57        1226   80.808415403347695     
          36           5        1227   80.808415403347695     
          54          61        1228   81.467785044151043     
         -30          -7        1229   81.467785044151043     
         -15         -44        1230   81.467785044151043     
          51          51        1231   81.467785044151043     
          43          41        1232   81.467785044151043     
         -25         -36        1233   81.467785044151043     
          39          61        1234   81.467785044151043     
          35           9        1235   81.467785044151043     
         -33         -18        1236   81.467785044151043     
         -31          -7        1237   81.467785044151043     
           8          -8        1238   81.467785044151043     
         -33         -14        1239   81.467785044151043     
          39          62        1240   81.467785044151043     
         -13         -43        1241   81.467785044151043     
          36           4        1242   81.467785044151043     
           8          -7        1243   81.467785044151043     
         -22         -35        1244   81.467785044151043     
          33          59        1245   81.467785044151043     
          23          53        1246   81.467785044151043     
          53          62        1247   81.565924257621205     
         -24         -39        1248   81.565924257621205     
         -17          16        1249   81.565924257621205     
         -25         -39        1250   81.565924257621205     
         -17          17        1251   81.565924257621205     
          51          60        1252   81.565924257621205     
          53          63        1253   82.328609851011095     
          39          63        1254   82.328609851011095     
          52          63        1255   82.328609851011095     
          54          62        1256   82.328609851011095     
         -26          -5        1257   82.328609851011095     
          37           4        1258   82.328609851011095     
          30          56        1259   82.328609851011095     
         -17          13        1260   82.328609851011095     
         -35         -25        1261   82.328609851011095     
         -10         -38        1262   82.328609851011095     
          13          -3        1263   82.328609851011095     
         -35         -26        1264   82.328609851011095     
          44          58        1265   82.328609851011095     
         -23         -38        1266   82.328609851011095     
         -25         -40        1267   82.328609851011095     
          -8          26        1268   82.328609851011095     
          38          20        1269   82.328609851011095     
         -34         -22        1270   82.328609851011095     
          54          60        1271   82.328609851011095     
          11         -13        1272   82.328609851011095     
          37          60        1273   82.328609851011095     
           6          37        1274   82.328609851011095     
          24          -3        1275   82.328609851011095     
          55          62        1276   82.879430499973878     
          52          63        1277   82.879430499973878     
          16          55        1278   82.879430499973878     
          55          61        1279   82.879430499973878     
         -18          16        1280   82.879430499973878     
          24          -4        1281   82.879430499973878     
          34          24        1282   82.879430499973878     
         -23         -39        1283   82.879430499973878     
          55          63        1284   83.630138108220294     
          34          60        1285   83.630138108220294     
          40          63        1286   83.630138108220294     
         -35         -27        1287   83.630138108220294     
          44          59        1288   83.630138108220294     
          45          59        1289   83.630138108220294     
         -35         -28        1290   83.630138108220294     
          55          64        1291   84.386017799159120     
         -14         -40        1292   84.386017799159120     
         -25         -38        1293   84.386017799159120     
          11         -12        1294   84.386017799159120     
         -16           8        1295   84.386017799159120     
          -9          26        1296   84.386017799159120     
          33          60        1297   84.386017799159120     
          13          53        1298   84.386017799159120     
         -26         -38        1299   84.386017799159120     
          56          62        1300   84.386017799159120     
           9          37        1301   84.386017799159120     
         -16         -44        1302   84.386017799159120     
          -4         -17        1303   84.386017799159120     
          -2         -22        1304   84.386017799159120     
          40          64        1305   84.386017799159120     
         -17           8        1306   84.386017799159120     
          56          64        1307   85.041166501877200     
          13          52        1308   85.041166501877200     
         -10          37        1309   85.041166501877200     
          51          63        1310   85.041166501877200     
          13          54        1311   85.041166501877200     
          40          61        1312   85.041166501877200     
         -36         -28        1313   85.041166501877200     
          -3         -24        1314   85.041166501877200     
          14          41        1315   85.041166501877200     
         -16         -45        1316   85.041166501877200     
          50          63        1317   85.041166501877200     
         -16         -45        1318   85.041166501877200     
          40          65        1319   85.041166501877200     
           6         -17        1320   85.041166501877200     
         -11          37        1321   85.041166501877200     
          57          62        1322   85.041166501877200     
          26          51        1323   85.041166501877200     
         -26         -36        1324   85.041166501877200     
         -17          18        1325   85.041166501877200     
         -36         -29        1326   85.041166501877200     
          58          62        1327   85.041166501877200     
          59          62        1328   85.586213843118443     
          60          62        1329   86.278618440491968     
          61          62        1330   86.977008456258133     
          34           4        1331   86.977008456258133     
         -35         -22        1332   86.977008456258133     
          55          65        1333   86.977008456258133     
          30          57        1334   86.977008456258133     
          25          -4        1335   86.977008456258133     
          50          64        1336   86.977008456258133     
          57          64        1337   86.977008456258133     
          25          -5        1338   86.977008456258133     
          53          53        1339   86.977008456258133     
          55          65        1340   86.977008456258133     
          58          64        1341   86.977008456258133     
         -37         -29        1342   86.977008456258133     
          43          41        1343   86.977008456258133     
          50          65        1344   86.977008456258133     
          49          63        1345   86.977008456258133     
         -38         -29        1346   86.977008456258133     
          60          63        1347   87.000000000000000     
          54          65        1348   87.000000000000000     
         -11          37        1349   87.000000000000000     
          58          65        1350   87.114866699088736     
         -33         -12        1351   87.114866699088736     
          34          61        1352   87.114866699088736     
          27          -2        1353   87.114866699088736     
         -33         -11        1354   87.114866699088736     
         -38         -29        1355   87.114866699088736     
         -38         -30        1356   87.114866699088736     
         -14         -44        1357   87.114866699088736     
          12          53        1358   87.114866699088736     
         -16           4        1359   87.114866699088736     
         -25         -41        1360   87.114866699088736     
          61          61        1361   87.114866699088736     
          50          66        1362   87.114866699088736     
          58          66        1363   87.863530545955186     
          25          -5        1364   87.863530545955186     
          61          61        1365   87.863530545955186     
          52          51        1366   87.863530545955186     
         -36         -25        1367   87.863530545955186     
          39          19        1368   87.863530545955186     
          40          18        1369   87.863530545955186     
         -15         -45        1370   87.863530545955186     
         -27          -4        1371   87.863530545955186     
          54          53        1372   87.863530545955186     
          44          41        1373   87.863530545955186     
          41          17        1374   87.863530545955186     
          39          63        1375   87.863530545955186     
          -8          36        1376   87.863530545955186     
          13          51        1377   87.863530545955186     
          49          65        1378   87.863530545955186     
          39          65        1379   87.863530545955186     
          -6          38        1380   87.863530545955186     
         -10          38        1381   87.863530545955186     
          52          50        1382   87.863530545955186     
          38           4        1383   87.863530545955186     
         -21         -35        1384   87.863530545955186     
          62          62        1385   87.863530545955186     
          16          56        1386   87.863530545955186     
          12         -13        1387   87.863530545955186     
          39          65        1388   87.863530545955186     
          33          60        1389   87.863530545955186     
          57          61        1390   87.863530545955186     
         -17         -42        1391   87.863530545955186     
          25          -6        1392   87.863530545955186     
         -11          33        1393   87.863530545955186     
          54          52        1394   87.863530545955186     
          26          -6        1395   87.863530545955186     
          12          53        1396   87.863530545955186     
          58          67        1397   88.617154095581284     
         -39         -29        1398   88.617154095581284     
          54          56        1399   88.617154095581284     
          38          65        1400   88.617154095581284     
          49          65        1401   88.617154095581284     
          52          49        1402   88.617154095581284     
         -27         -33        1403   88.617154095581284     
          36           9        1404   88.617154095581284     
          62          61        1405   88.617154095581284     
         -12         -43        1406   88.617154095581284     
          51          66        1407   88.617154095581284     
          59          66        1408   88.617154095581284     
          41          16        1409   88.617154095581284     
          38           4        1410   88.617154095581284     
          60          66        1411   89.196412483911033     
          57          67        1412   89.196412483911033     
         -36         -22        1413   89.196412483911033     
         -34         -18        1414   89.196412483911033     
          58          68        1415   89.375611886017325     
          40          66        1416   89.375611886017325     
          62          60        1417   89.375611886017325     
          58          68        1418   89.375611886017325     
          61          66        1419   89.872131386765275     
         -12         -39        1420   89.872131386765275     
          62          66        1421   90.553851381374173     
          59          68        1422   90.553851381374173     
         -37         -22        1423   90.553851381374173     
          41          63        1424   90.553851381374173     
         -13         -44        1425   90.553851381374173     
          16          57        1426   90.553851381374173     
         -17         -44        1427   90.553851381374173     
          -3         -25        1428   90.553851381374173     
          55          56        1429   90.553851381374173     
         -12          37        1430   90.553851381374173     
           6         -18        1431   90.553851381374173     
          61          67        1432   90.609050320594349     
          62          65        1433   90.609050320594349     
          62          59        1434   90.609050320594349     
         -19          16        1435   90.609050320594349     
          63          66        1436   91.241437954473298     
          52          48        1437   91.241437954473298     
         -39         -30        1438   91.241437954473298     
          37          65        1439   91.241437954473298     
         -12          37        1440   91.241437954473298     
          58          69        1441   91.241437954473298     
          58          70        1442   91.241437954473298     
         -18         -44        1443   91.241437954473298     
          27          -3        1444   91.241437954473298     
         -37         -25        1445   91.241437954473298     
         -14          19        1446   91.241437954473298     
          11          53        1447   91.241437954473298     
          11         -14        1448   91.241437954473298     
          63          67        1449   91.967385523347346     
          63          59        1450   91.967385523347346     
          60          68        1451   91.967385523347346     
         -37         -21        1452   91.967385523347346     
          39           4        1453   91.967385523347346     
         -13         -45        1454   91.967385523347346     
          64          66        1455   91.967385523347346     
          65          66        1456   92.633687176966021     
          -6          39        1457   92.633687176966021     
          61          68        1458   92.633687176966021     
          53          48        1459   92.633687176966021     
          61          69        1460   92.633687176966021     
          65          65        1461   92.633687176966021     
          66          65        1462   92.633687176966021     
         -17           9        1463   92.633687176966021     
         -13          37        1464   92.633687176966021     
          66          64        1465   92.633687176966021     
         -11         -43        1466   92.633687176966021     
          67          64        1467   92.655275079188016     
          28          -3        1468   92.655275079188016     
          67          64        1469   92.655275079188016     
          58          71        1470   92.655275079188016     
         -30          -5        1471   92.655275079188016     
         -38         -31        1472   92.655275079188016     
          66          66        1473   93.338095116624274     
          -8         -33        1474   93.338095116624274     
          50          67        1475   93.338095116624274     
         -11          32        1476   93.338095116624274     
         -19          17        1477   93.338095116624274     
         -13          37        1478   93.338095116624274     
          50          68        1479   93.338095116624274     
          49          68        1480   93.338095116624274     
          61          70        1481   93.338095116624274     
          67          63        1482   93.338095116624274     
          26          -6        1483   93.338095116624274     
          68          63        1484   93.338095116624274     
          -6          40        1485   93.338095116624274     
          65          67        1486   93.348808240919709     
         -12         -44        1487   93.348808240919709     
         -16         -46        1488   93.348808240919709     
          50          69        1489   93.348808240919709     
          58          72        1490   93.348808240919709     
         -10          23        1491   93.348808240919709     
          59          72        1492   93.348808240919709     
          69          63        1493   93.434469014384618     
          36          65        1494   93.434469014384618     
          26          -6        1495   93.434469014384618     
         -26         -41        1496   93.434469014384618     
          40          13        1497   93.434469014384618     
          70          63        1498   94.175368329515976     
          69          64        1499   94.175368329515976     
          70          63        1500   94.175368329515976     
         -26         -41        1501   94.175368329515976     
         -34         -12        1502   94.175368329515976     
          66          67        1503   94.175368329515976     
          58          73        1504   94.175368329515976     
          66          68        1505   94.762861923857074     
          66          63        1506   94.762861923857074     
         -19          18        1507   94.762861923857074     
          57          69        1508   94.762861923857074     
          59          72        1509   94.762861923857074     
         -27         -41        1510   94.762861923857074     
          49          66        1511   94.762861923857074     
          -9          26        1512   94.762861923857074     
          58          74        1513   94.762861923857074     
          60          72        1514   94.762861923857074     
          64          59        1515   94.762861923857074     
          57          74        1516   94.762861923857074     
          63          68        1517   94.762861923857074     
          65          68        1518   94.762861923857074     
          71          63        1519   94.921019800674287     
          26          -1        1520   94.921019800674287     
          67          68        1521   95.462034338264544     
          -9          31        1522   95.462034338264544     
          54          51        1523   95.462034338264544     
          68          68        1524   96.166522241370458     
          59          74        1525   96.166522241370458     
          59          75        1526   96.166522241370458     
          56          74        1527   96.166522241370458     
          71          62        1528   96.166522241370458     
          58          75        1529   96.166522241370458     
          66          69        1530   96.166522241370458     
          72          62        1531   96.166522241370458     
         -17           2        1532   96.166522241370458     
         -20          17        1533   96.166522241370458     
          38          36        1534   96.166522241370458     
          73          62        1535   96.166522241370458     
          68          69        1536   96.876209669866839     
          38          21        1537   96.876209669866839     
          71          61        1538   96.876209669866839     
         -10          24        1539   96.876209669866839     
          63          69        1540   96.876209669866839     
          60          73        1541   96.876209669866839     
         -35         -18        1542   96.876209669866839     
          69          69        1543   97.580735803743565     
         -28          -4        1544   97.580735803743565     
         -27         -42        1545   97.580735803743565     
          59          76        1546   97.580735803743565     
          -1         -22        1547   97.580735803743565     
          69          65        1548   97.580735803743565     
          73          63        1549   97.580735803743565     
          56          75        1550   97.580735803743565     
          70          69        1551   98.290386101591849     
