   4.0000000000000001E-002   2.9816250912276603     
   8.0000000000000002E-002   3.4193679752829707     
  0.12000000000000000        3.3693581359491422     
  0.16000000000000000        2.9731834200079339     
  0.20000000000000001        2.4112343447575917     
  0.23999999999999999        1.8507684640401043     
  0.28000000000000003        1.4024216555065032     
  0.32000000000000001        1.0957534135903431     
  0.35999999999999999       0.87971479110057060     
  0.40000000000000002       0.64704238502511413     
  0.44000000000000000       0.27563354582963995     
  0.47999999999999998      -0.32471710258666225     
  0.52000000000000002       -1.1731064157068387     
  0.56000000000000005       -2.1970964724870616     
  0.59999999999999998       -3.2374701243888357     
  0.64000000000000001       -4.0783117688748751     
  0.68000000000000005       -4.4958753846503292     
  0.71999999999999997       -4.3147757662467656     
  0.76000000000000001       -3.4576377177969233     
  0.80000000000000004       -1.9755212771553108     
  0.83999999999999997       -5.0582244937290667E-002
  0.88000000000000000        2.0310846516707279     
  0.92000000000000004        3.9315000683689858     
  0.95999999999999996        5.3267579726812562     
   1.0000000000000000        5.9724519953767672     
   1.0400000000000000        5.7539347619133476     
   1.0800000000000001        4.7101063402919978     
   1.1200000000000001        3.0253267959768522     
   1.1599999999999999       0.99130323789522701     
   1.2000000000000000       -1.0524525972221161     
   1.2400000000000000       -2.7862143830888670     
   1.2800000000000000       -3.9707110737023816     
   1.3200000000000001       -4.4877690491967250     
   1.3600000000000001       -4.3527454758010711     
   1.4000000000000001       -3.6972877700343023     
   1.4399999999999999       -2.7279044529065972     
   1.4800000000000000       -1.6713053985016881     
   1.5200000000000000      -0.72021277077045587     
   1.5600000000000001        7.2898368384698310E-003
   1.6000000000000001       0.48559350704292614     
   1.6400000000000001       0.77329476473658032     
   1.6799999999999999       0.98221929221643345     
   1.7200000000000000        1.2328591693229269     
   1.7600000000000000        1.6087124088940703     
   1.8000000000000000        2.1221740693346813     
   1.8400000000000001        2.7015896234545265     
   1.8800000000000001        3.2035586118482513     
   1.9199999999999999        3.4479988940129855     
   1.9600000000000000        3.2674297125543164     
   2.0000000000000000        2.5579893043986810     
   2.0400000000000000        1.3188029745290770     
   2.0800000000000001      -0.33119898910918733     
   2.1200000000000001       -2.1646986401141710     
   2.1600000000000001       -3.8845347403194155     
   2.2000000000000002       -5.1816287201410933     
   2.2400000000000002       -5.7995858486013354     
   2.2800000000000002       -5.5913083356297895     
   2.3199999999999998       -4.5544084370831914     
   2.3599999999999999       -2.8368701010240414     
   2.3999999999999999      -0.71108361223462990     
   2.4399999999999999        1.4783864970271119     
   2.4800000000000000        3.3819723614125170     
   2.5200000000000000        4.7124773963974409     
   2.5600000000000001        5.2979970880306180     
   2.6000000000000001        5.1091396179053099     
   2.6400000000000001        4.2553478856594893     
   2.6800000000000002        2.9522371316820544     
   2.7200000000000002        1.4684744342760176     
   2.7600000000000002        6.5149931775349404E-002
   2.8000000000000003       -1.0580723354305703     
   2.8399999999999999       -1.7978862174435049     
   2.8799999999999999       -2.1561640521675725     
   2.9199999999999999       -2.2221003246763997     
   2.9600000000000000       -2.1336654755122058     
   3.0000000000000000       -2.0293593393223905     
   3.0400000000000000       -2.0033723833217150     
   3.0800000000000001       -2.0761263790425279     
   3.1200000000000001       -2.1879613902198241     
   3.1600000000000001       -2.2176453005578121     
   3.2000000000000002       -2.0208139946867920     
   3.2400000000000002       -1.4781633297432535     
   3.2800000000000002      -0.54042384077901873     
   3.3200000000000003       0.74231874866198932     
   3.3599999999999999        2.2157501559871751     
   3.3999999999999999        3.6437053612192232     
   3.4399999999999999        4.7538257356660498     
   3.4800000000000000        5.2965241582627538     
   3.5200000000000000        5.1036459856946035     
   3.5600000000000001        4.1327650589820584     
   3.6000000000000001        2.4860421030019997     
   3.6400000000000001       0.39823866671901037     
   3.6800000000000002       -1.8044248283332045     
   3.7200000000000002       -3.7661115907429230     
   3.7600000000000002       -5.1705603833071736     
   3.8000000000000003       -5.8024922623111186     
   3.8399999999999999       -5.5877977626549225     
   3.8799999999999999       -4.6039165959026231     
   3.9199999999999999       -3.0586153541722219     
   3.9600000000000000       -1.2425507552773885     
   4.0000000000000000       0.53316233342864794     
   4.0400000000000000        2.0000033546662048     
   4.0800000000000001        2.9816176862191655     
   4.1200000000000001        3.4193728432916566     
   4.1600000000000001        3.3693546175566933     
   4.2000000000000002        2.9731840502388245     
   4.2400000000000002        2.4112310727539805     
   4.2800000000000002        1.8507683529317445     
   4.3200000000000003        1.4024194616837229     
   4.3600000000000003        1.0957537086197267     
   4.4000000000000004       0.87971334538141688     
   4.4400000000000004       0.64704237084892791     
   4.4800000000000004       0.27563150374891349     
   4.5200000000000005      -0.32471850825061016     
   4.5600000000000005       -1.1731096912665016     
   4.6000000000000005       -2.1970989229963007     
   4.6399999999999997       -3.2374733783237559     
   4.6799999999999997       -4.0783131692630414     
   4.7199999999999998       -4.4958762154533680     
   4.7599999999999998       -4.3147739078878438     
   4.7999999999999998       -3.4576347563786123     
   4.8399999999999999       -1.9755160171162296     
   4.8799999999999999       -5.0576799949920363E-002
   4.9199999999999999        2.0310907270923035     
   4.9600000000000000        3.9315045385972214     
   5.0000000000000000        5.3267612117682983     
   5.0400000000000000        5.9724523465935757     
   5.0800000000000001        5.7539331863459280     
   5.1200000000000001        4.7101021503025606     
   5.1600000000000001        3.0253216420631719     
   5.2000000000000002       0.99129713286673848     
   5.2400000000000002       -1.0524578394932480     
   5.2800000000000002       -2.7862187613480827     
   5.3200000000000003       -3.9707133084323454     
   5.3600000000000003       -4.4877697187072609     
   5.4000000000000004       -4.3527441208522664     
   5.4400000000000004       -3.6972855304157846     
   5.4800000000000004       -2.7279013614970022     
   5.5200000000000005       -1.6713026339176715     
   5.5600000000000005      -0.72021025395464122     
   5.6000000000000005        7.2914062922885114E-003
   5.6399999999999997       0.48559464692804338     
   5.6799999999999997       0.77329530468892227     
   5.7199999999999998       0.98221997742416933     
   5.7599999999999998        1.2328599415502979     
   5.7999999999999998        1.6087137481922835     
   5.8399999999999999        2.1221755896753987     
   5.8799999999999999        2.7015912837683387     
   5.9199999999999999        3.2035596938183706     
   5.9600000000000000        3.4479990978101891     
   6.0000000000000000        3.2674284504631266     
   6.0400000000000000        2.5579865701050810     
   6.0800000000000001        1.3187988066557454     
   6.1200000000000001      -0.33120399507682213     
   6.1600000000000001       -2.1647037912765548     
   6.2000000000000002       -3.8845391160191598     
   6.2400000000000002       -5.1816315054244022     
   6.2800000000000002       -5.7995864737249567     
   6.3200000000000003       -5.5913065308677981     
   6.3600000000000003       -4.5544044913933615     
   6.4000000000000004       -2.8368645146008773     
   6.4400000000000004      -0.71107742171175170     
   6.4800000000000004        1.4783924547976275     
   6.5200000000000005        3.3819769588180408     
   6.5600000000000005        4.7124802044134375     
   6.6000000000000005        5.2979975492426874     
   6.6400000000000006        5.1091381566601237     
   6.6799999999999997        4.2553446422052108     
   6.7199999999999998        2.9522331881887522     
   6.7599999999999998        1.4684701526277464     
   6.7999999999999998        6.5146430262613339E-002
   6.8399999999999999       -1.0580751092547738     
   6.8799999999999999       -1.7978875932084366     
   6.9199999999999999       -2.1561647452723860     
   6.9600000000000000       -2.2221000573663248     
   7.0000000000000000       -2.1336653252180771     
   7.0400000000000000       -2.0293589357151642     
   7.0800000000000001       -2.0033726646438552     
   7.1200000000000001       -2.0761264630348153     
   7.1600000000000001       -2.1879618920113000     
   7.2000000000000002       -2.2176448787086844     
   7.2400000000000002       -2.0208132702801462     
   7.2800000000000002       -1.4781609595579619     
   7.3200000000000003      -0.54042098447398546     
   7.3600000000000003       0.74232305301036616     
   7.4000000000000004        2.2157539953161032     
   7.4400000000000004        3.6437094469168296     
   7.4800000000000004        4.7538277383093028     
   7.5200000000000005        5.2965251614155600     
   7.5600000000000005        5.1036438364421537     
   7.6000000000000005        4.1327618464482176     
   7.6400000000000006        2.4860361159355535     
   7.6799999999999997       0.39823313876833949     
   7.7199999999999998       -1.8044315901128563     
   7.7599999999999998       -3.7661156087659808     
   7.7999999999999998       -5.1705642780498158     
   7.8399999999999999       -5.8024917273497332     
   7.8799999999999999       -5.5877973410387423     
   7.9199999999999999       -4.6039112815486387     
   7.9600000000000000       -3.0586125942887548     
   8.0000000000000000       -1.2425426272052322     
