   0.0000000000000000        2.0000000000000000     
   4.0000000000000001E-002   2.4279390747737501     
   8.0000000000000002E-002   2.3640263614388939     
  0.12000000000000000        1.9893606894150000     
  0.16000000000000000        1.5593447376813683     
  0.20000000000000001        1.3294396026725634     
  0.23999999999999999        1.4813667024341439     
  0.28000000000000003        2.0699733335901813     
  0.32000000000000001        3.0053361453115746     
  0.35999999999999999        4.0750648041190827     
  0.40000000000000002        5.0008028041917481     
  0.44000000000000000        5.5135887391758827     
  0.47999999999999998        5.4275803993866578     
  0.52000000000000002        4.6920612272306315     
  0.56000000000000005        3.4075312963408488     
  0.59999999999999998        1.8014329602000694     
  0.64000000000000001       0.17002251913707345     
  0.68000000000000005       -1.1979086940553636     
  0.71999999999999997       -2.0948384948440708     
  0.76000000000000001       -2.4459051652936226     
  0.80000000000000004       -2.3240566264507674     
  0.83999999999999997       -1.9249958622337731     
  0.88000000000000000       -1.5089018567162245     
  0.92000000000000004       -1.3249417855083874     
  0.95999999999999996       -1.5392631637537666     
   1.0000000000000000       -2.1861926593563932     
   1.0400000000000000       -3.1560336005082075     
   1.0800000000000001       -4.2228714284138213     
   1.1200000000000001       -5.1048830034084691     
   1.1599999999999999       -5.5407726397841417     
   1.2000000000000000       -5.3615406794023279     
   1.2400000000000000       -4.5380323031793761     
   1.2800000000000000       -3.1912780147260422     
   1.3200000000000001       -1.5627373270793568     
   1.3600000000000001        4.7554320912850168E-002
   1.4000000000000001        1.3582210959749741     
   1.4399999999999999        2.1782813074230623     
   1.4800000000000000        2.4540076708344376     
   1.5200000000000000        2.2783180666478908     
   1.5600000000000001        1.8603025658530792     
   1.6000000000000001        1.4633401099006715     
   1.6400000000000001        1.3288002891624973     
   1.6799999999999999        1.6062376122580082     
   1.7200000000000000        2.3092031913353108     
   1.7600000000000000        3.3088074690515805     
   1.8000000000000000        4.3668707859711420     
   1.8400000000000001        5.1996992492742518     
   1.8800000000000001        5.5551613727312557     
   1.9199999999999999        5.2820928965229372     
   1.9600000000000000        4.3731167661928456     
   2.0000000000000000        2.9691728089633083     
   2.0400000000000000        1.3244464844849515     
   2.0800000000000001      -0.25885998032069923     
   2.1200000000000001       -1.5082837251725745     
   2.1600000000000001       -2.2503616664078079     
   2.2000000000000002       -2.4526967407771094     
   2.2400000000000002       -2.2275402702460041     
   2.2800000000000002       -1.7960770948748179     
   2.3199999999999998       -1.4232928485431107     
   2.3599999999999999       -1.3413018539681993     
   2.3999999999999999       -1.6821428261837785     
   2.4399999999999999       -2.4384567715221754     
   2.4800000000000000       -3.4628532888001811     
   2.5200000000000000       -4.5062191272710130     
   2.5600000000000001       -5.2845989037794272     
   2.6000000000000001       -5.5564744649831326     
   2.6400000000000001       -5.1894110703826275     
   2.6800000000000002       -4.1979041396435886     
   2.7200000000000002       -2.7420707531466189     
   2.7600000000000002       -1.0874606265509907     
   2.8000000000000003       0.46318044146069015     
   2.8399999999999999        1.6477483776117272     
   2.8799999999999999        2.3111767235100960     
   2.9199999999999999        2.4424731521111811     
   2.9600000000000000        2.1724764655254365     
   3.0000000000000000        1.7331061133967456     
   3.0400000000000000        1.3893533542344723     
   3.0800000000000001        1.3626738800062901     
   3.1200000000000001        1.7667694312532884     
   3.1600000000000001        2.5733575363035026     
   3.2000000000000002        3.6173466912109475     
   3.2400000000000002        4.6400863957684084     
   3.2800000000000002        5.3589732789581515     
   3.3200000000000003        5.5444940635899780     
   3.3599999999999999        5.0837338208885026     
   3.3999999999999999        4.0130332660076533     
   3.4399999999999999        2.5108478142999062     
   3.4800000000000000       0.85266695441071072     
   3.5200000000000000      -0.65984486124578656     
   3.5600000000000001       -1.7763283501476923     
   3.6000000000000001       -2.3608866813799567     
   3.6400000000000001       -2.4238851523014033     
   3.6800000000000002       -2.1138989472932881     
   3.7200000000000002       -1.6721619186298029     
   3.7600000000000002       -1.3620712366798606     
   3.8000000000000003       -1.3930829464628802     
   3.8399999999999999       -1.8598469502074200     
   3.8799999999999999       -2.7132652147620906     
   3.9199999999999999       -3.7714480534130299     
   3.9600000000000000       -4.7676609686303140     
   4.0000000000000000       -5.4222611753530936     
   4.0400000000000000       -5.5190663064676961     
   4.0800000000000001       -4.9653631942463390     
   4.1200000000000001       -3.8191889021459664     
   4.1600000000000001       -2.2763961367197245     
   4.2000000000000002      -0.62093492508196579     
   4.2400000000000002       0.84822907342443965     
   4.2800000000000002        1.8937997501868293     
   4.3200000000000003        2.3997135638394225     
   4.3600000000000003        2.3975250344201524     
   4.4000000000000004        2.0525943983448682     
   4.4400000000000004        1.6139977907236516     
   4.4800000000000004        1.3419490853474794     
   4.5200000000000005        1.4326336831655986     
   4.5600000000000005        1.9610452068336763     
   4.6000000000000005        2.8574986870958572     
   4.6399999999999997        3.9243072449890137     
   4.6799999999999997        4.8881543007567023     
   4.7199999999999998        5.4739521584198627     
   4.7599999999999998        5.4801023368605888     
   4.7999999999999998        4.8346631351624811     
   4.8399999999999999        3.6170980593526654     
   4.8799999999999999        2.0396192389671395     
   4.9199999999999999       0.39311160451905014     
   4.9600000000000000       -1.0277588236436768     
   5.0000000000000000       -2.0000024478344698     
   5.0400000000000000       -2.4279396356425931     
   5.0800000000000001       -2.3640254642020917     
   5.1200000000000001       -1.9893591326922253     
   5.1600000000000001       -1.5593434553890246     
   5.2000000000000002       -1.3294393941033855     
   5.2400000000000002       -1.4813680008253542     
   5.2800000000000002       -2.0699760765943616     
   5.3200000000000003       -3.0053397829807222     
   5.3600000000000003       -4.0750684425063399     
   5.4000000000000004       -5.0008054456765034     
   5.4400000000000004       -5.5135895541985169     
   5.4800000000000004       -5.4275789556324021     
   5.5200000000000005       -4.6920576137839340     
   5.5600000000000005       -3.4075261088206297     
   5.6000000000000005       -1.8014271506318178     
   5.6399999999999997      -0.17001715104996751     
   5.6799999999999997        1.1979127190935563     
   5.7199999999999998        2.0948406653227973     
   5.7599999999999998        2.4459054809424829     
   5.7999999999999998        2.3240555800857257     
   5.8399999999999999        1.9249942877698287     
   5.8799999999999999        1.5089006852619833     
   5.9199999999999999        1.3249417764455751     
   5.9600000000000000        1.5392646844681968     
   6.0000000000000000        2.1861955739871792     
   6.0400000000000000        3.1560372983403298     
   6.0800000000000001        4.2228749844517957     
   6.1200000000000001        5.1048854276044606     
   6.1600000000000001        5.5407731471698556     
   6.2000000000000002        5.3615389075861843     
   6.2400000000000002        4.5380284178971575     
   6.2800000000000002        3.1912726745051812     
   6.3200000000000003        1.5627315163320818     
   6.3600000000000003       -4.7559545323418329E-002
   6.4000000000000004       -1.3582248761699569     
   6.4400000000000004       -2.1782832005720558     
   6.4800000000000004       -2.4540077515837511     
   6.5200000000000005       -2.2783168885952048     
   6.5600000000000005       -1.8603009931153456     
   6.6000000000000005       -1.4633390651631335     
   6.6400000000000006       -1.3288004872961994     
   6.6799999999999997       -1.6062393524739342     
   6.7199999999999998       -2.3092062648514693     
   6.7599999999999998       -3.3088112077382217     
   6.7999999999999998       -4.3668742389876067     
   6.8399999999999999       -5.1997014397855530     
   6.8799999999999999       -5.5551615649017121     
   6.9199999999999999       -5.2820908000883255     
   6.9600000000000000       -4.3731126228030073     
   7.0000000000000000       -2.9691673365700355     
   7.0400000000000000       -1.3244406945966132     
   7.0800000000000001       0.25886504317342274     
   7.1200000000000001        1.5082872513099495     
   7.1600000000000001        2.2503632838171792     
   7.2000000000000002        2.4526965982161966     
   7.2400000000000002        2.2275389785765691     
   7.2800000000000002        1.7960755431544069     
   7.3200000000000003        1.4232919454710171     
   7.3600000000000003        1.3413022655645190     
   7.4000000000000004        1.6821447815562971     
   7.4400000000000004        2.4384599899829817     
   7.4800000000000004        3.4628570484925025     
   7.5200000000000005        4.5062224568688372     
   7.5600000000000005        5.2846008452351869     
   7.6000000000000005        5.5564743358652038     
   7.6400000000000006        5.1894086543572540     
   7.6799999999999997        4.1978997531141777     
   7.7199999999999998        2.7420651696744600     
   7.7599999999999998        1.0874548793016872     
   7.7999999999999998      -0.46318532588084371     
   7.8399999999999999       -1.6477516419557960     
   7.8799999999999999       -2.3111780683173215     
   7.9199999999999999       -2.4424727990247730     
   7.9600000000000000       -2.1724750788305238     
