  0.40000000000000002        1.0868807701544008     
  0.80000000000000004       -2.1084140765923758     
   1.2000000000000002       -1.9516464702261818     
   1.6000000000000001        1.5561825079920446     
   2.0000000000000000        3.7788366846165675     
   2.4000000000000004        1.8506117287548240     
   2.8000000000000003       -1.3646768607183328     
   3.2000000000000002       -1.2326620736140574     
   3.6000000000000001        2.2458167352460556     
   4.0000000000000000        4.4347121817961108     
   4.4000000000000004        2.4685331309251466     
   4.8000000000000007      -0.78866488669613566     
   5.2000000000000002      -0.70224573510937049     
   5.6000000000000005        2.7272462801989663     
   6.0000000000000000        4.8640781719278490     
   6.4000000000000004        2.8430890891605234     
   6.8000000000000007      -0.47131758516434563     
   7.2000000000000002      -0.44413872646869357     
   7.6000000000000005        2.9244636883395154     
   8.0000000000000000        4.9991472060712709     
   8.4000000000000004        2.9151457684326578     
   8.8000000000000007      -0.46273692249541187     
   9.2000000000000011      -0.49909066380202716     
   9.6000000000000014        2.8063323523008981     
   10.000000000000000        4.8185948536330212     
   10.400000000000000        2.6733273185055180     
   10.800000000000001      -0.76427740194779159     
   11.200000000000001      -0.85842603919170379     
   11.600000000000001        2.3915022975321967     
   12.000000000000000        4.3509263610758886     
   12.400000000000000        2.1558118705554334     
   12.800000000000001       -1.3283322173842018     
   13.200000000000001       -1.4654138926357052     
   13.600000000000001        1.7454657533567612     
   14.000000000000000        3.6699763002758576     
   14.400000000000000        1.4443040497193036     
   14.800000000000001       -2.0658493211820987     
   15.200000000000001       -2.2242243832310686     
   15.600000000000001       0.97021737000549801     
   16.000000000000000        2.8832517130978825     
   16.400000000000002       0.65113561130732700     
   16.800000000000001       -2.8603907844762460     
   17.199999999999999       -3.0150582139454896     
   17.600000000000001       0.18815150600447805     
   18.000000000000000        2.1149591133508649     
   18.400000000000002       -9.8469273409500735E-002
   18.800000000000001       -3.5865157858887073     
   19.200000000000003       -3.7130603064711192     
   19.600000000000001      -0.47726114982850576     
   20.000000000000000        1.4863950093107734     
   20.400000000000002      -0.68616416041290385     
   20.800000000000001       -4.1295849590309182     
   21.200000000000003       -4.2080316727750375     
   21.600000000000001      -0.92096688527396975     
   22.000000000000000        1.0967958521321901     
   22.400000000000002       -1.0191646342455112     
   22.800000000000001       -4.4038594277653917     
   23.200000000000003       -4.4218274122537675     
   23.600000000000001       -1.0729146359488770     
   24.000000000000000        1.0076707822226656     
   24.400000000000002       -1.0448969270676989     
   24.800000000000001       -4.3660370895209208     
   25.200000000000003       -4.3206940732881334     
   25.600000000000001      -0.90911550808904917     
   26.000000000000000        1.2330906884356978     
   26.400000000000002      -0.75929816060683963     
   26.800000000000001       -4.0220890651616985     
   27.200000000000003       -3.9205985810826869     
   27.600000000000001      -0.45543009740690987     
   28.000000000000000        1.7374667241115525     
   28.400000000000002      -0.20745778530204517     
   28.800000000000001       -3.4263169902958928     
   29.200000000000003       -3.2847074112568135     
   29.600000000000001       0.21651433034866485     
   30.000000000000000        2.4411690034370652     
   30.400000000000002       0.52350105249307899     
   30.800000000000001       -2.6727799809978019     
   31.200000000000003       -2.5134139922492520     
   31.600000000000001        1.0006322097133542     
   32.000000000000000        3.2330984095131594     
   32.399999999999999        1.3181763396554145     
   32.800000000000004       -1.8804447675519984     
   33.200000000000003       -1.7284887904189112     
   33.600000000000001        1.7731282536841939     
   34.000000000000000        3.9882267020651776     
   34.399999999999999        2.0511066367043496     
   34.800000000000004       -1.1744034635829512     
   35.200000000000003       -1.0538544308965030     
   35.600000000000001        2.4120420075258489     
   36.000000000000000        4.5873357274605864     
   36.399999999999999        2.6065786804489073     
   36.800000000000004      -0.66612427183924572     
   37.200000000000003      -0.59602103988781274     
   37.600000000000001        2.8165027229061437     
   38.000000000000000        4.9358393437981061     
   38.400000000000006        2.8968959639418626     
   38.800000000000004      -0.43585310594346893     
   39.200000000000003      -0.42727063769106688     
   39.600000000000001        2.9226546311111221     
   40.000000000000000        4.9787164929532821     
   40.400000000000006        2.8762240866547866     
   40.800000000000004      -0.51994452507880839     
   41.200000000000003      -0.57424539702922206     
   41.600000000000001        2.7137383648639624     
   42.000000000000000        4.7091978158529972     
   42.400000000000006        2.5478269985155109     
   42.800000000000004      -0.90512214845789618     
   43.200000000000003       -1.0137414297856484     
   43.600000000000001        2.2227368939129253     
   44.000000000000000        4.1698343854284108     
   44.400000000000006        1.9635516939810236     
   44.800000000000004       -1.5305747039285775     
   45.200000000000003       -1.6763721707299450     
   45.600000000000001        1.5271682393378345     
   46.000000000000000        3.4457798278123626     
   46.400000000000006        1.2156427116258008     
   46.800000000000004       -2.2975567907277341     
   47.200000000000003       -2.4575229904960101     
   47.600000000000001       0.73684708248826714     
   48.000000000000000        2.6513464371314241     
   48.400000000000006       0.42217874977373337     
   48.800000000000004       -3.0849786070474474     
   49.200000000000003       -3.2338675452917740     
   49.600000000000001       -2.3452558595699169E-002
   50.000000000000000        1.9119577777626957     
   50.400000000000006      -0.29156936365196207     
   50.800000000000004       -3.7685233672172074     
   51.200000000000003       -3.8828382948836087     
   51.600000000000001      -0.63369640310018194     
   52.000000000000000        1.3443470613327093     
   52.400000000000006      -0.81291618040212854     
   52.800000000000004       -4.2402741886830819     
   53.200000000000003       -4.3019772221834334     
   53.600000000000001      -0.99754068106355753     
   54.000000000000000        1.0381275393321470     
   54.400000000000006       -1.0595521864519262     
   54.800000000000004       -4.4257517948859499     
   55.200000000000003       -4.4251117012994605     
   55.600000000000001       -1.0575426962460157     
   56.000000000000000        1.0416445411221427     
   56.400000000000006      -0.99253866444328454     
   56.800000000000004       -4.2956731553794247     
   57.200000000000003       -4.2328017001604126     
   57.600000000000001      -0.80422976481550046     
   58.000000000000000        1.3543428094455401     
   58.400000000000006      -0.62245526097099868     
   58.800000000000004       -3.8705746324618904     
   59.200000000000003       -3.7554089341320545     
   59.600000000000001      -0.27759474383936178     
   60.000000000000000        1.9268541633387974     
   60.400000000000006       -7.7296930107420003E-003
   60.800000000000004       -3.2175697411232438     
   61.200000000000003       -3.0683034187545051     
   61.600000000000001       0.43921796148340320     
   62.000000000000000        2.6687916483982921     
   62.400000000000006       0.75458670388241356     
   62.800000000000004       -2.4397534007203459     
   63.200000000000003       -2.2799642015247956     
   63.600000000000001        1.2330390712234240     
   64.000000000000000        3.4630196494517662     
   64.400000000000006        1.5441412474928178     
   64.799999999999997       -1.6599255140622564     
   65.200000000000003       -1.5148529055349920     
   65.600000000000009        1.9785413716546838     
   66.000000000000000        4.1841470286154463     
   66.400000000000006        2.2362809511506199     
   66.799999999999997       -1.0012035628816425     
   67.200000000000003      -0.89376397584887091     
   67.600000000000009        2.5580261266076048     
   68.000000000000000        4.7183236288648329     
   68.400000000000006        2.7217324894563597     
   68.799999999999997      -0.56758506457710212     
   69.200000000000003      -0.51475389265528726     
   69.600000000000009        2.8800051199479073     
   70.000000000000000        4.9812147104909545     
   70.400000000000006        2.9238540536590132     
   70.799999999999997      -0.42752865091393977     
   71.200000000000003      -0.43766020911280923     
   71.600000000000009        2.8936446332620247     
   72.000000000000000        4.9313155521476757     
   72.400000000000006        2.8107354080572611     
   72.799999999999997      -0.60314595533720605     
   73.200000000000003      -0.67465451741444538     
   73.600000000000009        2.5967909722621823     
   74.000000000000000        4.5765041337461927     
   74.400000000000006        2.4002358145742755     
   74.799999999999997       -1.0667106722414521     
   75.200000000000003       -1.1883208220094112     
   75.600000000000009        2.0363104877590019     
   76.000000000000000        3.9727973766481286     
   76.400000000000006        1.7571644479896096     
   76.800000000000011       -1.7450359309794650     
   77.200000000000003       -1.8975627025974662     
   77.600000000000009        1.3006904093660949     
   78.000000000000000        3.2155073034829220     
   78.400000000000006       0.98304845226600213     
   78.800000000000011       -2.5310288935048857     
   79.200000000000003       -2.6904066557457678     
   79.600000000000009       0.50606865760179076     
   80.000000000000000        2.4241933654959440     
