  0.93750095367431641       0.95394220948219299                1
   2.0319506525993347       0.99483126401901245                2
   3.0040958821773529       0.96486988663673401                3
  -5.6619435548782349E-002   1.0223580598831177                4
   1.0224120318889618        2.0543366074562073                5
   1.9854377508163452        2.0024270415306091                6
   3.0413706600666046        1.9418214857578278                7
  -5.5817306041717529E-002   2.0037125051021576                8
   1.0213936567306519        2.9384622573852539                9
   1.9854269325733185        2.9458552598953247               10
   2.9896857440471649        3.0233465731143951               11
   1.1122077703475952E-002   3.0538045465946198               12
   1.0432708561420441        4.0033660829067230               13
   1.9489955902099609        4.0192398428916931               14
   2.9894998967647552        4.0251488089561462               15
   5.1290094852447510E-002   4.0327747464179993               16
  0.94639946819771470       0.96437661083666881                1
   2.0199817585168716       0.99561850945926866                2
   3.0060583158566554       0.97187365236711121                3
   3.9422275441296284        1.0220599478028933                4
   1.0095045684601807        2.0286212916747983                5
   1.9848775574756674        1.9999775352817493                6
   3.0249367354246037        1.9526245007779828                7
   3.9543709323839900        2.0108466633759066                8
   1.0186076267978459        2.9680089213569034                9
   1.9817246592272733        2.9540782052897003               10
   2.9844804680244161        3.0162265234708294               11
   1.4695339920683873E-002   3.0563298432780615               12
   1.0367349370555385        3.9928564069763071               13
   1.9629654435952002        7.9753508864055331E-003          14
   2.9849177709222579        2.3740547767635047E-002          15
   4.6161658149519842E-002   2.7708668229797423E-002          16
  0.95809510592675307       0.98128251924125665                1
   2.0027171205174805       0.99816210954242990                2
   2.9991599698286096       0.98364135231824779                3
   3.9513345022477644        1.0218061098337254                4
  0.99007904257126222        1.9875555006081682                5
   1.9900768411008622        1.9902051060544519                6
   2.9928914421510724        1.9682060614447707                7
   3.9809542881704365        2.0236225907573711                8
   1.0102941284303379        3.0108810371626653                9
   1.9832770322343816        2.9721487322687499               10
   2.9811698385228631        3.0059163824889867               11
   1.6501740240901459E-002   3.0526644306098261               12
   1.0177906656094373        3.9768399217266555               13
   1.9926392817298635        3.9922458176396405               14
   2.9822406434516120        1.3773897583871734E-002          15
   3.7051886886222712E-002   2.6597610353205063E-002          16
  0.97165191956362229       0.99759562809803848                1
   1.9821030878842474       0.99939353050369617                2
   2.9857558424255459       0.99699644582429237                3
   3.9674593432879677        1.0226656409273662                4
  0.96998110844714969        1.9473687465353771                5
   1.9954693670140224        1.9791483957767948                6
   2.9590087264812568        1.9876383224505214                7
   9.9160643667965172E-003   2.0391676849786169                8
  0.99932896810856198        3.0474151338338258                9
   1.9877779937759308        2.9935103665353804               10
   2.9806718753754766        2.9935991130706889               11
   1.5032615658189204E-002   3.0440032027379620               12
  0.99775910806524692        3.9657803068101507               13
   2.0246487413801644        3.9754511134558927               14
   2.9843391890367963        3.9992994767986891               15
   2.2998324230697330E-002   2.9142072098733769E-002          16
  0.98548604008750074        1.0031154196746568                1
   1.9607520209188025       0.99628000006731310                2
   2.9698952946894441        1.0094715864547137                3
   3.9857166588284914        1.0259468654838062                4
  0.95682408665327789        1.9189255211942318                5
   1.9938456074482251        1.9716102221267340                6
   2.9331853677262090        2.0084486529751331                7
   3.0755934126485075E-002   2.0548467225839890                8
  0.98908248073847105        3.0628261185262446                9
   1.9923242222399760        3.0111680074706979               10
   2.9836448349252098        2.9811740013371368               11
   9.1250883344723178E-003   3.0335657669963667               12
  0.98258565718141899        3.9732088447429956               13
   2.0495062242804112        3.9625216418079399               14
   2.9949744230085216        3.9841397356966888               15
   3.8270793965677857E-003   3.3552074099384384E-002          16
  0.99675904583580432       0.98911587232344722                1
   1.9428756414187875       0.98735023695389856                2
   2.9544814843041713        1.0197732206140659                3
   2.5233938253084176E-003   1.0326433091435776                4
  0.95662524027947726        1.9105008326007968                5
   1.9798189134111108        1.9693352617227631                6
   2.9213405832846995        2.0265378266551122                7
   3.6186534898102689E-002   2.0680939071161939                8
  0.98167373611655873        3.0538110566221022                9
   1.9948901172525533        3.0189562087484876               10
   2.9899874415892769        2.9720330711127607               11
   3.9986522734699164        3.0258705962369503               12
  0.97354275652845967        1.7488548486781497E-003          13
   2.0628435498889570        3.9589623010162693               14
   3.0151007509944776        3.9707231892852013               15
   3.9818583029676362        3.7971437039734178E-002          16
   1.0009679109500014       0.96153305397097144                1
   1.9339338273525850       0.97362666018236932                2
   2.9411794836155791        1.0273217217653816                3
   1.5723061588860908E-002   1.0429845961527051                4
  0.96886797650616807        1.9197004967630733                5
   1.9549519293117810        1.9717154772031114                6
   2.9226041483993921        2.0367473312726223                7
   2.5527073999488531E-002   2.0757372571435821                8
  0.97739731549234043        3.0308494261087433                9
   1.9949573133778740        3.0142226569067194               10
   2.9984600206216165        2.9703914082859040               11
   3.9849979458910827        3.0253934434816703               12
  0.96978879003659857        3.6783236286421273E-002          13
   2.0657102576088548        3.9670718728864229               14
   3.0383314272898403        3.9602092195937910               15
   3.9633900295050459        4.1765324838557202E-002          16
