   2.7872354591101693        1.8161200848252095                1
   3.5712554512119730        1.1230623694421451                2
   1.4795380590929201        1.0350046517076745                3
  0.72415521131230653        1.7778815242942005                4
   2.3803535731335903        2.7598490615953719                5
   3.7247144799165852        2.1145171071157729                6
  0.57301146208758125        2.7524730236535011                7
   2.2256527913304494        3.8846833173621849                8
   3.4207669646519578        3.0426150274968684                9
  0.31750644520420085        3.6972860349478687               10
   1.4339910717714341        3.1750796064070985               11
   3.3867709547301597        4.7184187177657967E-002          12
  0.35744007705827163       0.65751557994858378               13
   1.1502054361375105       0.16969520741366592               14
   2.6191479449285144       0.82701830346380323               15
   1.7441834079425138        2.0428461196167005               16
   2.7751891165080531        1.7944955150848783                1
   3.5031902825212842        1.1290862533597292                2
   1.3843685137764334        1.0566081569722092                3
  0.67551488797272496        1.7405831628345636                4
   2.4111002373859582        2.9006096629453593                5
   3.7569725050286125        2.1397384094113767                6
  0.57024483856104780        2.7510679076418256                7
   2.2277445396064608        3.7906793595540158                8
   3.4460038671777049        3.0936103345405876                9
  0.26161180298450715        3.7049431172547500               10
   1.4745720186284368        3.1897682076375871               11
   3.3703251857746701       0.13617731370753428               12
  0.42359400102936512       0.74358608931186876               13
   1.2380239877577148        6.2950762341249508E-002          14
   2.6006949274194140       0.77250095616999181               15
   1.6688738957609868        1.9585126670409267               16
   2.6939539068233906        1.8371703146223806                1
   3.4794282171126416        1.1863076638053329                2
   1.3951344973511950        1.0225764722042683                3
  0.61346908546319101        1.7145262795987397                4
   2.5225908910394184        2.8390399781574169                5
   3.7508999331903317        2.1492131312803124                6
  0.55382861181418541        2.7400390769917498                7
   2.2739234305506502        3.8637593517401148                8
   3.4450469732851685        3.1517159253665157                9
  0.25184788600433244        3.7182215516449735               10
   1.4972462732555578        3.0040364839765541               11
   3.3258180905810208       0.19436832814659638               12
  0.47167528403080416       0.76326575882142655               13
   1.2821797039755043        7.4246350541083930E-002          14
   2.4655100590270829       0.74713340021755281               15
   1.6575675826621441        2.0013844780335841               16
   2.6111392495368619        1.8358371698805107                1
   3.4867904927564743        1.2238190408622702                2
   1.4932466455279747        1.0513331511473387                3
  0.61299725342141587        1.7249560898311096                4
   2.5881505784345662        2.7649016498247843                5
   3.6418038310849146        2.1992481283083838                6
  0.52170181540433236        2.7430164230122616                7
   2.3111231573396758        3.7879070259283991                8
   3.4631413457490576        3.2004031236711916                9
  0.30036402865285344        3.7622433958213812               10
   1.5416405270752629        2.9227813451149771               11
   3.2865195143234711       0.21400902718675199               12
  0.39687991070376960       0.68685564005306776               13
   1.2871021940654739        1.4503413405341455E-002          14
   2.3664119401122257       0.91134576531784295               15
   1.6632037602515386        2.0059308251231398               16
   2.6492124310125589        1.8327200033169966                1
   3.4887413716029556        1.2315449711897748                2
   1.3411670865959953        1.0233424226227779                3
  0.61749856607933595        1.7190068761639012                4
   2.5917733122369362        2.7913682269808424                5
   3.5146409465719182        2.2704231449281194                6
  0.48892775746405526        2.7597546475882182                7
   2.3511023403369573        3.7050001094634477                8
   3.5045686871007220        3.2626686462278141                9
  0.34479225837056804        3.7103518823983541               10
   1.5727412958587303        3.0413032069631321               11
   3.2489735913195443       0.24009058465519439               12
  0.33960748395348844       0.72377052707736333               13
   1.3040975853562249        3.9503041435116590               14
   2.4653397840815452       0.87934437111846675               15
   1.6411275647715711        1.9501841196228329               16
   2.6580604409493485        1.8272633759089427                1
   3.4753489325233562        1.2675611691618758                2
   1.2083621284769117       0.89874468152664189                3
  0.57559309306609951        1.7408744442151218                4
   2.5872585302768316        2.7991520488104622                5
   3.5032567253944591        2.3396919455641094                6
  0.47799594985283211        2.7110158200173857                7
   2.3761062161258879        3.7547776991743858                8
   3.4830821929273776        3.3099540430748080                9
  0.40332924947244764        3.7228768953804852               10
   1.5926780086831234        3.0402941619552477               11
   3.2862425648973859       0.24165154890020726               12
  0.28828651095981850       0.75013946150765265               13
   1.3442361319909102        7.9506798230610798E-004          14
   2.4777573273520908       0.72654659919972364               15
   1.6188138780374601        2.0019255907896643               16
   2.5515793369763839        1.7211279691339696                1
   3.4408399584126759        1.3371062798520061                2
   1.2082428357416442       0.97750911707944954                3
  0.51295731273064049        1.7211969941050853                4
   2.5747078994990966        2.7954561157698254                5
   3.5821475618558201        2.3460790974472046                6
  0.49871329534589287        2.7084182756652448                7
   2.3915906865022381        3.7865542351146688                8
   3.4536155017668744        3.3114893002341579                9
  0.44054704276967177        3.7604275797497859               10
   1.5789708854662761        2.9826587233679454               11
   3.4205328547802307       0.27401347047532804               12
  0.19596857081984959       0.70650857695475999               13
   1.4431397785689464        3.9685845972279323               14
   2.3666501232065165       0.75106020458653056               15
   1.5883000548168178        2.0271606857452480               16
   2.4358418990142896        1.7235113317413093                1
   3.4176474311387488        1.3723362233751688                2
   1.2620386481816959        1.0896979175694552                3
  0.43241511982283232        1.6837251857162103                4
   2.5709655768711053        2.7280291635783174                5
   3.6241644198305627        2.2935178701269892                6
  0.57104428274204533        2.7785994573888315                7
   2.4847039906168202        3.7297633788881006                8
   3.4485342413909965        3.2898067421732984                9
  0.46383925124317404        3.7489918833956772               10
   1.5361152569300085        2.9786720876890573               11
   3.3398935967720216       0.29919236044498998               12
  0.31356101241091072       0.76217969805574681               13
   1.4985154059330945        3.9636693205832594               14
   2.2289110502891285       0.79619113718346102               15
   1.5124083343453609        1.9795541339393796               16
   2.4045523246700116        1.7655457979510631                1
   3.3734552684539145        1.2990959829414905                2
   1.2915812400689348        1.0571824076161562                3
  0.39421059261548025        1.7674059703551535                4
   2.5784702355382114        2.6728039054094292                5
   3.6314513565932764        2.3288737089314320                6
  0.59773100784638111        2.7731603229600177                7
   2.5655130471183734        3.6778842692339158                8
   3.4809068320866485        3.2816496173325564                9
  0.46927244302283305        3.7651814614744112               10
   1.5584365665735751        3.0029751285353408               11
   3.2411342379275001       0.35500319045614392               12
  0.41176100678877342       0.72380007489350007               13
   1.5000675272410453        3.1374065516234791E-002          14
   2.1510638811750655       0.70211655556298158               15
   1.3830877680859845        2.0554721020195363               16
   2.3572000860975080        1.6480922976764303                1
   3.3503780665116749        1.3244381019154887                2
   1.2968282873616304        1.0661080011144959                3
  0.40604059320377750        1.7708149871474914                4
   2.6186984878140889        2.7044638281462055                5
   3.5514025422682094        2.3534236940892783                6
  0.55638959446323888        2.7541804032639678                7
   2.5188425558175855        3.6386677048967120                8
   3.5520707219829970        3.3483850028596041                9
  0.46346057945935398        3.7306754287901622               10
   1.6599839120290345        3.0978012992902588               11
   3.2144456403163466       0.35786584383293862               12
  0.36075076044371507       0.70058912001881457               13
   1.4223082438778902        3.8999020877165884E-002          14
   2.3017335887644270       0.63363529553457032               15
   1.2942574936677393        2.1334712010758867               16
   2.2843691352821613        1.5682214440713564                1
   3.3546703740410138        1.4119235374353900                2
   1.3459532606066904        1.1229099813266958                3
  0.35722339340048481        1.6803709034669405                4
   2.6219081464730412        2.6360326369368403                5
   3.5132741092182194        2.3350994288412257                6
  0.47029530954299287        2.7534336553463152                7
   2.4650031893810103        3.6854445564955864                8
   3.5715472527740912        3.4156949326648203                9
  0.48553864678125058        3.7102216013889437               10
   1.7133248774260190        3.1259068282466251               11
   3.3207225366584008       0.29120110278833294               12
  0.23132678091297731       0.72606590629135925               13
   1.3504288387392240        9.1815914728355374E-002          14
   2.3800752311579743       0.62265780852174279               15
   1.3512258899568734        2.1666976613190374               16
   2.2281327861081297        1.6269081540972088                1
   3.3161959738271043        1.3681092258274326                2
   1.3615027186429756        1.1742592206103735                3
  0.34506544107454407        1.6674557548994049                4
   2.5288131960669862        2.5739611184141720                5
   3.5665859542986942        2.3661756586811684                6
  0.42471343640588261        2.6862026092361928                7
   2.5177755476355195        3.6846487430245216                8
   3.5277516004410585        3.2951412616993361                9
  0.49413656678207429        3.7608058996180360               10
   1.6412184567742969        3.0947562803416147               11
   3.3709315122391152       0.32482046823262017               12
  0.19653228781878154       0.72701716100894420               13
   1.3928774984420533       0.20106229462134062               14
   2.3769519492985602       0.65977058782122544               15
   1.4197978647698630        2.1746901310760633               16
   2.2661531071097087        1.6742209215001047                1
   3.2454085061798539        1.2941442365015012                2
   1.3001983383740610        1.2155327390202040                3
  0.38247191938160913        1.7350366201723619                4
   2.4651811733528270        2.5947322404300652                5
   3.4888439797208908        2.2455086608939059                6
  0.54349623256784729        2.7025257249842021                7
   2.5674043417555557        3.6122176323605899                8
   3.4764101806838599        3.2628166221584500                9
  0.46784996953237235        3.7588828999061970               10
   1.5411687636269011        3.1789580807276101               11
   3.2606457859411164       0.28957029752896901               12
  0.34511499249994637       0.74097738288388160               13
   1.4938083019696378       0.24834112201704500               14
   2.3617088659322683       0.70409732295571614               15
   1.3952141502704016        2.1703087345089451               16
   2.3112543058629171        1.6644290400723372                1
   3.1997682495792454        1.1989678134305464                2
   1.2507025877852340        1.2220232482266349                3
  0.41094577070437699        1.7945172332871937                4
   2.4302148058618438        2.6783884464920282                5
   3.3972743573363782        2.1410339240924472                6
  0.62167275898328012        2.8025475051861584                7
   2.4956353912989995        3.5908691889210487                8
   3.4937696761045864        3.2476765555621467                9
  0.44796856164555671        3.7208318419173740               10
   1.4477866153726011        3.2954732376441989               11
   3.2621167673998461       0.24426409625488996               12
  0.45718255808398922       0.73452950853358590               13
   1.5376252473305581       0.21012812301907435               14
   2.3498281394922058       0.70483163701220586               15
   1.3794286343304554        2.2194465082379589               16
   2.3147148761054486        1.7114644133596497                1
   3.2351019668318193        1.1280626657475237                2
   1.3425975442003359        1.2471810743514460                3
  0.39713665425490369        1.8382210791736331                4
   2.3866126183383880        2.6413687670656532                5
   3.3201100352240891        2.1413233024747047                6
  0.55099867133459557        2.8051718831785695                7
   2.3765708955190274        3.7285528124271869                8
   3.5380226619400341        3.1772358770239779                9
  0.40670976126020741        3.7843962240715152               10
   1.4249670169950288        3.2787295590863450               11
   3.3485116665077390       0.14272875351638573               12
  0.44478715610412556       0.70065587210668889               13
   1.4754402646739919       0.26735141996514256               14
   2.3624038465125818       0.66040095358654005               15
   1.4605846096429742        2.2591999200949400               16
   2.3392633873340194        1.6523501478406677                1
   3.3384112522719342        1.1128555402722258                2
   1.4455751001718118        1.3048461919813217                3
  0.36471456736723035        1.7981803281568061                4
   2.3909443711245735        2.7502121036322777                5
   3.2604489381203554        2.1588318674376210                6
  0.44649402731262161        2.7644745877120660                7
   2.2776108591442319        3.7348836949072726                8
   3.5590852068063250        3.0588525000908691                9
  0.36988896937291016        3.7758531604451933               10
   1.4354066274603758        3.2339068275568974               11
   3.4443565150298507        5.1907112128827301E-002          12
  0.39553501858480650       0.82275929323954700               13
   1.3277932734115001       0.32127213618257233               14
   2.3909216067686687       0.73289749516110159               15
   1.4909163434373023        2.2800482598247167               16
   2.4117870850022740        1.7382171937971320                1
   3.4570365061068613        1.1129432743211238                2
   1.4589093361759431        1.3078499001227433                3
  0.31866840110076650        1.8020464125575295                4
   2.4444736920682346        2.8281874644312510                5
   3.2264457887700346        2.0939634152992039                6
  0.47624979275197610        2.7346588150480065                7
   2.2350670262929619        3.7706289279637319                8
   3.4847115383031753        3.0343723907542763                9
  0.41433901624091979        3.7329614821498338               10
   1.3706666093716533        3.2628097279288770               11
   3.4448850574412364        3.6394745460976513E-002          12
  0.35736326890849335       0.84808505260168821               13
   1.1894793456285628       0.31124289802334465               14
   2.4110074572555842       0.70848908342664763               15
   1.4683719605730707        2.2733671320237172               16
   2.3135166315702622        1.7919183934413494                1
   3.4585714844798701        1.1100440242941902                2
   1.4359343037736985        1.2332535816869943                3
  0.26049112754209669        1.8301724127725694                4
   2.4887101584279234        2.8131442776092093                5
   3.3709876159974019        2.0743297617345009                6
  0.54598208413810034        2.7532802147907312                7
   2.2004339676274602        3.8086799301952157                8
   3.4182560316950283        3.0781823251204026                9
  0.40106943316467270        3.6880347549792858               10
   1.3061677225352388        3.3205495152145361               11
   3.3858095904899952        8.3860670876840848E-002          12
  0.36596719363379193       0.71608089020590260               13
   1.2083831619436560       0.28995555034362314               14
   2.4569901440898021       0.74945901632328904               15
   1.4442870491559701        2.2973592656615711               16
   2.2436508403555377        1.8094236684310825                1
   3.4147330343538114        1.1008083040058125                2
   1.4023754218214046        1.2179598958561104                3
  0.34081267070596888        1.7031506625080066                4
   2.4590795050560592        2.7749706610368263                5
   3.3828564461504165        2.1449162630884491                6
  0.52559260370216110        2.7250569099448478                7
   2.1996144881392952        3.7900591032286526                8
   3.4411328212967112        3.1487259456886796                9
  0.26529042942347275        3.7048163797197255               10
   1.3539001041269298        3.3176214856786093               11
   3.3083009892986164       0.14532230868477702               12
  0.32776171198635684       0.65468470854351435               13
   1.3668740349782087       0.26413473762822942               14
   2.5022920997679221       0.86340672589861389               15
   1.4193863173753112        2.3153334946483950               16
   2.2549541324716960        1.8113468607005150                1
   3.4500690267582725        1.2005686584506332                2
   1.3539864240447321        1.2945575859755170                3
  0.47390538760541406        1.5743924970266157                4
   2.4141278401192756        2.7741360356407041                5
   3.3349304019113055        2.2122807930714807                6
  0.41208593373450908        2.6698238544568236                7
   2.3449660004948796        3.7800109488967806                8
   3.4255665759344538        3.1781358592311655                9
  0.19896536009032115        3.7076689007870915               10
   1.3745943906002132        3.2342368401479229               11
   3.2085343908449331       0.17013051870059345               12
  0.32855867459916999       0.65819223653022585               13
   1.4486183160337562       0.29453128398726713               14
   2.4435780063806920       0.87318364667673920               15
   1.3783084751877732        2.2892814036503868               16
   2.3118466441171499        1.8214235532688703                1
   3.4954590956959981        1.3000622925019718                2
   1.4410174880953368        1.2822887043773827                3
  0.46776344845487583        1.6455290568322702                4
   2.3656471040247919        2.8026044763529243                5
   3.2824606858723593        2.2205618851973172                6
  0.26762623765768129        2.6142285024287375                7
   2.4011232829043347        3.7382309149112500                8
   3.3032842403364571        3.1875645209042429                9
  0.25603274927598380        3.6762973414548261               10
   1.3840895708574998        3.2551878621334533               11
   3.2480597509548765       0.26220968139799306               12
  0.35252140651608660       0.63005116765195823               13
   1.4902555326162050       0.30431661955063444               14
   2.3546273343076773       0.78852464584603410               15
   1.3160305833973041        2.2354833684607285               16
   2.3806942712947743        1.7808401066721968                1
   3.5295129667423391        1.2959003895422678                2
   1.5322033953070791        1.2237814851999984                3
  0.42112170564728785        1.7123173832888079                4
   2.2791902680392302        2.7571195925281513                5
   3.2170277685245035        2.2496688887417107                6
  0.12214215382226645        2.6260062711701111                7
   2.3660709979829275        3.7658075816307157                8
   3.2189687407599918        3.2803496954052278                9
  0.32417446315056991        3.5668348850176272               10
   1.3774120788465218        3.2978738442669413               11
   3.3980697653112641       0.37542772014203707               12
  0.39685785415761127       0.65321037887000577               13
   1.4583105996512080       0.23215501789625698               14
   2.3486765310921860       0.71986721861527581               15
   1.2595074130280772        2.2694908036233836               16
   2.4062454841866128        1.6652127280877227                1
   3.5176495416103282        1.3523784741058116                2
   1.4974359716561234        1.2487475052218728                3
  0.43863366371524026        1.6965108398511561                4
   2.1795744388854614        2.7087079058897312                5
   3.1471196913556314        2.3154579772678261                6
   1.1769733589703804E-002   2.6692001887854362                7
   2.3018826211821866        3.7591432993614831                8
   3.2128899558291568        3.3750365341906687                9
  0.40695334239482461        3.5576093453396589               10
   1.3473825517509028        3.2357270706270942               11
   3.5106826675307969       0.32878325128899238               12
  0.47775977842223749       0.67803052343937464               13
   1.3558448074998304       0.22619964653164279               14
   2.4754055320559769       0.72669870328905128               15
   1.2348070099660586        2.3052939386733100               16
   2.3969804891879147        1.6420879920603284                1
   3.4499327013161607        1.4171874740885790                2
   1.4108135011677982        1.2777806433309180                3
  0.47045784536639945        1.6872677760272072                4
   2.1318158736833528        2.6512746946319607                5
   3.0261428744456311        2.3794220006973901                6
   1.4348439179569178E-002   2.6835371380289064                7
   2.1986773391123817        3.7023384270767679                8
   3.2350566033386596        3.3966044951178493                9
  0.45969230107295456        3.6646379372284223               10
   1.3226423790366795        3.2287532860396428               11
   3.6130309732369934       0.27240277290858539               12
  0.50406064986892074       0.72421010548951970               13
   1.3243422940394207       0.24814657277010493               14
   2.6388054632112761       0.67504514763085777               15
   1.2173328826402094        2.2401281381639020               16
   2.3299478834518368        1.6327334142115828                1
   3.3848239355216880        1.4549708824154264                2
   1.3598903940999971        1.2490510234812615                3
  0.36974622092242870        1.7166815575168766                4
   2.0661576576569320        2.6293324587835949                5
   3.0435084597627906        2.4317694386710946                6
   6.9095609092936994E-002   2.6905899935158275                7
   2.1727821797191669        3.6611577480236295                8
   3.2207290955704946        3.3580759769109068                9
  0.44541077649879351        3.7727064283899483               10
   1.2747550991863108        3.2335997143929429               11
   3.6759128073761738       0.29974443000439932               12
  0.47027090482419759       0.77448929161833879               13
   1.3997001324245391       0.24693078946938696               14
   2.7883994485901429       0.55506349482166251               15
   1.2350978234791448        2.2260146284041658               16
   2.2649508380975316        1.5923312908116991                1
   3.3150867126958494        1.4456168821062088                2
   1.3629243732281811        1.2223420948668242                3
  0.23506661182252858        1.8053564274279599                4
   2.1044526000884800        2.6598562875549785                5
   3.1058101520635262        2.3913852719190127                6
  0.14126866043073005        2.7509928001792101                7
   2.2586917529431387        3.6226855549089945                8
   3.2181286128942550        3.4163392681970151                9
  0.46888181543018131        3.7818660442698828               10
   1.1953709644083395        3.2042180308386135               11
   3.6784764334345690       0.30501752865670240               12
  0.52284666053420359       0.80873304112130573               13
   1.4495001873081088       0.26519981680545163               14
   2.7229112503955446       0.49310672624779867               15
   1.1539566206756471        2.2099508740594724               16
   2.2846071716452876        1.5834942383801982                1
   3.2269008271930946        1.3240108177692760                2
   1.3984812899927954        1.2672414806395087                3
  0.12031743598505988        1.8202793985801666                4
   2.1563623482705498        2.6300356242251035                5
   3.1684654139285415        2.3759288044059659                6
  0.19946813576681918        2.9019692091648817                7
   2.2849597464759177        3.5919332962683979                8
   3.2705733523073266        3.4571257243198628                9
  0.47412882325166761        3.7977020038889080               10
   1.2321163929517791        3.1392103840130337               11
   3.6489145564996202       0.36658269293008883               12
  0.51952087656106272       0.83232393903046265               13
   1.4969117267458569       0.21571245870253211               14
   2.5406238892647326       0.53201200672343263               15
   1.0680680778839371        2.1815225302694019               16
   2.3575509145160343        1.6398291427774676                1
   3.1854289251520131        1.2156952472475235                2
   1.4062522074478636        1.2445718136555624                3
   8.8696283646260230E-003   1.8234838116677448                4
   2.1823921918194857        2.5357949239595334                5
   3.2360537800220928        2.3816555827290617                6
  0.21478197129451823        2.9328479491233126                7
   2.2752613101130161        3.5467800670502356                8
   3.3524469030048576        3.4409337099529220                9
  0.50705886366559960        3.9123555200835294               10
   1.3321705993201662        3.1234765183068287               11
   3.5720628750481049       0.42066009293437562               12
  0.49777770778978458       0.87366622391222448               13
   1.4980345462442142       0.17641846625645263               14
   2.3720596787888679       0.62829784625392604               15
  0.98431378040602846        2.1627043627406235               16
   2.3264545165179715        1.6383568237753674                1
   3.2074162603224399        1.2749022519145961                2
   1.4535023635720472        1.2065723672828723                3
   3.9880192790192939        1.7946666596892651                4
   2.1706321415896337        2.5844577224969689                5
   3.2208149981360266        2.4318232454800648                6
  0.25050987513379191        2.8885530662532175                7
   2.3294988068646929        3.5260699581123451                8
   3.3860484983658967        3.3886408087478763                9
  0.52500949791997886        3.9628153996040743               10
   1.3858914525622692        3.1409219404360216               11
   3.5848814862511045       0.29512173643340522               12
  0.44564618541492135       0.97965055737773676               13
   1.4384426101778254       0.15309484083672176               14
   2.2483922012053581       0.68529482288717225               15
  0.91345152821726272        2.1503157466637224               16
   2.2731550228592186        1.6776790945122797                1
   3.2362773320644163        1.2402742324504386                2
   1.3857477895262309        1.2040518081862317                3
   3.9995931137901675        1.9058498084940168                4
   2.1700906963571605        2.6349268114337963                5
   3.1337757361636336        2.4036907140373716                6
  0.29533452152973394        2.8634544290878123                7
   2.4291702933081152        3.6223861731795246                8
   3.3777749087626452        3.3239476640948804                9
  0.45901892468767352        3.9063638310338225               10
   1.3192613423706649        3.1637777261185853               11
   3.5781458559389261       0.30806480510690765               12
  0.43455256309582346       0.99441329147730118               13
   1.4324527272374707       0.14471432565540487               14
   2.2897941663526371       0.63464743851464878               15
  0.95256252549924547        2.1151024639485234               16
   2.2532654792974265        1.6874674214087639                1
   3.2169880999827889        1.2380600564691662                2
   1.3438090667659488        1.1739065170544054                3
   3.9781085310928579        2.0169352098163285                4
   2.1370946201889613        2.7169197603291910                5
   3.0287308593917071        2.2580064889177751                6
  0.32223749533559432        2.8923802952041942                7
   2.4982973071555472        3.7134406374054141                8
   3.4134733202271521        3.3296848459747457                9
  0.40809881966186073        3.8193695363584959               10
   1.2162156447338233        3.1654149631359312               11
   3.5173814609499874       0.34016130416960011               12
  0.38106170667478995       0.92789344040704291               13
   1.4391279852516969       0.16777866370044656               14
   2.4123036454538163       0.63423249919678404               15
   1.0926092956530438        2.1037796471233929               16
   2.1589124624265130        1.6483556825662771                1
   3.2297636290867975        1.3288918859311674                2
   1.3673833380433489        1.1093723790366530                3
   3.9770512258232387        1.9608429022208866                4
   2.0836909869892564        2.8150201337783809                5
   2.9691915895767811        2.2224141507112205                6
  0.29605295072846893        2.8566057532210531                7
   2.5294171107119290        3.6839622810473385                8
   3.4524011317361811        3.2912537264914463                9
  0.38307723844621361        3.8708279376425878               10
   1.2227270187401924        3.1958808082734169               11
   3.4437591942690444       0.29850322290230080               12
  0.27972486548379150       0.86778903667948015               13
   1.4548106183197607       0.16714026696148498               14
   2.4810046858778612       0.74515618291572172               15
   1.2219311098308487        2.1655016056323753               16
   2.0848194619129443        1.7029397606322212                1
   3.2812754023601070        1.3101354766896141                2
   1.2957808915811830        1.0877382189673601                3
   5.3895242465530208E-002   1.8510902951006316                4
   2.1042285781399923        2.8122657190187810                5
   2.9333019433343361        2.3660577939465353                6
  0.32922376036087919        2.7926652437088744                7
   2.5319636613380623        3.7119348168057034                8
   3.4277515776454437        3.2313284232078630                9
  0.38730235511861638        3.9269597493050283               10
   1.1927668080728668        3.2524113420569507               11
   3.3430083856141444       0.26225874596845977               12
  0.20447301687537178       0.88467927287463377               13
   1.5125336516458570       0.12100772032358099               14
   2.4566457318495138       0.73077687758027265               15
   1.3040245060486135        2.2253551691653950               16
   2.1536728371394389        1.7540406021561596                1
   3.2167067027817517        1.2568398419513436                2
   1.1570925545648221        1.0950340186290028                3
  0.22402046305238824        1.8341562601640433                4
   2.0805795554525321        2.8255396808212345                5
   2.9845949950168364        2.3940350812725963                6
  0.35246304032539094        2.7488857854509603                7
   2.4775494347645184        3.7280389683035016                8
   3.4274787914174683        3.2287307384895017                9
  0.39649739147558077        3.9089110281542618               10
   1.1539280196261619        3.2518039069774449               11
   3.3254315529374443       0.24743607906524637               12
  0.16985975505279588       0.88575826061477059               13
   1.6193017583277463       0.15830032169321784               14
   2.3599717623908067       0.71967966289872232               15
   1.2359421783110098        2.2745010580500051               16
   2.2253721438542504        1.7819533894262911                1
   3.1546969586311682        1.2840437562252616                2
   1.0620237455723383        1.1372327754056060                3
  0.35315795199746219        1.7791662218576716                4
   2.0364195305809170        2.8206790022211061                5
   3.0692434044400678        2.2831999727856562                6
  0.27640738171812590        2.8140967240726988                7
   2.4725604923086113        3.6909300845782940                8
   3.4797404985196736        3.3127727285907955                9
  0.38266382686936717        3.8632632866683894               10
   1.1979594722168221        3.3112317869469892               11
   3.3579873189218450       0.25521397719169264               12
  0.12653825894739237       0.80077042298357493               13
   1.5515742066058389       0.17318860342377437               14
   2.3205634321762498       0.81178978557738180               15
   1.1602779875497919        2.2342454460769341               16
   2.2191195664145953        1.8311411023795354                1
   3.1880948586772115        1.3134286514060542                2
   1.1074976486036019        1.1407770754340205                3
  0.27568179545935456        1.7383608551462915                4
   2.0493791821331828        2.7426309025518383                5
   3.2088459243621728        2.2685130440085386                6
  0.26999301007871634        2.8231069183713027                7
   2.5027385804496212        3.6947133127549412                8
   3.4262605548496228        3.3421021438529483                9
  0.35644642739832411        3.8121468857341947               10
   1.2047850857761353        3.2702639312974511               11
   3.2749571204657331       0.30254302602987532               12
  0.11885564937417178       0.79078214205486508               13
   1.4315338200588015       0.26696111804286327               14
   2.2724517915791611       0.83605352693122170               15
   1.2126414135027475        2.2223399973762903               16
   2.2188242558158091        1.7812398283838315                1
   3.2492464846446474        1.3108091407292852                2
   1.1789154574841243        1.2512386008197496                3
  0.12720763479478897        1.7969002216296743                4
   2.1364402076249074        2.7931152220641446                5
   3.3579520529446265        2.3648313318905476                6
  0.30800706903596070        2.7335638971432692                7
   2.4201510932910186        3.7069196677629259                8
   3.3504380282263284        3.3064495200025532                9
  0.32720721246170015        3.8017044024667590               10
   1.2082621161422631        3.2116379589126467               11
   3.1502387994508969       0.37261599111001376               12
  0.16605300168058493       0.77922556949382460               13
   1.3436417164067112       0.24285691660334535               14
   2.2220775754854722       0.79152203079410843               15
   1.2467155419665674        2.1933210029056855               16
   2.2444561062618926        1.7203343515384082                1
   3.2441139754143844        1.3823905471108737                2
   1.2238123907669172        1.2830734747271173                3
  0.12403073503048230        1.7566842884539371                4
   2.2466257910241354        2.7960842173588518                5
   3.3694064846128340        2.4077683616970957                6
  0.36048473454401897        2.7287406289065856                7
   2.2570180941077833        3.7902158188896196                8
   3.3063788980612614        3.3777183869067819                9
  0.29182321172820391        3.7605850681858790               10
   1.2288245322648876        3.1970211775155715               11
   3.1002111275059194       0.36105160167442546               12
  0.22581089504691126       0.77172705833777122               13
   1.2569432968101351       0.15998889388312901               14
   2.1580791912908959       0.72391077789471114               15
   1.2654546012590189        2.2627433189717379               16
   2.2570871500328011        1.7203847079683423                1
   3.1658524481176449        1.4091452104157145                2
   1.2421345505590666        1.2077306376760648                3
  0.27467933610688694        1.7067557186529858                4
   2.3609124460939013        2.7279411758845193                5
   3.2891757615718040        2.4179171589316275                6
  0.37214693058865145        2.7554858288143032                7
   2.0995273856688952        3.7755388311995328                8
   3.2564879722690856        3.4676803016800708                9
  0.24549146082796358        3.7113118797171274               10
   1.2970060697648085        3.2561542699428916               11
   3.1070356857134054       0.39336410688247986               12
  0.28441830128471324       0.73299164110069115               13
   1.1591426392636326       0.19813151923215372               14
   2.0660947962619769       0.76620258545012743               15
   1.3183769498777063        2.2753890678439954               16
   2.2087523552850716        1.7764421000723924                1
   3.1691898868525197        1.4239975527477482                2
   1.1712078932442977        1.2358147216065740                3
  0.40914811021742586        1.7346192476143423                4
   2.3872691025253623        2.7318945084962398                5
   3.3074581961715617        2.4078299886090364                6
  0.35363245117500819        2.7123533460024030                7
   2.1089485748752472        3.7409795828765833                8
   3.1918376133247244        3.4289151257646497                9
  0.19431058773262574        3.7077755347392816               10
   1.2682354422833653        3.2253480957688438               11
   3.1001886687735754       0.50054165701234965               12
  0.25572034620328027       0.68510109582698109               13
   1.1018920508401231       0.27573609009075578               14
   2.0844508736948528       0.77680085688905376               15
   1.3754235490771523        2.2000618066155297               16
   2.2381965000626343        1.7601773313482378                1
   3.2213655977629676        1.4945752115082092                2
   1.2185062052734743        1.2261048714322640                3
  0.36186685140434888        1.7831583378537472                4
   2.3173344698619234        2.8088673924656113                5
   3.4257289900874195        2.4105661681651691                6
  0.32216544505360728        2.7107581546244828                7
   2.2214756959030568        3.7745141248806617                8
   3.1238599478753541        3.4004977761037485                9
  0.14497900554886223        3.6907975210298387               10
   1.1573654330000351        3.1593871605717117               11
   3.1002905308007334       0.45861104274399822               12
   8.1501124837709465E-002  0.75128691565582162               13
   1.1702920950812381       0.20812917324395927               14
   2.1400826176720567       0.74573891040848161               15
   1.3347510103240159        2.2231278880369731               16
   2.2952586395304144        1.7404242121781881                1
   3.2732440742437201        1.4592714216986851                2
   1.2949729324477517        1.1697665136936650                3
  0.25037994526799162        1.7263708426692204                4
   2.2142492965477838        2.8036149034644104                5
   3.4302495544257789        2.4661107176791730                6
  0.32087761849224489        2.7918583722913919                7
   2.2538080000315110        3.8218817878599873                8
   3.1409790814473664        3.3770695989116195                9
   9.7895178656961790E-002   3.7318252894759931               10
   1.1559136455765717        3.2324770812451158               11
   3.1085998354782403       0.36778001170636559               12
   3.9523799680389171       0.82605975324705683               13
   1.2382549706614516       0.13321453883760748               14
   2.1713188661791101       0.76895816995320243               15
   1.2734757317968699        2.2317014345013799               16
   2.3185539514647764        1.7990953550889117                1
   3.2157958262425463        1.4447949897233452                2
   1.2818067504981610        1.1769189865443437                3
  0.21519383195156735        1.7583720029732901                4
   2.1106337700597422        2.7609969191317916                5
   3.3201426812897501        2.4086602649999449                6
  0.34424249803320695        2.7958327634297908                7
   2.2095619593184201        3.7930293128004493                8
   3.1716894401505535        3.3572997432172578                9
   7.0776549621909532E-002   3.8581596172301551               10
   1.2628564385649597        3.2261897565953292               11
   3.0947493686081695       0.30389491947789876               12
   3.9934157292599588       0.75850915339660996               13
   1.2993756327409001       0.24399911492140661               14
   2.2354984418890234       0.81636307123454321               15
   1.2196602874022882        2.1883553479881330               16
   2.2825506381440031        1.8563143708194125                1
   3.1631768977293699        1.3337694202514441                2
   1.2195470892886662        1.2795105070545383                3
  0.21505817193439816        1.8215558553137388                4
   2.1064597946768093        2.7438075218195759                5
   3.2212112804563642        2.3208460180554580                6
  0.32535142957281238        2.8037403279886952                7
   2.1643798863503170        3.7286089105458644                8
   3.1766941432726643        3.3099446303920512                9
  0.10194376716851590        3.7892791120023461               10
   1.2947288240006656        3.2400910642841487               11
   3.1039609447602063       0.32665079492132448               12
  0.10071319425888987       0.83929495466493598               13
   1.3230356961979173       0.30428260554608388               14
   2.2860549347392927       0.85057260926055467               15
   1.1711822828182981        2.1842892851731577               16
   2.2278357213011932        1.7734217707651359                1
   3.1814907370784402        1.2292537357117803                2
   1.1602816925848103        1.2833747823847648                3
  0.18733866613487188        1.8770174655156995                4
   2.1868273178303053        2.7965166489014681                5
   3.1475621644914300        2.2524215864306667                6
  0.28195834483862298        2.8147628354099847                7
   2.1877858050733607        3.7516384753658496                8
   3.1667081634674128        3.2651045004448940                9
  0.15024273123186102        3.7299385209573974               10
   1.1806844917597630        3.3193887004386062               11
   3.1747963313810752       0.28292329327484550               12
  0.22012365583243404       0.91333152166100728               13
   1.3128760439007721       0.29835315109746530               14
   2.2244458362140027       0.83385548351427652               15
   1.1571870905220976        2.3533421855596290               16
   2.1397912459436523        1.7604170029553101                1
   3.2389543124969395        1.2264814769900212                2
   1.1494478168029276        1.3371132431917541                3
  0.13158372984713634        1.8622128311536617                4
   2.2560745295300726        2.7847345306572353                5
   3.1017649308565289        2.1945710661452131                6
  0.19713297262892879        2.8292230784411796                7
   2.2444739726535952        3.8389903922376645                8
   3.1668180250015610        3.2102571767723540                9
  0.18242851345974179        3.8539185551220778               10
   1.0668087053261817        3.4145886685087632               11
   3.2559632936731937       0.16127826794882841               12
  0.29767199433392844       0.85151277818118964               13
   1.2673282431274784       0.32248255864770731               14
   2.1373058516703232       0.73063346662750805               15
   1.2066924745635184        2.4383162331931394               16
   2.0589497559987637        1.7715433836237640                1
   3.2905420542461723        1.1662269227233433                2
   1.1776296933665844        1.4500657187312160                3
   8.0894684858963187E-002   1.7760377222862738                4
   2.2580994945781749        2.7709210432846958                5
   3.0790019499677181        2.1590719309707418                6
  0.10022546795283334        2.9004710714119506                7
   2.3123309114890138        3.7438734685125219                8
   3.1968984157217908        3.1245729211971636                9
  0.21472968350183577        3.9145826786420144               10
   1.0042216908005235        3.4077397292805385               11
   3.2754467854834064       0.15511323694437140               12
  0.31249108802459102       0.83508298578329365               13
   1.1776097382366115       0.42357182160652662               14
   2.1179149023810027       0.81995281066713777               15
   1.2753501135809553        2.4399905504481887               16
   2.0968550603374041        1.8425244356917820                1
   3.2930333185813097        1.0955157919856877                2
   1.0994072497649732        1.5045187929750563                3
   5.1511903018951109E-002   1.8468810432546967                4
   2.2172642943915251        2.7473862533862241                5
   3.0663081287874316        2.0824827675916429                6
  0.12674723675271221        2.8755661426669858                7
   2.3482205248630836        3.7029161615106605                8
   3.1494061807036173        3.1303746627924256                9
  0.19184857043367248        3.8604478650121306               10
   1.0725144004339120        3.3547740372476302               11
   3.2217308237424520       0.16395853708434421               12
  0.28431878480772299       0.91988046066760432               13
   1.1526775319441953       0.47122261664960974               14
   2.1522659631925989       0.85128962201160452               15
   1.3003222767066049        2.4511654749258036               16
   2.1237756771758454        1.7749099837940483                1
   3.2503827129021268        1.1146801514047380                2
   1.0092308527843332        1.4940168377255914                3
   3.2599822986607657E-002   1.9648482201770721                4
   2.2072395377299903        2.8090536661368337                5
   3.0598931488777015        2.0525758945165018                6
  0.22547631717864353        2.8578943750409267                7
   2.2699762920188102        3.7827222664972089                8
   3.1351037732872467        3.1336928972233649                9
  0.16043317446467351        3.8654325055099781               10
   1.1796872797108817        3.4262903949532935               11
   3.1852866370459525       0.11172771884451813               12
  0.22060496199502411       0.88323243724410694               13
   1.1959612245457281       0.44867780661306433               14
   2.2095639978118746       0.80426255914243627               15
   1.2513126562199361        2.4189736199703598               16
   2.0699374336601690        1.7099783752859321                1
   3.1830369544019881        1.1196348926855122                2
  0.95158077787504369        1.4233594223513881                3
   4.0075229069748204E-002   1.8686476448318816                4
   2.1634127860980614        2.8270790201908866                5
   3.0316971019987125        2.1417456094997211                6
  0.36657724867416791        2.9839450974516417                7
   2.1071081801755311        3.8561573801682982                8
   3.2051749400928990        3.0913357821705416                9
  0.16369817974445039        3.8904119761800704               10
   1.2768429620796931        3.5037489144511977               11
   3.1792757160605589       0.11460457549887551               12
  0.14810379540795129       0.83433062191948837               13
   1.2484699462170787       0.45029355071840438               14
   2.2797124981718819       0.75296907300623561               15
   1.1939201352806554        2.4168360677241250               16
   1.9750270130827829        1.7168448980014885                1
   3.1682376369814915        1.1925350828970824                2
  0.95289746903607608        1.3840765405303836                3
   3.7613721008299898E-002   1.8138446246064046                4
   2.1226263331656683        2.8149805673634067                5
   2.9722539026945620        2.1846625939825239                6
  0.43013452660102741        2.9662012937761100                7
   2.1299962083724449        3.8302487524580204                8
   3.3186610031467798        3.1141694307468653                9
  0.18618858443540726        3.9107333230613994               10
   1.2054560905161400        3.4167979768636068               11
   3.1442125460308672       0.12578174802423506               12
   7.6529065289240542E-002  0.85678155771310016               13
   1.2889647527799672       0.51399397874292152               14
   2.3072502879023267       0.79219379597384343               15
   1.1846705622387312        2.3933185087329814               16
   1.9142719483472252        1.7519952761411719                1
   3.1828092058411053        1.3077580406859641                2
  0.95098946605630585        1.4294055037033258                3
   8.6334342564018899E-003   1.8971367588579047                4
   2.1057306992297726        2.7884506416700630                5
   2.8940354147307663        2.2029015823526974                6
  0.25667808038277218        2.8156459133993024                7
   2.2180241887728354        3.7812270875899214                8
   3.4339458394760167        3.1862524792383176                9
  0.22274087414435853        3.8721584116250440               10
   1.2183961475909360        3.4096657871926785               11
   3.1217767699393821       0.15956326508535287               12
   5.8527800491374321E-002  0.86332178965997874               13
   1.3414657277174953       0.45793130195586973               14
   2.2630574162882056       0.80643277920707990               15
   1.2017325082900909        2.3394047244498983               16
   1.9779957013683049        1.7300160299476863                1
   3.1467806083157446        1.3177808343405466                2
  0.91445291456112410        1.3890983941010915                3
   3.9308682181054624        1.8462341233857318                4
   2.0583875880382525        2.7871733016506122                5
   2.8660072935864864        2.2956492287139825                6
  0.27025770694966056        2.7861944227448037                7
   2.2661669098721950        3.7314466118610281                8
   3.3629075560981820        3.2866453238450433                9
  0.28048805888547712        3.8214283107942504               10
   1.2326262242624315        3.4082310209299531               11
   3.1637481589728531       0.25837403556914823               12
   9.1707049106488761E-002  0.82636336444182412               13
   1.3398027220762321       0.37212548950082280               14
   2.2664702742770380       0.81569037880992878               15
   1.1162443553523329        2.4388871415183191               16
   2.0147155894433966        1.7657124268445989                1
   3.0358483495214985        1.2807122833229407                2
  0.92197184376491059        1.3554481325273977                3
   3.9016053782982749        1.7418539016957777                4
   1.9785829117265230        2.7877100345317465                5
   2.9536310498674521        2.3702555359850170                6
  0.21790719652044108        2.9068908242401541                7
   2.3153863366347203        3.7462089827327629                8
   3.2399616971511369        3.3502280934586111                9
  0.33510565819206484        3.8177193686571016               10
   1.2334336987940662        3.3979931337342468               11
   3.2333182009658747       0.37315302739006850               12
  0.10879969810704135       0.76132364356484439               13
   1.3075741967642489       0.36256076672394760               14
   2.2667565801610396       0.74005389941127997               15
   1.1124087721888043        2.3956006266744705               16
   2.0375606775931443        1.7851907506526847                1
   2.9231725028512403        1.3883990333926088                2
  0.97339483756025547        1.3382095839017671                3
   3.9455397420199190        1.7495919047288182                4
   2.0372206083564270        2.7762112043922675                5
   3.0593426389717573        2.4088047375084924                6
   9.7469247788443500E-002   2.8689173968104495                7
   2.3165692305556780        3.7505987231296496                8
   3.1805804710277186        3.3816461199122663                9
  0.37688376325578499        3.8789009657517508               10
   1.2163226736623491        3.3745178505113369               11
   3.2619993465018160       0.34803715313472527               12
  0.15804677933768985       0.79074215070152576               13
   1.2531191365692964       0.42064213922103150               14
   2.1773388145422712       0.67358799504180322               15
   1.0545425057809410        2.2615136420439792               16
   1.9746515946789616        1.7781884914979131                1
   2.9128601148052375        1.4641838567473069                2
   1.0600408494555495        1.3195508739063373                3
   3.9873747975833904        1.8422726123276894                4
   2.1326428239501225        2.7565746894127985                5
   3.1481461366610177        2.3970350139825367                6
   8.6572507234314085E-003   2.7941682520333306                7
   2.2180140473346399        3.7108076350284565                8
   3.2285534494452852        3.3678081529954755                9
  0.35904627475826528        3.8251437827520349               10
   1.2290886385339348        3.3129850559246083               11
   3.2441518231552218       0.35937725261602038               12
  0.17461927822062329       0.89050063851402272               13
   1.1689538271087490       0.37098487288602316               14
   2.1267245074318519       0.75851524224583422               15
  0.98767338080169043        2.2895015973049673               16
   1.8978984055561869        1.8082161268574366                1
   2.9730124306309116        1.4161217568784707                2
   1.1218335421903056        1.3174999934940321                3
   3.9359169021279998E-002   1.8642738388888624                4
   2.2293595535630595        2.7045730294897798                5
   3.1315151338076630        2.3799458269214435                6
   7.8502466009237992E-002   2.8461896797613870                7
   2.1239675781663712        3.7582868372121290                8
   3.2360193101881172        3.4073805902174605                9
  0.23164319443435338        3.7556640620723161               10
   1.2667034504848407        3.2441638657367791               11
   3.2117879619719361       0.43295118150102396               12
  0.14847571960502448       0.87829308947929108               13
   1.1362257863807514       0.23799458996200740               14
   2.1026301893459807       0.84072065802330154               15
  0.92436072156518789        2.3874095630198497               16
   1.9298991652580944        1.8777655204806656                1
   3.0254782543102636        1.3705713540206583                2
   1.0298127183254202        1.2299415010349237                3
   7.6532579069063078E-002   1.8019597104489862                4
   2.2714102728512673        2.7907560294615115                5
   3.1709902588711563        2.3749891849356821                6
  0.11505084114789439        2.8576297041265892                7
   2.0952298282902202        3.8514140062920172                8
   3.1792149555902940        3.4607699206136244                9
  0.10826260528261041        3.8682268410338798               10
   1.3168252128904907        3.2354974978806026               11
   3.1674814898748815       0.45151378036415263               12
  0.13369057968695083       0.80589653175386455               13
   1.1213082271868049       0.17902480747314536               14
   2.0798179985965075       0.85686207084384303               15
  0.92438544396253675        2.3089528980916296               16
   1.9503804615097577        1.8919646364547285                1
   3.0507877915152553        1.4373625183686518                2
  0.99053037614245798        1.1766254959326004                3
   6.4393329526819504E-002   1.7591360184267519                4
   2.2892643812213258        2.9712324397938139                5
   3.2593180334373040        2.3786254973155172                6
  0.10334027445947788        2.8406266048486510                7
   2.1446548213108576        3.9322953273479886                8
   3.0875801622998917        3.4313090166075142                9
   1.4302309651474263E-002   3.8759263357346385               10
   1.3322690140531217        3.1710782999540452               11
   3.1094072105266903       0.38583107895398988               12
   9.3823576188228591E-002  0.85407441959876396               13
   1.0784133109945000       0.20587089922357241               14
   2.0523120866896987       0.88718930675798446               15
   1.0167091099408447        2.1647101328767722               16
   2.0486394611078325        1.9331526475065846                1
   3.0417363264798354        1.4379748569579873                2
   1.0399853027469685        1.1643047259617341                3
   5.9305525806438927E-002   1.8735736364639082                4
   2.2233036065613274        2.9618956575650395                5
   3.2475819690617844        2.4331413933340982                6
  0.18237633271988649        2.8473908106718899                7
   2.1777897786969911        3.9836699879842210                8
   3.1330641212449546        3.3745913809439401                9
   3.9657521392866637        3.7681037220931382               10
   1.2666616835468758        3.1161318840292056               11
   3.0423518850498672       0.42399520622225606               12
   3.9825139673042855       0.82762527035398792               13
   1.0327050859107523       0.17825317296885487               14
   2.0260810630063721       0.96613185217858599               15
   1.0597338192101136        2.1160084923007703               16
