  0.96375813942749899        1.0385399760101031                1
   1.9734170446976043        1.0074795117566551                2
   3.0008317374910694       0.96607977400555345                3
   3.9118183771157877        1.1118388072040426                4
  0.82853124034663916        1.9821367128880205                5
   1.9855299932474031        1.9502139467992747                6
   2.9240671405729941        1.9644452771076490                7
   3.8887729421000952        2.1315290691919055                8
  0.97102804898854378        2.9255691211969799                9
   1.9658790047124017        2.9573918046681364               10
   2.9494513555778217        2.9924814971115254               11
   3.9988037415283757        3.1517889724341219               12
   1.0624502905502380        3.8324950097841786               13
   1.9821586577024095        3.9371519476344021               14
   2.9873959463963260        4.0953572228571995E-002          15
  0.10392481494640089       0.16696618923699527               16
  0.96377715520431773        1.0104936980874979                1
   1.9747692399117489       0.99708990007998988                2
   2.9915960900343657       0.97158874983367594                3
   3.9153796597776980        1.1280275694409734                4
  0.81081655556216103        1.9729689304289690                5
   1.9707075956700426        1.9564364423930796                6
   2.9182877744070259        1.9579961458052135                7
   3.8804422105238427        2.1653841531406788                8
  0.97031677207928180        2.9027465632648557                9
   1.9539325464441666        2.9579714985274572               10
   2.9512272494849316        2.9892608588920586               11
   3.9998199511545129        3.1662801719780944               12
   1.0573903949862531        3.8479801277581918               13
   1.9991678728247113        3.9325894794245979               14
   2.9915856063465878        2.8690186726930470E-002          15
  0.11623054647177668       0.18418271427786181               16
  0.96251594430356346       0.97330916401434131                1
   1.9767408069006775       0.97693342967761521                2
   2.9707122278694511       0.98248149742023116                3
   3.9312108285008289        1.1548383152372235                4
  0.80197187572112261        1.9551110232864191                5
   1.9419276297934780        1.9685975180185764                6
   2.9183205191708583        1.9535615152089607                7
   3.8658150433664313        2.2016116884923935                8
  0.96840836672618136        2.8787931533652005                9
   1.9428392479488197        2.9558123709000479               10
   2.9571801273215543        2.9862275019984339               11
   3.9979210670217635        3.1838572001489673               12
   1.0447263384064593        3.8739766340835460               13
   2.0252044185492477        3.9355734789124344               14
   3.0018686247052204        4.5296620083264284E-003          15
  0.12571290005958261       0.19709903808941839               16
  0.96027678187762744       0.93032171953746123                1
   1.9769709496947312       0.95270064038200442                2
   2.9476356001574762       0.99119660601404003                3
   3.9518659624312664        1.1898977908729214                4
  0.79862905633605541        1.9251837683815256                5
   1.9042156221272175        1.9804701842565307                6
   2.9185183572122240        1.9528421266108513                7
   3.8484712912265908        2.2382794597659399                8
  0.96442476846149594        2.8623761359425033                9
   1.9350733696210967        2.9537904106303041               10
   2.9655328218452413        2.9819235300114357               11
   3.9943671764233502        3.2059885581208927               12
   1.0331981648455866        3.9016207918592642               13
   2.0519749864751580        3.9433778585604085               14
   3.0207422386752500        3.9764092174563643               15
  0.12880756443668842       0.20856039326169873               16
  0.95753980770939573       0.88566618824917709                1
   1.9720465047700695       0.92941094649919298                2
   2.9300418898946328       0.99293788599578381                3
   3.9724116131481213        1.2301127212364160                4
  0.79741638381960889        1.8858576146218125                5
   1.8619095302657636        1.9870395209847518                6
   2.9140054899607803        1.9567562919777486                7
   3.8331022080485284        2.2733865413338044                8
  0.95688865608746232        2.8538873380230001                9
   1.9323284062119730        2.9554687946929827               10
   2.9747013530692250        2.9744784595066993               11
   3.9903801849021798        3.2334725900687102               12
   1.0296175623068744        3.9240951413428506               13
   2.0745265232336099        3.9523976022966063               14
   3.0497219803324098        3.9503373765291312               15
  0.12169536356823674       0.22226017910749224               16
  0.95403222672157773       0.84758092337290569                1
   1.9595753825904627       0.91152810534204010                2
   2.9219690691386710       0.98670182934878969                3
   3.9898429738765708        1.2721892385466658                4
  0.79705973908809102        1.8432368274531652                5
   1.8179497442307107        1.9863544589305018                6
   2.9025440961595717        1.9640775872236618                7
   3.8226498291295048        2.3053891189330025                8
  0.94517794308586256        2.8498536506393148                9
   1.9348421069887225        2.9623177315497786               10
   2.9832861786643159        2.9627893784871500               11
   3.9868239655774320        3.2657559668918945               12
   1.0359528050174616        3.9328584661353183               13
   2.0925643782062662        3.9587532991837895               14
   3.0877692533287999        3.9299300855681412               15
  0.10392251100666475       0.24087452566205911               16
  0.94830289255131328       0.82695534130388604                1
   1.9402925571127345       0.90280686534258914                2
   2.9234715687858968       0.97394730352724901                3
   3.9998639067661990        1.3117260533724346                4
  0.79912881412447034        1.8044902859430543                5
   1.7750212882809675        1.9797131004312605                6
   2.8841594247598614        1.9715444185872859                7
   3.8180667532075723        2.3333444585325820                8
  0.93007177574164390        2.8471484405818699                9
   1.9412634794326427        2.9727147886185863               10
   2.9901045604034509        2.9480714620805375               11
   3.9843371700471222        3.3004912477377153               12
   1.0500116313950849        3.9177679331432351               13
   2.1088032489311921        3.9594339628004356               14
   3.1310923023323611        3.9165787247442467               15
   7.9599574419984026E-002  0.26608280732322903               16
  0.93891450716196945       0.82309363109679112                1
   1.9177992619961619       0.90441978328116879                2
   2.9320504101859894       0.95668245635051308                3
   3.9950839406225049        1.3433191498190833                4
  0.80725472246327479        1.7773932431315627                5
   1.7371632741410536        1.9702628357428285                6
   2.8600834175762837        1.9751907300018354                7
   3.8192596714919995        2.3567189949006866                8
  0.91297026306233642        2.8437086066380086                9
   1.9493348821443330        2.9832238504556052               10
   2.9943223913492862        2.9342915637049489               11
   3.9841460996365941        3.3339623032000327               12
   1.0682596483004800        3.8792684163582374               13
   2.1262522270324213        3.9546041464784421               14
   3.1731748565243181        3.9095416409781802               15
   5.5150120085302200E-002  0.29976184273429013               16
  0.92566440409982875       0.82245319163282160                1
   1.8966325609680312       0.91430346358288583                2
   2.9448429834883991       0.93659904197285149                3
   3.9710402403598710        1.3648392755378564                4
  0.81883392870427452        1.7665096108766425                5
   1.7116870857768798        1.9618470880269447                6
   2.8317871939896446        1.9719557617658814                7
   3.8259232232555358        2.3753052838657225                8
  0.89505745887979049        2.8377179149870098                9
   1.9567422524128952        2.9902565119758409               10
   2.9955630806635578        2.9259809224968052               11
   3.9892858828128097        3.3622620533985490               12
   1.0877702223125936        3.8293876385151608               13
   2.1465790834782510        3.9480546916193622               14
   3.2041582802807169        3.9069675180429666               15
   3.7280557773041831E-002  0.34362922737693397               16
  0.90947987923075346       0.81533330480101263                1
   1.8803236904398111       0.92913819729189395                2
   2.9595392237688491       0.91508897892940100                3
   3.9320154260618980        1.3798435365037054                4
  0.82005957530742690        1.7692643914517967                5
   1.7085393177176518        1.9583736849916504                6
   2.8006688420085313        1.9611945878712689                7
   3.8375156032474589        2.3894208336169136                8
  0.87701492690695559        2.8267581330420937                9
   1.9616345423722421        2.9912346557394764               10
   2.9940240981646071        2.9249723996967765               11
   3.8980495488720734E-003   3.3832966074493038               12
   1.1075215197212394        3.7786906773121252               13
   2.1700031217956490        3.9443390188655405               14
   3.2151713453852260        3.9076031987507136               15
   2.9068023060764690E-002  0.39614299016258281               16
  0.89420331858985180       0.80154256007444635                1
   1.8703538628823784       0.94600688330315585                2
   2.9739895098993463       0.89350017293511141                3
   3.8842970949055666        1.3942520013181838                4
  0.80368347774359150        1.7801842898020934                5
   1.7289234591789817        1.9612463787520154                6
   2.7683437578578918        1.9446538011335599                7
   3.8528509933823574        2.4000178552893048                8
  0.85925573329558602        2.8079769830222272                9
   1.9629502481691588        2.9856590109675132               10
   2.9904985913453461        2.9295199795678459               11
   2.8746205435799945E-002   3.3989407154181959               12
   1.1280998572983616        3.7338619777151383               13
   2.1953506223015307        3.9458754614300338               14
   3.2074044302289586        3.9109828061344261               15
   2.5154767705046256E-002  0.44910032041502612               16
  0.88760600985244009       0.78606336719890535                1
   1.8666394733341547       0.96263540642031664                2
   2.9855635469244062       0.87361577981636218                3
   3.8316167045440377        1.4145930782737068                4
  0.77692635605420124        1.7944894303719645                5
   1.7603839583236389        1.9687446386589373                6
   2.7377212278739353        1.9246980495855712                7
   3.8699952533802393        2.4086938058129577                8
  0.84274764326513196        2.7804310424187539                9
   1.9605772477195798        2.9753078467629366               10
   2.9860947821670920        2.9361655418962678               11
   5.9678236261516339E-002   3.4137352897801256               12
   1.1504604150676425        3.6984788401161866               13
   2.2195591102237793        3.9524845531720181               14
   3.1910516186463935        3.9151644573446100               15
   1.5113092063380485E-002  0.49064607045067909               16
  0.89499659393530029       0.77242201201087024                1
   1.8688355915003454       0.97744023182991591                2
   2.9908502565789488       0.85765077693736980                3
   3.7764479077090227        1.4446867904459335                4
  0.74755320559195104        1.8057588165383223                5
   1.7877315150588742        1.9790214445872480                6
   2.7150912558319091        1.9028367623613798                7
   3.8861808629607610        2.4176742656625905                8
  0.83002552044545852        2.7484471676110327                9
   1.9552714959106958        2.9632591036634834               10
   2.9817542138446171        2.9417379570247335               11
   9.1987136191079177E-002   3.4311820466919585               12
   1.1746829433023842        3.6727423053457535               13
   2.2370449161484918        3.9627550815510806               14
   3.1778121975559670        3.9163000353431592               15
   3.9930978086175779       0.51465840127749141               16
