           0
           1
          24
          37
           3
           1
          15
           9
           1
           3
          11
           7
           3
           3
          32
           2
           2
           1
           1
           5
           1
           1
           8
           2
          21
           4
           3
          14
           9
           9
           2
           5
          12
           1
           1
           1
           1
           3
           4
           8
          12
           2
           1
           1
           9
           3
           3
           4
           3
           2
           2
          14
           2
          10
           3
           7
           1
           4
           3
           1
           2
          21
           6
           5
           1
           5
           1
           1
          23
           3
           1
           1
           2
           5
           6
           6
           6
           5
           1
          15
           1
           1
           6
           9
           4
           1
          11
           1
           2
           1
           2
           2
          21
           1
           5
          10
           1
           4
           1
           3
           1
           1
           1
           2
           3
           1
           5
           4
          18
           4
           2
          23
           1
          37
          12
           1
           4
          16
           1
          11
          12
           4
           1
           4
           1
           4
           2
           3
          11
           6
           1
           9
           3
          21
           4
          22
           2
           9
           1
           1
           1
           1
          35
          12
           2
           6
           1
           2
          21
           2
           7
           1
           4
           2
           1
           7
           5
           1
          41
           1
           1
           2
          16
           1
          10
           1
          11
           7
           1
          11
           2
           1
           1
           1
           1
           5
           2
           8
           1
           2
           2
           5
           3
          12
           3
           2
           4
           1
           2
           1
           7
           9
           5
          12
           3
           3
           4
           1
           1
           1
           4
          16
           1
           2
           2
           3
           3
           1
          18
           2
           1
          11
           2
           9
          30
           9
           2
           6
           2
          10
           9
           3
           2
           3
           4
           5
           1
           1
           2
           1
           4
           1
           5
           1
          29
          34
           5
           4
           1
          11
          15
           1
           4
          20
           1
           3
           1
          11
          13
           1
           1
           1
           1
           1
          15
          32
           1
          13
           2
           3
           2
          21
           1
           1
           5
          30
          13
           1
           2
           2
          62
           1
          14
           1
           1
          13
           1
          16
           1
           6
          28
          16
           2
           5
           4
           1
          20
          12
           1
           2
           6
           3
           5
           6
           1
           2
           4
           1
          10
           3
           4
           8
           3
           2
           3
           2
           4
           4
           3
           9
           1
           3
           2
           1
          10
           8
           7
          11
           1
           1
           4
          13
           1
           9
           3
           1
           1
           1
           1
           4
