           0
           7
           5
           1
          52
           4
           2
           1
           1
           2
           3
           8
           6
           3
           9
           3
           2
           7
           1
           2
          10
           9
           2
           1
           2
          10
           1
           8
          10
          18
           2
           1
          12
           3
           1
          14
           2
           1
          18
           1
           3
           2
           8
           1
           2
          14
          21
           5
          11
           1
           3
           3
           8
           1
          11
           1
           1
           2
           1
           6
          41
           1
           7
           1
           1
           2
           9
          12
           6
          10
          32
           1
          20
           4
           1
           9
           1
           2
           7
           1
           6
           4
           5
           3
           3
           3
           8
           1
          15
          15
           1
           2
           4
           1
           1
           2
           5
           5
          19
           2
           3
           1
           1
           1
          10
           6
           2
           2
           2
           5
           6
           2
           8
           5
          21
           2
           2
           2
          12
           1
          59
           3
           1
           1
           1
           4
           3
           1
          19
           1
           4
           1
           3
           1
           4
           9
           1
           1
           2
          25
          10
           1
           6
           1
           1
           1
          32
          10
           1
           3
           2
           1
           4
           3
           7
           5
           1
          20
          32
           4
           1
          25
           1
           5
           2
          20
          13
           1
           1
           3
           3
           2
           1
          14
           2
           3
           2
           2
           1
           1
           1
           1
           1
           7
           1
           8
           2
           6
           5
           2
           2
           1
           7
          29
           1
           1
           1
           3
           3
           2
           7
           5
           1
           4
           2
           1
           5
           1
           5
           2
          13
          13
          21
          13
           3
           5
           2
           1
           1
           1
           1
          16
           1
           2
           1
           1
           1
          14
          10
           4
          14
           1
           2
           6
           2
           1
           4
           1
           2
          11
           1
           2
          15
          21
           6
           1
           7
           1
          19
           5
           6
           1
           6
           1
           2
           1
           8
           1
           4
          11
           6
           1
           1
           2
           1
           1
          29
           9
           1
          16
           6
           1
           3
           2
           3
           1
           2
           4
           2
          14
           1
           1
           1
           1
           7
           4
           1
           9
           2
          13
          23
           3
          12
           1
           1
           1
           7
           2
           1
          20
           2
           9
           2
           3
           4
           3
          14
           1
           7
           1
           1
           1
           2
           1
           4
          10
           2
           2
           1
           2
          20
           4
           2
           1
          20
           4
          12
           8
           3
          12
           3
          15
           2
          11
           1
           4
           1
           1
           7
           2
           9
           2
           1
          11
           1
           1
           5
           1
          10
           7
           8
