           5
           1
           1
          12
           2
          15
           6
           3
           1
           1
           4
           1
           1
           1
          14
           3
           3
           2
           1
           2
           1
           8
           4
           3
           5
          25
           5
           1
           9
          16
          22
           2
           3
           6
           7
           1
           6
           3
           1
          11
           2
           7
           1
           6
           6
           1
           1
           1
           3
           3
           7
           2
           1
           1
           1
           2
           6
           1
          12
           1
           1
           2
           2
           9
           6
           1
          13
           1
           2
           1
           6
          23
          14
           3
           2
           4
          13
           7
           5
           1
           4
           3
           6
           2
           1
           2
           4
           1
           2
           1
           1
           3
           1
           2
           1
           5
           2
           7
           4
           1
           1
           1
          19
           4
           2
           1
           1
           2
           7
           7
           1
           2
          11
           5
           9
           1
           1
           2
           2
           2
           6
           1
           1
           5
           1
           3
           2
           5
          15
           1
           1
           5
           3
          19
           2
           1
           5
           7
           1
           1
           1
           9
           5
           4
           1
           3
          10
           1
           3
          13
           1
           1
           9
          10
           1
           1
           4
           1
           1
           2
           1
           2
           1
           7
           1
           6
           2
           1
           1
           9
           6
           3
           2
           5
          31
          10
           1
           1
           1
          18
          14
          17
           1
           2
           2
          11
          40
           1
           4
           1
           4
           3
          21
          13
           2
           2
           1
           1
           6
           2
           1
          11
           9
           1
          15
           1
           7
          20
           2
           1
           3
           7
          12
           8
           4
           1
           1
          18
           8
           5
          12
           7
          19
           1
           7
           2
           3
          11
           3
           7
           2
           1
           1
          13
          21
           3
          17
           4
           5
           1
           1
           6
           1
           7
           3
           1
           1
           1
          22
           1
          11
           7
           2
           2
           3
          15
          10
           2
           1
           3
           3
          11
           1
          14
           4
           4
           2
           2
          17
           4
           3
           1
           1
           1
           1
           3
           3
           2
           7
          15
           4
           2
           1
           5
           1
           5
           7
          26
          26
           5
           2
           4
          11
           1
           2
          14
           1
          10
           4
           1
           8
           1
           3
           2
           1
           1
          17
           3
           1
           2
           7
          28
           8
           2
           1
           1
           1
          19
          13
           6
           1
           3
           7
          21
           6
           1
           3
          18
           2
           3
           1
           2
           1
           3
           2
           7
           2
          13
           3
           1
           1
           2
           3
           2
          14
          22
           1
           3
           7
           9
           2
          22
           2
           2
           3
           1
           3
           3
           1
           7
          12
          26
           2
          11
           1
           2
           5
           3
           6
           5
           1
           1
           1
           2
           7
           2
           1
          14
           1
