           4
           1
           9
           1
           4
           1
           3
           1
           4
           3
           3
           2
           1
           7
           1
          17
           1
           1
          35
           8
           1
          34
           4
           6
           1
           4
          15
           2
           2
          14
           1
           1
           1
           5
           7
           8
           2
          12
           6
           2
           4
           8
          44
           2
           3
           1
           2
           1
           2
           3
           1
           3
           3
           2
           1
           2
           1
           1
           1
           1
           5
           1
           1
           1
           1
          10
           4
           1
           1
          11
           2
           1
           2
           7
           5
          10
           5
           8
           1
           3
          13
           1
           2
           7
           1
           1
          20
          40
           1
           1
           1
           4
          12
           2
           3
          10
           1
          19
           1
           8
           8
           1
           3
           7
           5
           1
          13
           3
           2
           5
           3
           1
           4
           5
          12
           8
           1
           1
           2
           2
           1
          23
           4
          12
          20
           5
           2
           2
           5
           2
           2
           5
          10
           3
          18
          10
           1
           2
           2
           1
           4
           6
           7
           2
           1
           6
           8
           7
           1
           1
          12
           1
           1
           9
           4
          21
           6
           3
          12
           2
           1
           1
           3
           6
           6
           5
           6
          20
           1
           1
           1
           1
           2
           4
           1
           2
           1
           9
           1
           2
           1
           7
          12
           7
          13
           2
           6
          11
          15
           2
           3
           2
           5
           1
          21
          11
           1
           1
           1
           1
           7
           2
           4
           4
           4
           4
           1
           1
           1
           1
           2
           2
           3
           8
          16
          12
           1
           1
           2
           1
           1
          13
           5
          20
           1
           1
           1
           8
           1
           2
           1
           6
          17
           1
           1
           5
           5
           1
           9
           1
          25
          12
           2
           2
           1
           6
           3
           1
           2
           3
           4
           1
          13
          13
           7
           1
           2
           8
          11
           3
           4
           2
           6
           1
           8
           4
          13
          25
           5
           4
           6
          12
           2
           2
           1
           3
           6
           1
           9
          10
           5
           6
           1
           1
           2
           6
           2
           1
           3
           2
           7
           1
           4
          35
           4
           5
          18
           4
           3
           2
           4
           2
           3
           1
           1
           1
           5
          13
           1
           4
          10
           3
           1
           8
          16
           3
          14
           4
           2
           3
           3
           5
           8
           5
           4
           9
           1
          16
          39
           2
           1
           2
           2
           5
           2
           1
           1
           8
           2
          45
           1
           6
           4
           2
           1
           3
           1
           9
           5
           1
           1
           2
          27
          19
          42
           1
           1
           1
           1
           1
           1
