           0
           7
          12
           3
           1
           1
           6
           9
           1
           6
           1
           5
           1
          22
           1
          16
          37
           1
           1
           8
           1
          15
          10
           3
          30
           1
           3
           1
           4
           1
           2
           2
           1
           2
           1
           1
           4
          20
           1
          11
           1
           5
           1
          12
           1
          14
           1
           7
           2
           6
           2
          14
           2
           4
          20
           1
           3
           1
           5
           9
           1
           3
           1
          24
           2
           2
          18
           1
           1
           6
           2
           1
          10
          21
          41
          12
           2
           1
           1
           1
           5
           4
           3
          24
           1
           1
           2
           7
           1
           3
           1
          19
           3
           1
           3
           1
           6
           1
           1
           1
           4
           6
          16
           2
          15
           1
           1
           2
           2
           1
           6
           7
           1
           1
           6
          13
           1
           5
          11
           9
           1
          10
          11
          28
           2
           6
          32
           1
           1
           2
           3
           1
           2
           1
           3
           1
           2
           1
           5
           1
           1
           4
          10
           5
          12
          19
           5
           2
           5
           4
           1
           2
           3
           1
           8
           1
           2
           1
          35
          18
           4
           3
           4
           7
           2
           1
           1
           1
           3
           5
           5
           2
          17
           3
           8
           3
           6
           1
           5
           3
           8
           1
          10
          10
           7
           1
           3
           2
           1
          12
          29
          15
           4
           2
          11
           5
           3
           2
           5
           2
           2
           9
           2
          12
           6
           2
           8
           3
          10
           2
           1
          24
           2
           5
           1
           4
           5
           1
           3
           1
           8
          17
           1
           1
           5
           3
          28
           1
           1
           2
          13
           1
          25
           1
           6
           8
           6
          12
           3
           1
           1
           1
          10
           4
           6
           4
          16
          23
           8
           1
          16
           2
           4
           1
           4
          10
          14
           2
           3
           2
           1
           4
           1
           2
          27
           1
           1
           1
           1
           3
           1
          13
          16
           1
           1
           3
          12
           1
          21
           1
           2
           1
           4
           3
          12
           5
           1
           3
          13
          14
           2
           4
           6
           7
           3
           3
           2
           2
           4
           1
           3
          15
           1
           6
           2
           5
           1
          15
           1
           2
           1
          13
           2
           4
           4
           1
           1
           3
           1
           1
           1
           9
           2
           1
           1
          16
           1
          23
          10
           9
           1
           5
          18
           1
           4
           2
          19
           2
           5
           4
           2
           3
           1
           1
           7
           5
