           1
          11
          10
          12
           2
           1
           3
           1
           4
           1
           8
           1
           2
           1
           3
           4
           2
          11
           1
           1
           4
          12
           2
          43
           2
           1
           2
           3
           2
          15
          33
           2
          19
           1
          10
           4
           2
          31
           3
           2
           8
           1
          13
           2
           1
           1
           1
           2
           1
           1
          23
          15
           8
          33
          11
          23
           1
           2
           6
           6
           1
           1
           5
           1
           1
           1
           3
           3
          21
           6
           4
          16
           9
           5
          11
           2
          25
           1
           1
           1
           1
           4
           1
           4
           1
           2
           1
          10
           1
           5
           6
           1
          16
           1
           2
           1
          10
           1
          14
           3
           2
           4
           1
           1
           2
           1
           8
           2
           1
           5
           1
           4
           2
           2
           4
           1
           5
          23
           1
          14
           1
           1
           1
           1
           6
          12
           1
           1
          10
           2
           8
           4
          17
           2
           2
           6
           8
           1
           2
           3
           2
           2
           7
           1
           4
           6
           1
           5
           3
           1
           8
           2
           1
           8
           2
           4
           3
           3
           6
           1
           1
           9
           1
          18
           2
          20
          10
           1
           4
           1
           4
           5
           8
          12
           3
           2
           7
           1
           1
           4
           1
           7
          11
           9
           1
           1
           8
          24
           4
           1
           4
           5
           6
          19
          12
           1
          16
           1
           8
           1
           2
           1
           7
           7
           8
           9
           1
           4
           3
           1
          13
          17
           2
           3
           4
           1
           2
           5
           3
           6
           8
           1
           3
          12
          19
           1
           1
           1
           5
          14
           4
           1
           3
           4
           3
           4
           7
           1
           7
           1
           1
           1
           4
           1
           1
           1
          21
           4
           8
           1
          12
           1
          29
          19
           5
           5
           5
           6
           1
           1
           2
           8
           1
          12
           2
           3
           3
           2
           1
           1
           4
          12
          11
           2
           6
           5
           2
          14
           1
           1
           1
           1
          10
           1
           2
           2
           3
           8
           1
           5
           3
           4
           1
           4
           2
           6
           6
           4
          12
           2
           1
           2
           8
          11
          10
           1
           4
           6
           2
           3
           1
           1
           4
           1
           1
          26
           2
           6
           6
           1
          30
           7
           8
           3
           2
           2
           2
           6
           1
           1
           3
          10
           4
           1
           2
          22
           1
          10
           1
          12
           4
           1
           4
          19
           1
           6
           1
           5
           2
           1
           7
           3
           7
           8
           8
           4
           6
           2
           1
           1
           2
           3
           1
           1
           4
           6
           3
           2
           1
           9
           3
           7
           4
           6
           3
