           2
           1
           3
          14
           5
           1
           5
           8
           1
           1
           1
           7
           1
          24
           1
           5
           1
           3
           1
           2
           1
           2
           1
           1
           4
           1
          17
           1
          15
           1
           3
           4
           3
           3
           8
           3
           2
           1
           1
           1
          13
           1
          10
          10
           1
           5
           1
           1
           9
          19
           4
           3
           1
          26
           1
           5
           1
           1
           3
           9
           1
           1
           1
           1
           1
           8
           1
           2
          11
           1
           3
           5
           2
           4
           5
           1
          34
          11
           1
           1
           1
           8
           9
           1
           9
           9
           2
           1
           4
           5
           9
           1
           2
           2
           1
           2
          11
           3
           1
           3
           4
           2
           5
           1
           4
           7
           2
           1
           2
           1
           2
          10
           2
          30
           1
           4
           1
           1
          15
           1
           1
          15
           3
           1
           6
           6
           1
           8
           2
          12
           1
           6
           5
          17
           1
           4
           1
           2
           7
           1
           3
           2
          16
           1
           2
           4
           6
          12
           2
          10
           3
          26
           3
           1
           1
           8
           4
           6
           2
           1
          11
           4
           5
           1
           1
           1
           4
           2
          22
           5
           3
           6
          10
           1
           2
           2
           8
           6
           7
          28
           8
           2
           1
           2
           3
           1
           1
          14
          20
           7
           1
          15
           2
           2
           2
           5
           2
           4
           5
          12
           4
           1
           5
           1
           3
           3
           5
           2
           3
           3
           7
           8
           2
          38
           1
           2
           1
          16
           1
          15
           1
           6
          10
           1
          11
           6
           1
           1
           2
           7
           4
           2
           1
           1
          11
          16
           2
           5
           7
           1
           2
           2
           5
           1
           2
           1
           7
           1
           2
           1
           2
           6
           2
           1
          21
           1
           1
           1
           5
           5
          12
           5
           3
           5
           6
           2
           9
           2
           2
           3
          11
           5
          48
           1
           4
           1
           3
           1
           1
           1
           1
           1
          16
           2
           4
           1
           6
           5
           1
          12
           1
           1
           2
           8
          23
           2
           1
           8
           1
           1
           5
           1
           3
           2
           1
           1
           1
           1
           2
           1
           2
           5
           6
           1
           1
           2
           3
           1
           2
           2
          24
           3
           1
           2
           4
           5
           1
           3
          24
           1
           2
          13
          15
           1
           7
           1
           4
           1
           3
           4
           1
           5
           7
           1
           2
          16
           1
           3
           7
           4
           7
           6
           8
           3
           9
           2
           5
           1
           1
          10
           7
           6
           6
           4
           3
           4
           6
           1
           4
           3
           7
           1
           3
           1
           5
           1
           1
          10
           2
           1
           1
           1
           1
           3
           4
           1
           2
           1
          16
           1
          18
          12
           2
           4
          10
          20
           8
           6
           1
           4
           1
           1
           2
           1
           1
           9
           1
           2
           3
           1
           2
           3
           1
