  0.50137129137864334     
  0.50428689789017922     
  0.50752106432063082     
  0.51111098807190802     
  0.51510077537946530     
  0.51954261749840625     
  0.52449797264783160     
  0.53003848420763511     
  0.53624603016421557     
  0.54321060710824742     
  0.55102411412302510     
  0.55976176930176735     
  0.56944268777196139     
  0.57995044599470991     
  0.59087570580903104     
  0.60125337180071992     
  0.60927082638038610     
  0.61248788979000079     
  0.61000371120118135     
  0.60676612373196537     
  0.61206396279165476     
  0.62583676367464336     
  0.63463244384951722     
  0.62934344779412488     
  0.61869063725955642     
  0.61844536165963926     
  0.63090036982034514     
  0.64912230914006874     
  0.66795906999466248     
  0.68331515739428406     
  0.69319564713551007     
  0.69874721707378307     
  0.70239055021986097     
  0.70619154602192413     
  0.71148196582063039     
  0.71897213914968205     
  0.72893810745393195     
  0.74134201270331701     
  0.75581106227095562     
  0.77165208103231220     
  0.78794493976312385     
  0.80397097389404126     
  0.81965563649401108     
  0.83467649047498949     
  0.84579524445817111     
  0.84584512367243714     
  0.82809223852954739     
  0.79177155469689908     
  0.74450948500821290     
  0.71410607360170308     
  0.74033967616023078     
  0.80457955418443594     
  0.85582674678527970     
  0.88108505623627098     
  0.88764372549486270     
  0.88713226498960118     
  0.88778441560254928     
  0.88359887056428266     
  0.86486492871937026     
  0.84129832479593669     
  0.84105576081775957     
  0.86769464236215987     
  0.89601220163241213     
  0.91182983975089038     
  0.91492355959505556     
  0.90626490511603186     
  0.88678671440981860     
  0.86432945676588346     
  0.85633566550715101     
  0.87536745516464731     
  0.91557661853174732     
  0.96099384322241510     
  0.99431887787053663     
  0.99884600276537028     
  0.97132114275692349     
  0.95128068063408322     
  0.97268180427638806     
  0.99312110238599727     
  0.97839873743414019     
  0.94449877618866263     
  0.93429477565611430     
  0.97665534789403963     
   1.0419718889937055     
   1.0810215730671935     
   1.0789153607251820     
   1.0525978472560600     
   1.0200045870840511     
  0.98125636372035974     
  0.94010794750927185     
  0.91476155036180062     
  0.93290709365501634     
  0.98620213287046643     
   1.0249453706170770     
   1.0310687868559358     
   1.0180027225508996     
  0.99963422518131861     
  0.98303450584797980     
  0.97061974056356204     
  0.96236293905188020     
  0.95694790490380266     
  0.95238102430917349     
  0.94644698297832952     
  0.93568418145340893     
  0.91039709468112162     
  0.86371643485884919     
  0.85228479793866208     
  0.92656013611069188     
   1.0058192998801656     
   1.0395723969824084     
   1.0319482185560074     
  0.98732539005182995     
  0.93469822059942120     
  0.92809626211192153     
  0.95774329241763423     
  0.97413328767948748     
  0.96900593765338261     
  0.96467168680255944     
  0.97040923459810757     
  0.97901456679279542     
  0.98964982230160226     
   1.0045724418506059     
   1.0226749983653449     
   1.0437182291868328     
   1.0655378946309004     
   1.0816278788607963     
   1.0851287959202944     
   1.0711527699977896     
   1.0368050624494827     
  0.98967841742351259     
  0.96727323052218650     
  0.99840692668580555     
   1.0424036974073319     
   1.0542499089939161     
   1.0270801463471730     
  0.97360770863192880     
  0.93397428593348120     
  0.95512015212378998     
   1.0081978442704198     
   1.0387276903410740     
   1.0412824902411331     
   1.0371789617079477     
   1.0428375353890726     
   1.0552758659111106     
   1.0581977484432072     
   1.0359875872336126     
  0.99449230003560951     
  0.96931157237655885     
  0.98228420951836171     
   1.0086098599289224     
   1.0136479137859722     
   1.0000428800083068     
  0.98649087998046814     
  0.99016206688827801     
   1.0252388381248214     
   1.0677514073408427     
   1.0942057399960561     
   1.1072534450074500     
   1.1123373336893749     
   1.1013396672564721     
   1.0425778676022428     
  0.91929510297899031     
  0.87411936553297598     
  0.97991581015358453     
   1.0635345556668818     
   1.0586900904994103     
  0.99575273291355670     
  0.97698132399560433     
   1.0445980120082841     
   1.1031758180397402     
   1.1206140044565582     
   1.1153663024388387     
   1.0980354766083695     
   1.0704449985181679     
   1.0371324120699545     
   1.0108221538400468     
   1.0015368633919881     
   1.0033814994898846     
   1.0017876353716810     
  0.99145358058026345     
  0.98349694693460776     
  0.99051342927556651     
   1.0075509954686850     
   1.0209053958218235     
   1.0241140514384166     
   1.0176766691970871     
   1.0045074332754746     
  0.98919557794052759     
  0.97690801713050313     
  0.96928692179820664     
  0.96539515080438820     
  0.96850422651788315     
  0.98186217048258995     
  0.99871073476717664     
   1.0075415318800958     
   1.0013077611829355     
  0.97905623904201655     
  0.95078175298521328     
  0.94567932174120328     
  0.98267163271326097     
   1.0321144030643929     
