0E-8  1.00000000  2.00000000  3.00000000  4.00000000  5.00000000  6.00000000  7.00000000  8.00000000  9.00000000  10.00000000  11.00000000  12.00000000  13.00000000  14.00000000  15.00000000  16.00000000  17.00000000  18.00000000  19.00000000  20.00000000
0E-8  1.00000000  2.00000000  3.00000000  4.00000000  5.00000000  6.00000000  7.00000000  8.00010477  9.06623533  10.08606881  10.86847147  11.99944108  12.99999998  14.00000000  15.00000000  16.00000000  17.00000000  18.00000000  19.00000000  20.00000000
0E-8  1.00000000  2.00000000  3.00000000  4.00000000  5.00000000  6.00000000  7.00000002  8.00057521  9.15853725  10.13018604  10.72583436  11.99742645  12.99999977  14.00000000  15.00000000  16.00000000  17.00000000  18.00000000  19.00000000  20.00000000
0E-8  1.00000000  2.00000000  3.00000000  4.00000000  5.00000000  6.00000000  7.00000023  8.00257565  9.28316970  10.12263222  10.58864449  11.99042072  12.99999788  14.00000000  15.00000000  16.00000000  17.00000000  18.00000000  19.00000000  20.00000000
0E-8  1.00000000  2.00000000  3.00000000  4.00000000  5.00000000  6.00000000  7.00000212  8.00957950  9.41382429  10.08529809  10.50057544  11.97041563  12.99998348  14.00000000  15.00000000  16.00000000  17.00000000  18.00000000  19.00000000  20.00000000
0E-8  1.00000000  2.00000000  3.00000000  4.00000000  5.00000000  6.00000000  7.00001652  8.02958439  9.49998348  10.04623044  10.50010689  11.92418517  12.99989311  14.00000000  15.00000000  16.00000000  17.00000000  18.00000000  19.00000000  20.00000000
0E-8  1.00000000  2.00000000  3.00000000  4.00000000  5.00000000  6.00000000  7.00010689  8.07581483  9.49999788  10.02000489  10.58608533  11.83888707  12.99942456  13.99999998  15.00000000  16.00000000  17.00000000  18.00000000  19.00000000  20.00000000
0E-8  1.00000000  2.00000000  3.00000000  4.00000000  5.00000000  6.00000002  7.00057544  8.16111293  9.41393096  10.00700383  10.71625698  11.71625486  12.99742433  13.99999977  15.00000000  16.00000000  17.00000000  18.00000000  19.00000000  20.00000000
0E-8  1.00000000  2.00000000  3.00000000  4.00000000  5.00000000  6.00000023  7.00257567  8.28374514  9.28374512  10.00200024  10.83888730  11.58606881  12.99042050  13.99999788  15.00000000  16.00000000  17.00000000  18.00000000  19.00000000  20.00000000
0E-8  1.00000000  2.00000000  3.00000000  4.00000000  5.00000000  6.00000212  7.00957950  8.41393119  9.16111292  10.00046855  10.92418519  11.50000000  12.97041561  13.99998348  15.00000000  16.00000000  17.00000000  18.00000000  19.00000000  20.00000000
0E-8  1.00000000  2.00000000  3.00000000  4.00000000  5.00000000  6.00001652  7.02958439  8.50000000  9.07581483  10.00009037  10.97041561  11.50000000  12.92418517  13.99989311  15.00000000  16.00000000  17.00000000  18.00000000  19.00000000  20.00000000
0E-8  1.00000000  2.00000000  3.00000000  4.00000000  5.00000000  6.00010689  7.07581483  8.50000000  9.02958439  10.00001439  10.99042050  11.58606881  12.83888707  13.99942456  14.99999998  16.00000000  17.00000000  18.00000000  19.00000000  20.00000000
0E-8  1.00000000  2.00000000  3.00000000  4.00000000  5.00000002  6.00057544  7.16111293  8.41393119  9.00957950  10.00000190  10.99742433  11.71625486  12.71625486  13.99742433  14.99999977  16.00000000  17.00000000  18.00000000  19.00000000  20.00000000
0E-8  1.00000000  2.00000000  3.00000000  4.00000000  5.00000023  6.00257567  7.28374514  8.28374514  9.00257567  10.00000021  10.99942456  11.83888707  12.58606881  13.99042050  14.99999788  16.00000000  17.00000000  18.00000000  19.00000000  20.00000000
0E-8  1.00000000  2.00000000  3.00000000  4.00000000  5.00000212  6.00957950  7.41393119  8.16111293  9.00057544  10.00000002  10.99989311  11.92418517  12.50000000  13.97041561  14.99998348  16.00000000  17.00000000  18.00000000  19.00000000  20.00000000
0E-8  1.00000000  2.00000000  3.00000000  4.00000000  5.00001652  6.02958439  7.50000000  8.07581483  9.00010689  10.00000000  10.99998348  11.97041561  12.50000000  13.92418517  14.99989311  16.00000000  17.00000000  18.00000000  19.00000000  20.00000000
0E-8  1.00000000  2.00000000  3.00000000  4.00000000  5.00010689  6.07581483  7.50000000  8.02958439  9.00001652  10.00000000  10.99999788  11.99042050  12.58606881  13.83888707  14.99942456  15.99999998  17.00000000  18.00000000  19.00000000  20.00000000
0E-8  1.00000000  2.00000000  3.00000000  4.00000002  5.00057544  6.16111293  7.41393119  8.00957950  9.00000212  10.00000000  10.99999977  11.99742433  12.71625486  13.71625486  14.99742433  15.99999977  17.00000000  18.00000000  19.00000000  20.00000000
0E-8  1.00000000  2.00000000  3.00000000  4.00000023  5.00257567  6.28374514  7.28374514  8.00257567  9.00000023  10.00000000  10.99999998  11.99942456  12.83888707  13.58606881  14.99042050  15.99999788  17.00000000  18.00000000  19.00000000  20.00000000
0E-8  1.00000000  2.00000000  3.00000000  4.00000212  5.00957950  6.41393119  7.16111293  8.00057544  9.00000002  10.00000000  11.00000000  11.99989311  12.92418517  13.50000000  14.97041561  15.99998348  17.00000000  18.00000000  19.00000000  20.00000000
0E-8  1.00000000  2.00000000  3.00000000  4.00001652  5.02958439  6.50000000  7.07581483  8.00010689  9.00000000  10.00000000  11.00000000  11.99998348  12.97041561  13.50000000  14.92418517  15.99989311  17.00000000  18.00000000  19.00000000  20.00000000
0E-8  1.00000000  2.00000000  3.00000000  4.00010689  5.07581483  6.50000000  7.02958439  8.00001652  9.00000000  10.00000000  11.00000000  11.99999788  12.99042050  13.58606881  14.83888707  15.99942456  16.99999998  18.00000000  19.00000000  20.00000000
0E-8  1.00000000  2.00000000  3.00000002  4.00057544  5.16111293  6.41393119  7.00957950  8.00000212  9.00000000  10.00000000  11.00000000  11.99999977  12.99742433  13.71625486  14.71625486  15.99742433  16.99999977  18.00000000  19.00000000  20.00000000
0E-8  1.00000000  2.00000000  3.00000023  4.00257567  5.28374514  6.28374514  7.00257567  8.00000023  9.00000000  10.00000000  11.00000000  11.99999998  12.99942456  13.83888707  14.58606881  15.99042050  16.99999788  18.00000000  19.00000000  20.00000000
0E-8  1.00000000  2.00000000  3.00000212  4.00957950  5.41393119  6.16111293  7.00057544  8.00000002  9.00000000  10.00000000  11.00000000  12.00000000  12.99989311  13.92418517  14.50000000  15.97041561  16.99998348  18.00000000  19.00000000  20.00000000
0E-8  1.00000000  2.00000000  3.00001652  4.02958439  5.50000000  6.07581483  7.00010689  8.00000000  9.00000000  10.00000000  11.00000000  12.00000000  12.99998348  13.97041561  14.50000000  15.92418517  16.99989311  18.00000000  19.00000000  20.00000000
0E-8  1.00000000  2.00000000  3.00010689  4.07581483  5.50000000  6.02958439  7.00001652  8.00000000  9.00000000  10.00000000  11.00000000  12.00000000  12.99999788  13.99042050  14.58606881  15.83888707  16.99942456  17.99999998  19.00000000  20.00000000
0E-8  1.00000000  2.00000002  3.00057544  4.16111293  5.41393119  6.00957950  7.00000212  8.00000000  9.00000000  10.00000000  11.00000000  12.00000000  12.99999977  13.99742433  14.71625486  15.71625486  16.99742433  17.99999977  19.00000000  20.00000000
0E-8  1.00000000  2.00000023  3.00257567  4.28374514  5.28374514  6.00257567  7.00000023  8.00000000  9.00000000  10.00000000  11.00000000  12.00000000  12.99999998  13.99942456  14.83888707  15.58606881  16.99042050  17.99999788  19.00000000  20.00000000
0E-8  1.00000000  2.00000212  3.00957950  4.41393119  5.16111293  6.00057544  7.00000002  8.00000000  9.00000000  10.00000000  11.00000000  12.00000000  13.00000000  13.99989311  14.92418517  15.50000000  16.97041561  17.99998348  19.00000000  20.00000000
0E-8  1.00000000  2.00001652  3.02958439  4.50000000  5.07581483  6.00010689  7.00000000  8.00000000  9.00000000  10.00000000  11.00000000  12.00000000  13.00000000  13.99998348  14.97041561  15.50000000  16.92418517  17.99989311  19.00000000  20.00000000
0E-8  1.00000000  2.00010689  3.07581483  4.50000000  5.02958439  6.00001652  7.00000000  8.00000000  9.00000000  10.00000000  11.00000000  12.00000000  13.00000000  13.99999788  14.99042050  15.58606881  16.83888707  17.99942456  18.99999998  20.00000000
0E-8  1.00000002  2.00057544  3.16111293  4.41393119  5.00957950  6.00000212  7.00000000  8.00000000  9.00000000  10.00000000  11.00000000  12.00000000  13.00000000  13.99999977  14.99742433  15.71625486  16.71625486  17.99742433  18.99999977  20.00000000
0E-8  1.00000023  2.00257567  3.28374514  4.28374514  5.00257567  6.00000023  7.00000000  8.00000000  9.00000000  10.00000000  11.00000000  12.00000000  13.00000000  13.99999998  14.99942456  15.83888707  16.58606881  17.99042050  18.99999788  20.00000000
0E-8  1.00000212  2.00957950  3.41393119  4.16111293  5.00057544  6.00000002  7.00000000  8.00000000  9.00000000  10.00000000  11.00000000  12.00000000  13.00000000  14.00000000  14.99989311  15.92418517  16.50000000  17.97041561  18.99998348  20.00000000
0E-8  1.00001652  2.02958439  3.50000000  4.07581483  5.00010689  6.00000000  7.00000000  8.00000000  9.00000000  10.00000000  11.00000000  12.00000000  13.00000000  14.00000000  14.99998348  15.97041561  16.50000000  17.92418517  18.99989311  20.00000000
2E-8  1.00010689  2.07581483  3.50000000  4.02958439  5.00001652  6.00000000  7.00000000  8.00000000  9.00000000  10.00000000  11.00000000  12.00000000  13.00000000  14.00000000  14.99999788  15.99042050  16.58606881  17.83888707  18.99942456  19.99999998
2.5E-7  1.00057544  2.16111293  3.41393119  4.00957950  5.00000212  6.00000000  7.00000000  8.00000000  9.00000000  10.00000000  11.00000000  12.00000000  13.00000000  14.00000000  14.99999977  15.99742433  16.71625486  17.71625486  18.99742433  19.99999975
0.00000235  1.00257567  2.28374514  3.28374514  4.00257567  5.00000023  6.00000000  7.00000000  8.00000000  9.00000000  10.00000000  11.00000000  12.00000000  13.00000000  14.00000000  14.99999998  15.99942456  16.83888707  17.58606881  18.99042050  19.99999765
0.00001864  1.00957950  2.41393119  3.16111293  4.00057544  5.00000002  6.00000000  7.00000000  8.00000000  9.00000000  10.00000000  11.00000000  12.00000000  13.00000000  14.00000000  15.00000000  15.99989311  16.92418517  17.50000000  18.97041561  19.99998136
0.00012341  1.02958439  2.50000000  3.07581483  4.00010689  5.00000000  6.00000000  7.00000000  8.00000000  9.00000000  10.00000000  11.00000000  12.00000000  13.00000000  14.00000000  15.00000000  15.99998348  16.97041561  17.50000000  18.92418517  19.99987659
0.00068233  1.07581485  2.50000000  3.02958439  4.00001652  5.00000000  6.00000000  7.00000000  8.00000000  9.00000000  10.00000000  11.00000000  12.00000000  13.00000000  14.00000000  15.00000000  15.99999788  16.99042050  17.58606881  18.83888707  19.99931767
0.00315111  1.16111315  2.41393119  3.00957950  4.00000212  5.00000000  6.00000000  7.00000000  8.00000000  9.00000000  10.00000000  11.00000000  12.00000000  13.00000000  14.00000000  15.00000000  15.99999977  16.99742433  17.71625486  18.71625484  19.99684889
0.01215518  1.28374727  2.28374514  3.00257567  4.00000023  5.00000000  6.00000000  7.00000000  8.00000000  9.00000000  10.00000000  11.00000000  12.00000000  13.00000000  14.00000000  15.00000000  15.99999998  16.99942456  17.83888707  18.58606859  19.98784482
0.03916390  1.41394770  2.16111293  3.00057544  4.00000002  5.00000000  6.00000000  7.00000000  8.00000000  9.00000000  10.00000000  11.00000000  12.00000000  13.00000000  14.00000000  15.00000000  16.00000000  16.99989311  17.92418517  18.49999788  19.96083610
0.10539922  1.50010689  2.07581483  3.00010689  4.00000000  5.00000000  6.00000000  7.00000000  8.00000000  9.00000000  10.00000000  11.00000000  12.00000000  13.00000000  14.00000000  15.00000000  16.00000000  16.99998348  17.97041561  18.49998348  19.89460078
0.23692776  1.50057544  2.02958441  3.00001652  4.00000000  5.00000000  6.00000000  7.00000000  8.00000000  9.00000000  10.00000000  11.00000000  12.00000000  13.00000000  14.00000000  15.00000000  16.00000000  16.99999788  17.99042049  18.58596192  19.76307224
0.44485807  1.41650686  2.00957973  3.00000212  4.00000000  5.00000000  6.00000000  7.00000000  8.00000000  9.00000000  10.00000000  11.00000000  12.00000000  13.00000000  14.00000000  15.00000000  16.00000000  16.99999977  17.99742431  18.71567942  19.55514193
0.69767633  1.29332464  2.00257780  3.00000023  4.00000000  5.00000000  6.00000000  7.00000000  8.00000000  9.00000000  10.00000000  11.00000000  12.00000000  13.00000000  14.00000000  15.00000000  16.00000000  16.99999998  17.99942434  18.83631140  19.30232367
0.91393119  1.19069732  2.00059196  3.00000002  4.00000000  5.00000000  6.00000000  7.00000000  8.00000000  9.00000000  10.00000000  11.00000000  12.00000000  13.00000000  14.00000000  15.00000000  16.00000000  17.00000000  17.99989098  18.91460566  19.08606881
1.00000000  1.15162967  2.00021378  3.00000000  4.00000000  5.00000000  6.00000000  7.00000000  8.00000000  9.00000000  10.00000000  11.00000000  12.00000000  13.00000000  14.00000000  15.00000000  16.00000000  17.00000000  17.99996696  18.94083122  19.00000000
0.91393119  1.19069732  2.00059196  3.00000002  4.00000000  5.00000000  6.00000000  7.00000000  8.00000000  9.00000000  10.00000000  11.00000000  12.00000000  13.00000000  14.00000000  15.00000000  16.00000000  17.00000000  17.99989098  18.91460566  19.08606881
0.69767633  1.29332464  2.00257780  3.00000023  4.00000000  5.00000000  6.00000000  7.00000000  8.00000000  9.00000000  10.00000000  11.00000000  12.00000000  13.00000000  14.00000000  15.00000000  16.00000000  16.99999998  17.99942434  18.83631140  19.30232367
0.44485807  1.41650686  2.00957973  3.00000212  4.00000000  5.00000000  6.00000000  7.00000000  8.00000000  9.00000000  10.00000000  11.00000000  12.00000000  13.00000000  14.00000000  15.00000000  16.00000000  16.99999977  17.99742431  18.71567942  19.55514193
0.23692776  1.50057544  2.02958441  3.00001652  4.00000000  5.00000000  6.00000000  7.00000000  8.00000000  9.00000000  10.00000000  11.00000000  12.00000000  13.00000000  14.00000000  15.00000000  16.00000000  16.99999788  17.99042049  18.58596192  19.76307224
0.10539922  1.50010689  2.07581483  3.00010689  4.00000000  5.00000000  6.00000000  7.00000000  8.00000000  9.00000000  10.00000000  11.00000000  12.00000000  13.00000000  14.00000000  15.00000000  16.00000000  16.99998348  17.97041561  18.49998348  19.89460078
0.03916390  1.41394770  2.16111293  3.00057544  4.00000002  5.00000000  6.00000000  7.00000000  8.00000000  9.00000000  10.00000000  11.00000000  12.00000000  13.00000000  14.00000000  15.00000000  16.00000000  16.99989311  17.92418517  18.49999788  19.96083610
0.01215518  1.28374727  2.28374514  3.00257567  4.00000023  5.00000000  6.00000000  7.00000000  8.00000000  9.00000000  10.00000000  11.00000000  12.00000000  13.00000000  14.00000000  15.00000000  15.99999998  16.99942456  17.83888707  18.58606859  19.98784482
0.00315111  1.16111315  2.41393119  3.00957950  4.00000212  5.00000000  6.00000000  7.00000000  8.00000000  9.00000000  10.00000000  11.00000000  12.00000000  13.00000000  14.00000000  15.00000000  15.99999977  16.99742433  17.71625486  18.71625484  19.99684889
0.00068233  1.07581485  2.50000000  3.02958439  4.00001652  5.00000000  6.00000000  7.00000000  8.00000000  9.00000000  10.00000000  11.00000000  12.00000000  13.00000000  14.00000000  15.00000000  15.99999788  16.99042050  17.58606881  18.83888707  19.99931767
0.00012341  1.02958439  2.50000000  3.07581483  4.00010689  5.00000000  6.00000000  7.00000000  8.00000000  9.00000000  10.00000000  11.00000000  12.00000000  13.00000000  14.00000000  15.00000000  15.99998348  16.97041561  17.50000000  18.92418517  19.99987659
0.00001864  1.00957950  2.41393119  3.16111293  4.00057544  5.00000002  6.00000000  7.00000000  8.00000000  9.00000000  10.00000000  11.00000000  12.00000000  13.00000000  14.00000000  15.00000000  15.99989311  16.92418517  17.50000000  18.97041561  19.99998136
0.00000235  1.00257567  2.28374514  3.28374514  4.00257567  5.00000023  6.00000000  7.00000000  8.00000000  9.00000000  10.00000000  11.00000000  12.00000000  13.00000000  14.00000000  14.99999998  15.99942456  16.83888707  17.58606881  18.99042050  19.99999765
2.5E-7  1.00057544  2.16111293  3.41393119  4.00957950  5.00000212  6.00000000  7.00000000  8.00000000  9.00000000  10.00000000  11.00000000  12.00000000  13.00000000  14.00000000  14.99999977  15.99742433  16.71625486  17.71625486  18.99742433  19.99999975
2E-8  1.00010689  2.07581483  3.50000000  4.02958439  5.00001652  6.00000000  7.00000000  8.00000000  9.00000000  10.00000000  11.00000000  12.00000000  13.00000000  14.00000000  14.99999788  15.99042050  16.58606881  17.83888707  18.99942456  19.99999998
0E-8  1.00001652  2.02958439  3.50000000  4.07581483  5.00010689  6.00000000  7.00000000  8.00000000  9.00000000  10.00000000  11.00000000  12.00000000  13.00000000  14.00000000  14.99998348  15.97041561  16.50000000  17.92418517  18.99989311  20.00000000
0E-8  1.00000212  2.00957950  3.41393119  4.16111293  5.00057544  6.00000002  7.00000000  8.00000000  9.00000000  10.00000000  11.00000000  12.00000000  13.00000000  14.00000000  14.99989311  15.92418517  16.50000000  17.97041561  18.99998348  20.00000000
0E-8  1.00000023  2.00257567  3.28374514  4.28374514  5.00257567  6.00000023  7.00000000  8.00000000  9.00000000  10.00000000  11.00000000  12.00000000  13.00000000  13.99999998  14.99942456  15.83888707  16.58606881  17.99042050  18.99999788  20.00000000
0E-8  1.00000002  2.00057544  3.16111293  4.41393119  5.00957950  6.00000212  7.00000000  8.00000000  9.00000000  10.00000000  11.00000000  12.00000000  13.00000000  13.99999977  14.99742433  15.71625486  16.71625486  17.99742433  18.99999977  20.00000000
0E-8  1.00000000  2.00010689  3.07581483  4.50000000  5.02958439  6.00001652  7.00000000  8.00000000  9.00000000  10.00000000  11.00000000  12.00000000  13.00000000  13.99999788  14.99042050  15.58606881  16.83888707  17.99942456  18.99999998  20.00000000
0E-8  1.00000000  2.00001652  3.02958439  4.50000000  5.07581483  6.00010689  7.00000000  8.00000000  9.00000000  10.00000000  11.00000000  12.00000000  13.00000000  13.99998348  14.97041561  15.50000000  16.92418517  17.99989311  19.00000000  20.00000000
0E-8  1.00000000  2.00000212  3.00957950  4.41393119  5.16111293  6.00057544  7.00000002  8.00000000  9.00000000  10.00000000  11.00000000  12.00000000  13.00000000  13.99989311  14.92418517  15.50000000  16.97041561  17.99998348  19.00000000  20.00000000
0E-8  1.00000000  2.00000023  3.00257567  4.28374514  5.28374514  6.00257567  7.00000023  8.00000000  9.00000000  10.00000000  11.00000000  12.00000000  12.99999998  13.99942456  14.83888707  15.58606881  16.99042050  17.99999788  19.00000000  20.00000000
0E-8  1.00000000  2.00000002  3.00057544  4.16111293  5.41393119  6.00957950  7.00000212  8.00000000  9.00000000  10.00000000  11.00000000  12.00000000  12.99999977  13.99742433  14.71625486  15.71625486  16.99742433  17.99999977  19.00000000  20.00000000
0E-8  1.00000000  2.00000000  3.00010689  4.07581483  5.50000000  6.02958439  7.00001652  8.00000000  9.00000000  10.00000000  11.00000000  12.00000000  12.99999788  13.99042050  14.58606881  15.83888707  16.99942456  17.99999998  19.00000000  20.00000000
0E-8  1.00000000  2.00000000  3.00001652  4.02958439  5.50000000  6.07581483  7.00010689  8.00000000  9.00000000  10.00000000  11.00000000  12.00000000  12.99998348  13.97041561  14.50000000  15.92418517  16.99989311  18.00000000  19.00000000  20.00000000
0E-8  1.00000000  2.00000000  3.00000212  4.00957950  5.41393119  6.16111293  7.00057544  8.00000002  9.00000000  10.00000000  11.00000000  12.00000000  12.99989311  13.92418517  14.50000000  15.97041561  16.99998348  18.00000000  19.00000000  20.00000000
0E-8  1.00000000  2.00000000  3.00000023  4.00257567  5.28374514  6.28374514  7.00257567  8.00000023  9.00000000  10.00000000  11.00000000  11.99999998  12.99942456  13.83888707  14.58606881  15.99042050  16.99999788  18.00000000  19.00000000  20.00000000
0E-8  1.00000000  2.00000000  3.00000002  4.00057544  5.16111293  6.41393119  7.00957950  8.00000212  9.00000000  10.00000000  11.00000000  11.99999977  12.99742433  13.71625486  14.71625486  15.99742433  16.99999977  18.00000000  19.00000000  20.00000000
0E-8  1.00000000  2.00000000  3.00000000  4.00010689  5.07581483  6.50000000  7.02958439  8.00001652  9.00000000  10.00000000  11.00000000  11.99999788  12.99042050  13.58606881  14.83888707  15.99942456  16.99999998  18.00000000  19.00000000  20.00000000
0E-8  1.00000000  2.00000000  3.00000000  4.00001652  5.02958439  6.50000000  7.07581483  8.00010689  9.00000000  10.00000000  11.00000000  11.99998348  12.97041561  13.50000000  14.92418517  15.99989311  17.00000000  18.00000000  19.00000000  20.00000000
0E-8  1.00000000  2.00000000  3.00000000  4.00000212  5.00957950  6.41393119  7.16111293  8.00057544  9.00000002  10.00000000  11.00000000  11.99989311  12.92418517  13.50000000  14.97041561  15.99998348  17.00000000  18.00000000  19.00000000  20.00000000
0E-8  1.00000000  2.00000000  3.00000000  4.00000023  5.00257567  6.28374514  7.28374514  8.00257567  9.00000023  10.00000000  10.99999998  11.99942456  12.83888707  13.58606881  14.99042050  15.99999788  17.00000000  18.00000000  19.00000000  20.00000000
0E-8  1.00000000  2.00000000  3.00000000  4.00000002  5.00057544  6.16111293  7.41393119  8.00957950  9.00000212  10.00000000  10.99999977  11.99742433  12.71625486  13.71625486  14.99742433  15.99999977  17.00000000  18.00000000  19.00000000  20.00000000
0E-8  1.00000000  2.00000000  3.00000000  4.00000000  5.00010689  6.07581483  7.50000000  8.02958439  9.00001652  10.00000000  10.99999788  11.99042050  12.58606881  13.83888707  14.99942456  15.99999998  17.00000000  18.00000000  19.00000000  20.00000000
0E-8  1.00000000  2.00000000  3.00000000  4.00000000  5.00001652  6.02958439  7.50000000  8.07581483  9.00010689  10.00000000  10.99998348  11.97041561  12.50000000  13.92418517  14.99989311  16.00000000  17.00000000  18.00000000  19.00000000  20.00000000
0E-8  1.00000000  2.00000000  3.00000000  4.00000000  5.00000212  6.00957950  7.41393119  8.16111293  9.00057544  10.00000002  10.99989311  11.92418517  12.50000000  13.97041561  14.99998348  16.00000000  17.00000000  18.00000000  19.00000000  20.00000000
0E-8  1.00000000  2.00000000  3.00000000  4.00000000  5.00000023  6.00257567  7.28374514  8.28374514  9.00257567  10.00000021  10.99942456  11.83888707  12.58606881  13.99042050  14.99999788  16.00000000  17.00000000  18.00000000  19.00000000  20.00000000
0E-8  1.00000000  2.00000000  3.00000000  4.00000000  5.00000002  6.00057544  7.16111293  8.41393119  9.00957950  10.00000190  10.99742433  11.71625486  12.71625486  13.99742433  14.99999977  16.00000000  17.00000000  18.00000000  19.00000000  20.00000000
0E-8  1.00000000  2.00000000  3.00000000  4.00000000  5.00000000  6.00010689  7.07581483  8.50000000  9.02958439  10.00001439  10.99042050  11.58606881  12.83888707  13.99942456  14.99999998  16.00000000  17.00000000  18.00000000  19.00000000  20.00000000
0E-8  1.00000000  2.00000000  3.00000000  4.00000000  5.00000000  6.00001652  7.02958439  8.50000000  9.07581483  10.00009037  10.97041561  11.50000000  12.92418517  13.99989311  15.00000000  16.00000000  17.00000000  18.00000000  19.00000000  20.00000000
0E-8  1.00000000  2.00000000  3.00000000  4.00000000  5.00000000  6.00000212  7.00957950  8.41393119  9.16111292  10.00046855  10.92418519  11.50000000  12.97041561  13.99998348  15.00000000  16.00000000  17.00000000  18.00000000  19.00000000  20.00000000
0E-8  1.00000000  2.00000000  3.00000000  4.00000000  5.00000000  6.00000023  7.00257567  8.28374514  9.28374512  10.00200024  10.83888730  11.58606881  12.99042050  13.99999788  15.00000000  16.00000000  17.00000000  18.00000000  19.00000000  20.00000000
0E-8  1.00000000  2.00000000  3.00000000  4.00000000  5.00000000  6.00000002  7.00057544  8.16111293  9.41393096  10.00700383  10.71625698  11.71625486  12.99742433  13.99999977  15.00000000  16.00000000  17.00000000  18.00000000  19.00000000  20.00000000
0E-8  1.00000000  2.00000000  3.00000000  4.00000000  5.00000000  6.00000000  7.00010689  8.07581483  9.49999788  10.02000489  10.58608533  11.83888707  12.99942456  13.99999998  15.00000000  16.00000000  17.00000000  18.00000000  19.00000000  20.00000000
0E-8  1.00000000  2.00000000  3.00000000  4.00000000  5.00000000  6.00000000  7.00001652  8.02958439  9.49998348  10.04623044  10.50010689  11.92418517  12.99989311  14.00000000  15.00000000  16.00000000  17.00000000  18.00000000  19.00000000  20.00000000
0E-8  1.00000000  2.00000000  3.00000000  4.00000000  5.00000000  6.00000000  7.00000212  8.00957950  9.41382429  10.08529809  10.50057544  11.97041563  12.99998348  14.00000000  15.00000000  16.00000000  17.00000000  18.00000000  19.00000000  20.00000000
0E-8  1.00000000  2.00000000  3.00000000  4.00000000  5.00000000  6.00000000  7.00000023  8.00257565  9.28316970  10.12263222  10.58864449  11.99042072  12.99999788  14.00000000  15.00000000  16.00000000  17.00000000  18.00000000  19.00000000  20.00000000
0E-8  1.00000000  2.00000000  3.00000000  4.00000000  5.00000000  6.00000000  7.00000002  8.00057521  9.15853725  10.13018604  10.72583436  11.99742645  12.99999977  14.00000000  15.00000000  16.00000000  17.00000000  18.00000000  19.00000000  20.00000000
0E-8  1.00000000  2.00000000  3.00000000  4.00000000  5.00000000  6.00000000  7.00000000  8.00010477  9.06623533  10.08606881  10.86847147  11.99944108  12.99999998  14.00000000  15.00000000  16.00000000  17.00000000  18.00000000  19.00000000  20.00000000
0E-8  1.00000000  2.00000000  3.00000000  4.00000000  5.00000000  6.00000000  7.00000000  8.00000000  9.00000000  10.00000000  11.00000000  12.00000000  13.00000000  14.00000000  15.00000000  16.00000000  17.00000000  18.00000000  19.00000000  20.00000000
