           2   1.0000000000000000     
           3   1.0000000000000000     
           4   2.0000000000000000     
           5   2.0000000000000000     
           6   2.0000000000000000     
           7   2.0000000000000000     
           8   2.0000000000000000     
           9   2.0000000000000000     
          10   2.0000000000000000     
          11   2.0000000000000000     
          12   2.0000000000000000     
          13   2.0000000000000000     
          14   2.0000000000000000     
          15   2.2360679774997898     
          16   2.2360679774997898     
          17   2.8284271247461903     
          18   3.6055512754639891     
          19   3.6055512754639891     
          20   4.4721359549995796     
          21   4.4721359549995796     
          22   5.3851648071345037     
          23   5.3851648071345037     
          24   5.3851648071345037     
          25   5.3851648071345037     
          26   5.3851648071345037     
          27   5.3851648071345037     
          28   5.3851648071345037     
          29   5.3851648071345037     
          30   5.3851648071345037     
          31   5.3851648071345037     
          32   5.3851648071345037     
          33   5.3851648071345037     
          34   5.3851648071345037     
          35   5.3851648071345037     
          36   5.3851648071345037     
          37   5.3851648071345037     
          38   5.3851648071345037     
          39   5.3851648071345037     
          40   5.3851648071345037     
          41   5.3851648071345037     
          42   5.3851648071345037     
          43   5.8309518948453007     
          44   5.8309518948453007     
          45   5.8309518948453007     
          46   6.0000000000000000     
          47   6.0000000000000000     
          48   6.0000000000000000     
          49   6.0000000000000000     
          50   6.0000000000000000     
          51   6.0000000000000000     
          52   6.0827625302982193     
          53   7.0000000000000000     
          54   7.0000000000000000     
          55   7.0000000000000000     
          56   7.0000000000000000     
          57   7.0000000000000000     
          58   7.0000000000000000     
          59   7.0000000000000000     
          60   7.0710678118654755     
          61   7.0710678118654755     
          62   7.0710678118654755     
          63   7.0710678118654755     
          64   7.0710678118654755     
          65   7.0710678118654755     
          66   7.0710678118654755     
          67   7.0710678118654755     
          68   7.2801098892805181     
          69   7.2801098892805181     
          70   7.2801098892805181     
          71   7.2801098892805181     
          72   7.2801098892805181     
          73   7.2801098892805181     
          74   7.2801098892805181     
          75   7.8102496759066540     
          76   7.8102496759066540     
          77   7.8102496759066540     
          78   7.8102496759066540     
          79   7.8102496759066540     
          80   7.8102496759066540     
          81   7.8102496759066540     
          82   7.8102496759066540     
          83   7.8102496759066540     
          84   7.8102496759066540     
          85   7.8102496759066540     
          86   7.8102496759066540     
          87   8.2462112512353212     
          88   8.2462112512353212     
          89   8.2462112512353212     
          90   8.2462112512353212     
          91   8.2462112512353212     
          92   8.2462112512353212     
          93   8.2462112512353212     
          94   8.2462112512353212     
          95   8.6023252670426267     
          96   8.6023252670426267     
          97   8.6023252670426267     
          98   8.6023252670426267     
          99   8.6023252670426267     
         100   8.6023252670426267     
         101   8.6023252670426267     
         102   8.6023252670426267     
         103   8.6023252670426267     
         104   8.6023252670426267     
         105   8.6023252670426267     
         106   9.2195444572928871     
         107   9.2195444572928871     
         108   9.2195444572928871     
         109   9.2195444572928871     
         110   9.2195444572928871     
         111   9.2195444572928871     
         112   9.2195444572928871     
         113   9.2195444572928871     
         114   9.2195444572928871     
         115   9.2195444572928871     
         116   10.198039027185569     
         117   10.198039027185569     
         118   10.198039027185569     
         119   10.198039027185569     
         120   11.180339887498949     
         121   11.180339887498949     
         122   11.180339887498949     
         123   11.180339887498949     
         124   11.180339887498949     
         125   11.180339887498949     
         126   11.180339887498949     
         127   11.180339887498949     
         128   11.180339887498949     
         129   11.180339887498949     
         130   11.180339887498949     
         131   11.180339887498949     
         132   11.661903789690601     
         133   12.083045973594572     
         134   12.083045973594572     
         135   12.529964086141668     
         136   12.529964086141668     
         137   12.529964086141668     
         138   13.416407864998739     
         139   13.416407864998739     
         140   13.416407864998739     
         141   13.416407864998739     
         142   13.416407864998739     
         143   13.416407864998739     
         144   13.416407864998739     
         145   13.416407864998739     
         146   13.416407864998739     
         147   13.416407864998739     
         148   13.928388277184119     
         149   14.317821063276353     
         150   14.317821063276353     
         151   14.317821063276353     
         152   14.317821063276353     
         153   14.317821063276353     
         154   14.317821063276353     
         155   14.317821063276353     
         156   14.317821063276353     
         157   14.317821063276353     
         158   15.231546211727817     
         159   15.231546211727817     
         160   15.231546211727817     
         161   15.231546211727817     
         162   15.231546211727817     
         163   15.231546211727817     
         164   15.231546211727817     
         165   15.231546211727817     
         166   15.231546211727817     
         167   15.231546211727817     
         168   15.231546211727817     
         169   15.231546211727817     
         170   15.231546211727817     
         171   15.231546211727817     
         172   15.231546211727817     
         173   15.264337522473747     
         174   15.264337522473747     
         175   15.264337522473747     
         176   15.811388300841896     
         177   15.811388300841896     
         178   15.811388300841896     
         179   15.811388300841896     
         180   15.811388300841896     
         181   15.811388300841896     
         182   15.811388300841896     
         183   15.811388300841896     
         184   16.401219466856727     
         185   16.401219466856727     
         186   16.401219466856727     
         187   16.401219466856727     
         188   16.401219466856727     
         189   16.401219466856727     
         190   16.401219466856727     
         191   16.401219466856727     
         192   16.401219466856727     
         193   16.401219466856727     
         194   16.401219466856727     
         195   16.401219466856727     
         196   16.401219466856727     
         197   16.401219466856727     
         198   16.401219466856727     
         199   17.204650534085253     
         200   17.204650534085253     
         201   17.204650534085253     
         202   17.204650534085253     
         203   17.204650534085253     
         204   17.204650534085253     
         205   17.204650534085253     
         206   17.204650534085253     
         207   17.204650534085253     
         208   17.204650534085253     
         209   17.204650534085253     
         210   17.204650534085253     
         211   17.204650534085253     
         212   17.204650534085253     
         213   17.204650534085253     
         214   17.204650534085253     
         215   17.204650534085253     
         216   17.204650534085253     
         217   17.804493814764857     
         218   17.804493814764857     
         219   17.804493814764857     
         220   17.804493814764857     
         221   17.804493814764857     
         222   17.804493814764857     
         223   17.804493814764857     
         224   17.804493814764857     
         225   17.804493814764857     
         226   17.804493814764857     
         227   17.804493814764857     
         228   17.804493814764857     
         229   17.804493814764857     
         230   17.804493814764857     
         231   17.804493814764857     
         232   17.804493814764857     
         233   17.804493814764857     
         234   17.804493814764857     
         235   17.804493814764857     
         236   17.804493814764857     
         237   17.804493814764857     
         238   17.804493814764857     
         239   17.804493814764857     
         240   17.804493814764857     
         241   17.804493814764857     
         242   17.804493814764857     
         243   17.804493814764857     
         244   17.804493814764857     
         245   17.804493814764857     
         246   17.804493814764857     
         247   17.804493814764857     
         248   17.804493814764857     
         249   17.804493814764857     
         250   17.804493814764857     
         251   17.804493814764857     
         252   17.804493814764857     
         253   17.804493814764857     
         254   17.804493814764857     
         255   17.804493814764857     
         256   17.804493814764857     
         257   17.804493814764857     
         258   17.804493814764857     
         259   17.804493814764857     
         260   17.804493814764857     
         261   17.804493814764857     
         262   17.804493814764857     
         263   17.804493814764857     
         264   17.804493814764857     
         265   17.804493814764857     
         266   17.804493814764857     
         267   17.804493814764857     
         268   17.804493814764857     
         269   17.804493814764857     
         270   17.804493814764857     
         271   17.804493814764857     
         272   17.804493814764857     
         273   17.804493814764857     
         274   17.804493814764857     
         275   17.804493814764857     
         276   17.804493814764857     
         277   17.804493814764857     
         278   17.804493814764857     
         279   17.804493814764857     
         280   17.804493814764857     
         281   17.804493814764857     
         282   17.804493814764857     
         283   17.804493814764857     
         284   17.804493814764857     
         285   17.804493814764857     
         286   17.804493814764857     
         287   17.804493814764857     
         288   17.804493814764857     
         289   17.804493814764857     
         290   17.804493814764857     
         291   17.804493814764857     
         292   17.804493814764857     
         293   17.804493814764857     
         294   17.804493814764857     
         295   17.804493814764857     
         296   17.804493814764857     
         297   17.804493814764857     
         298   17.804493814764857     
         299   17.804493814764857     
         300   17.804493814764857     
         301   17.804493814764857     
         302   17.804493814764857     
         303   17.804493814764857     
         304   17.804493814764857     
         305   17.804493814764857     
         306   17.804493814764857     
         307   17.804493814764857     
         308   17.804493814764857     
         309   17.804493814764857     
         310   17.804493814764857     
         311   17.804493814764857     
         312   17.804493814764857     
         313   17.804493814764857     
         314   17.804493814764857     
         315   17.804493814764857     
         316   17.804493814764857     
         317   17.804493814764857     
         318   17.804493814764857     
         319   17.804493814764857     
         320   17.804493814764857     
         321   17.804493814764857     
         322   17.804493814764857     
         323   17.804493814764857     
         324   17.804493814764857     
         325   17.804493814764857     
         326   17.804493814764857     
         327   17.804493814764857     
         328   17.804493814764857     
         329   17.804493814764857     
         330   17.804493814764857     
         331   17.804493814764857     
         332   17.804493814764857     
         333   17.804493814764857     
         334   17.804493814764857     
         335   17.804493814764857     
         336   17.804493814764857     
         337   17.804493814764857     
         338   17.804493814764857     
         339   17.804493814764857     
         340   17.804493814764857     
         341   17.804493814764857     
         342   17.804493814764857     
         343   17.804493814764857     
         344   17.804493814764857     
         345   17.804493814764857     
         346   17.804493814764857     
         347   17.804493814764857     
         348   17.804493814764857     
         349   17.804493814764857     
         350   17.804493814764857     
         351   17.804493814764857     
         352   17.804493814764857     
         353   17.804493814764857     
         354   17.804493814764857     
         355   17.804493814764857     
         356   17.804493814764857     
         357   17.804493814764857     
         358   17.804493814764857     
         359   17.804493814764857     
         360   17.804493814764857     
         361   17.804493814764857     
         362   17.804493814764857     
         363   17.804493814764857     
         364   17.804493814764857     
         365   17.804493814764857     
         366   17.804493814764857     
         367   17.804493814764857     
         368   17.804493814764857     
         369   17.804493814764857     
         370   17.804493814764857     
         371   17.804493814764857     
         372   17.804493814764857     
         373   17.804493814764857     
         374   17.804493814764857     
         375   17.804493814764857     
         376   17.804493814764857     
         377   17.804493814764857     
         378   17.804493814764857     
         379   17.804493814764857     
         380   17.804493814764857     
         381   17.804493814764857     
         382   17.804493814764857     
         383   17.804493814764857     
         384   17.804493814764857     
         385   17.804493814764857     
         386   17.804493814764857     
         387   17.804493814764857     
         388   17.804493814764857     
         389   17.804493814764857     
         390   17.804493814764857     
         391   17.804493814764857     
         392   17.804493814764857     
         393   17.804493814764857     
         394   17.804493814764857     
         395   17.804493814764857     
         396   17.804493814764857     
         397   17.804493814764857     
         398   17.804493814764857     
         399   17.804493814764857     
         400   17.804493814764857     
         401   17.804493814764857     
         402   17.804493814764857     
         403   17.804493814764857     
         404   17.804493814764857     
         405   17.804493814764857     
         406   17.804493814764857     
         407   17.804493814764857     
         408   17.804493814764857     
         409   17.804493814764857     
         410   17.804493814764857     
         411   17.804493814764857     
         412   17.804493814764857     
         413   17.804493814764857     
         414   17.804493814764857     
         415   17.804493814764857     
         416   17.804493814764857     
         417   17.804493814764857     
         418   17.804493814764857     
         419   17.804493814764857     
         420   17.804493814764857     
         421   17.804493814764857     
         422   17.804493814764857     
         423   17.804493814764857     
         424   17.804493814764857     
         425   17.804493814764857     
         426   17.804493814764857     
         427   17.804493814764857     
         428   17.804493814764857     
         429   17.804493814764857     
         430   17.804493814764857     
         431   17.804493814764857     
         432   17.804493814764857     
         433   17.804493814764857     
         434   17.804493814764857     
         435   17.804493814764857     
         436   17.804493814764857     
         437   17.804493814764857     
         438   17.804493814764857     
         439   17.804493814764857     
         440   17.804493814764857     
         441   18.027756377319946     
         442   18.681541692269406     
         443   18.681541692269406     
         444   18.681541692269406     
         445   18.681541692269406     
         446   18.681541692269406     
         447   18.681541692269406     
         448   18.681541692269406     
         449   18.681541692269406     
         450   18.681541692269406     
         451   18.681541692269406     
         452   18.681541692269406     
         453   18.681541692269406     
         454   18.681541692269406     
         455   18.681541692269406     
         456   18.681541692269406     
         457   18.681541692269406     
         458   18.681541692269406     
         459   18.681541692269406     
         460   18.681541692269406     
         461   18.681541692269406     
         462   18.681541692269406     
         463   18.681541692269406     
         464   18.681541692269406     
         465   18.681541692269406     
         466   18.681541692269406     
         467   18.681541692269406     
         468   18.681541692269406     
         469   18.681541692269406     
         470   18.681541692269406     
         471   18.681541692269406     
         472   18.681541692269406     
         473   19.313207915827967     
         474   19.646882704388499     
         475   19.646882704388499     
         476   19.646882704388499     
         477   19.646882704388499     
         478   19.646882704388499     
         479   19.646882704388499     
         480   19.646882704388499     
         481   19.646882704388499     
         482   19.646882704388499     
         483   19.646882704388499     
         484   19.646882704388499     
         485   20.248456731316587     
         486   20.248456731316587     
         487   20.615528128088304     
         488   20.615528128088304     
         489   20.615528128088304     
         490   20.615528128088304     
         491   20.615528128088304     
         492   20.615528128088304     
         493   20.615528128088304     
         494   20.615528128088304     
         495   20.615528128088304     
         496   20.615528128088304     
         497   21.189620100417091     
         498   21.189620100417091     
         499   21.587033144922902     
         500   21.587033144922902     
         501   21.587033144922902     
         502   21.587033144922902     
         503   21.587033144922902     
         504   21.587033144922902     
         505   21.587033144922902     
         506   21.587033144922902     
         507   21.587033144922902     
         508   21.587033144922902     
         509   22.135943621178654     
         510   22.561028345356956     
         511   22.561028345356956     
         512   22.561028345356956     
         513   22.561028345356956     
         514   22.561028345356956     
         515   22.561028345356956     
         516   22.561028345356956     
         517   22.561028345356956     
         518   22.561028345356956     
         519   22.803508501982758     
         520   22.803508501982758     
         521   22.803508501982758     
         522   22.803508501982758     
         523   22.803508501982758     
         524   22.803508501982758     
         525   22.803508501982758     
         526   22.803508501982758     
         527   22.803508501982758     
         528   22.803508501982758     
         529   22.803508501982758     
         530   22.803508501982758     
         531   22.803508501982758     
         532   22.803508501982758     
         533   22.803508501982758     
         534   22.803508501982758     
         535   22.803508501982758     
         536   22.803508501982758     
         537   22.803508501982758     
         538   22.803508501982758     
         539   22.803508501982758     
         540   22.803508501982758     
         541   22.803508501982758     
         542   22.803508501982758     
         543   22.803508501982758     
         544   22.803508501982758     
         545   22.803508501982758     
         546   22.803508501982758     
         547   22.803508501982758     
         548   22.803508501982758     
         549   22.803508501982758     
         550   22.803508501982758     
         551   22.803508501982758     
         552   22.803508501982758     
         553   22.803508501982758     
         554   22.803508501982758     
         555   22.803508501982758     
         556   22.847319317591726     
         557   22.847319317591726     
         558   22.847319317591726     
         559   22.847319317591726     
         560   22.847319317591726     
         561   22.847319317591726     
         562   22.847319317591726     
         563   22.847319317591726     
         564   23.259406699226016     
         565   23.769728648009426     
         566   23.769728648009426     
         567   23.769728648009426     
         568   23.769728648009426     
         569   23.769728648009426     
         570   23.769728648009426     
         571   23.769728648009426     
         572   23.769728648009426     
         573   23.769728648009426     
         574   23.769728648009426     
         575   23.769728648009426     
         576   23.769728648009426     
         577   23.769728648009426     
         578   24.698178070456937     
         579   24.698178070456937     
         580   24.698178070456937     
         581   24.698178070456937     
         582   25.079872407968907     
         583   25.632011235952593     
         584   25.632011235952593     
         585   25.632011235952593     
         586   26.570660511172846     
         587   26.570660511172846     
         588   26.570660511172846     
         589   26.570660511172846     
         590   26.570660511172846     
         591   26.570660511172846     
         592   27.513632984395208     
         593   27.513632984395208     
         594   27.513632984395208     
         595   27.513632984395208     
         596   28.460498941515414     
         597   28.460498941515414     
         598   28.460498941515414     
         599   28.792360097775937     
         600   28.792360097775937     
         601   29.410882339705484     
         602   29.410882339705484     
         603   29.410882339705484     
         604   30.364452901377952     
         605   31.320919526731650     
         606   31.320919526731650     
         607   31.320919526731650     
         608   31.320919526731650     
         609   31.320919526731650     
         610   31.320919526731650     
         611   31.320919526731650     
         612   31.320919526731650     
         613   31.320919526731650     
         614   31.320919526731650     
         615   31.320919526731650     
         616   31.320919526731650     
         617   31.320919526731650     
         618   31.320919526731650     
         619   31.320919526731650     
         620   31.320919526731650     
         621   31.320919526731650     
         622   31.320919526731650     
         623   31.320919526731650     
         624   31.320919526731650     
         625   31.320919526731650     
         626   31.320919526731650     
         627   31.320919526731650     
         628   31.320919526731650     
         629   31.320919526731650     
         630   31.320919526731650     
         631   31.384709652950431     
         632   31.953090617340916     
         633   31.953090617340916     
         634   31.953090617340916     
         635   31.953090617340916     
         636   31.953090617340916     
         637   31.953090617340916     
         638   31.953090617340916     
         639   31.953090617340916     
         640   31.953090617340916     
         641   31.953090617340916     
         642   31.953090617340916     
         643   31.953090617340916     
         644   31.953090617340916     
         645   31.953090617340916     
         646   31.953090617340916     
         647   31.953090617340916     
         648   31.953090617340916     
         649   31.953090617340916     
         650   31.953090617340916     
         651   31.953090617340916     
         652   31.953090617340916     
         653   31.953090617340916     
         654   31.953090617340916     
         655   31.953090617340916     
         656   32.310988842807021     
         657   32.310988842807021     
         658   32.310988842807021     
         659   32.310988842807021     
         660   32.310988842807021     
         661   32.310988842807021     
         662   32.310988842807021     
         663   32.310988842807021     
         664   32.310988842807021     
         665   32.310988842807021     
         666   32.310988842807021     
         667   32.310988842807021     
         668   32.310988842807021     
         669   32.310988842807021     
         670   32.310988842807021     
         671   33.241540277189323     
         672   33.241540277189323     
         673   33.241540277189323     
         674   33.241540277189323     
         675   33.241540277189323     
         676   33.241540277189323     
         677   33.241540277189323     
         678   33.241540277189323     
         679   33.241540277189323     
         680   33.241540277189323     
         681   33.241540277189323     
         682   33.241540277189323     
         683   33.241540277189323     
         684   33.241540277189323     
         685   33.241540277189323     
         686   33.241540277189323     
         687   33.615472627943220     
         688   33.615472627943220     
         689   33.615472627943220     
         690   33.615472627943220     
         691   33.615472627943220     
         692   33.615472627943220     
         693   33.615472627943220     
         694   33.615472627943220     
         695   33.615472627943220     
         696   33.615472627943220     
         697   33.615472627943220     
         698   33.615472627943220     
         699   33.615472627943220     
         700   33.615472627943220     
         701   34.014702703389901     
         702   34.014702703389901     
         703   34.014702703389901     
         704   34.014702703389901     
         705   34.014702703389901     
         706   34.014702703389901     
         707   34.014702703389901     
         708   34.014702703389901     
         709   34.014702703389901     
         710   34.014702703389901     
         711   34.014702703389901     
         712   34.014702703389901     
         713   34.014702703389901     
         714   34.014702703389901     
         715   34.014702703389901     
         716   34.014702703389901     
         717   34.014702703389901     
         718   34.014702703389901     
         719   34.014702703389901     
         720   34.014702703389901     
         721   34.014702703389901     
         722   34.014702703389901     
         723   34.014702703389901     
         724   34.014702703389901     
         725   34.539832078341085     
         726   34.539832078341085     
         727   34.539832078341085     
         728   34.539832078341085     
         729   34.539832078341085     
         730   34.539832078341085     
         731   34.539832078341085     
         732   34.539832078341085     
         733   34.539832078341085     
         734   34.539832078341085     
         735   34.539832078341085     
         736   34.539832078341085     
         737   34.539832078341085     
         738   34.539832078341085     
         739   34.539832078341085     
         740   34.539832078341085     
         741   34.539832078341085     
         742   34.539832078341085     
         743   34.539832078341085     
         744   34.539832078341085     
