  0.40000000000000002       0.93769303068739429     
  0.80000000000000004      -0.98076083342359444     
   1.2000000000000002      -0.66722397634509556     
   1.6000000000000001        1.8762991669710105     
   2.0000000000000000        3.5576733692341129     
   2.4000000000000004        2.4651522872805041     
   2.8000000000000003       0.50671195397680036     
   3.2000000000000002       0.77074646122367407     
   3.6000000000000001        3.2555702820879655     
   4.0000000000000000        4.8694243635961350     
   4.4000000000000004        3.7009924310140163     
   4.8000000000000007        1.6587342576719051     
   5.2000000000000002        1.8315807825759887     
   5.6000000000000005        4.2184320326033244     
   6.0000000000000000        5.7281563438645033     
   6.4000000000000004        4.4501016868782823     
   6.8000000000000007        2.2934272163846128     
   7.2000000000000002        2.3477964441987016     
   7.6000000000000005        4.6128695094945646     
   8.0000000000000000        5.9982944121581943     
   8.4000000000000004        4.5942123848166414     
   8.8000000000000007        2.3105868973700412     
   9.2000000000000011        2.2378942138718436     
   9.6000000000000014        4.3766094980281318     
   10.000000000000000        5.6371897072904984     
   10.400000000000000        4.1105728243570558     
   10.800000000000001        1.7075042941112939     
   11.200000000000001        1.5192251074306504     
   11.600000000000001        3.5469520491021340     
   12.000000000000000        4.7018527221869935     
   12.400000000000000        3.0755392678521862     
   12.800000000000001       0.57939301888286887     
   13.200000000000001       0.30525104487925758     
   13.600000000000001        2.2548816213632192     
   14.000000000000000        3.3399526005996512     
   14.400000000000000        1.6525209655758299     
   14.800000000000001      -0.89564283307011250     
   15.200000000000001       -1.2123682919764418     
   15.600000000000001       0.70438751527325327     
   16.000000000000000        1.7665034262583750     
   16.400000000000002        6.6181428148277432E-002
   16.800000000000001       -2.4847274040171774     
   17.199999999999999       -2.7940343090718400     
   17.600000000000001      -0.85974155211562131     
   18.000000000000000       0.22991822678097007     
   18.400000000000002       -1.4330310018882653     
   18.800000000000001       -3.9369790512024534     
   19.200000000000003       -4.1900368497911717     
   19.600000000000001       -2.1905642031678192     
   20.000000000000000       -1.0272099812806263     
   20.400000000000002       -2.6084234364972456     
   20.800000000000001       -5.0231190418488101     
   21.200000000000003       -5.1799779380686619     
   21.600000000000001       -3.0779730134444812     
   22.000000000000000       -1.8064082956172494     
   22.400000000000002       -3.2744270447641375     
   22.800000000000001       -5.5716696236812755     
   23.200000000000003       -5.6075677726974273     
   23.600000000000001       -3.3818658541793170     
   24.000000000000000       -1.9846584354137977     
   24.400000000000002       -3.3258942910095861     
   24.800000000000001       -5.4960265915574364     
   25.200000000000003       -5.4052994504390455     
   25.600000000000001       -3.0542649378440769     
   26.000000000000000       -1.5338186229632764     
   26.400000000000002       -2.7546994186883365     
   26.800000000000001       -4.8081321872056773     
   27.200000000000003       -4.6051068217026225     
   27.600000000000001       -2.1468914558636105     
   28.000000000000000      -0.52506655158515403     
   28.400000000000002       -1.6510213286786115     
   28.800000000000001       -3.6165896818423331     
   29.200000000000003       -3.3333228377269295     
   29.600000000000001      -0.80299993973566830     
   30.000000000000000       0.88233800709424104     
   30.400000000000002      -0.18910631368762210     
   30.800000000000001       -2.1095173076160014     
   31.200000000000003       -1.7907343553894421     
   31.600000000000001       0.76523847961110780     
   32.000000000000000        2.4661968192767558     
   32.399999999999999        1.4002416000383944     
   32.800000000000004      -0.52484852509596136     
   33.200000000000003      -0.22088230740797887     
   33.600000000000001        2.3102332281707896     
   34.000000000000000        3.9764534044130757     
   34.399999999999999        2.8660995335382142     
   34.800000000000004       0.88723243846911659     
   35.200000000000003        1.1283880559560358     
   35.600000000000001        3.5880633964727053     
   36.000000000000000        5.1746714552381325     
   36.399999999999999        3.9770409604298846     
   36.800000000000004        1.9037891775819291     
   37.200000000000003        2.0440564822910314     
   37.600000000000001        4.3969874878525070     
   38.000000000000000        5.8716786879493679     
   38.400000000000006        4.5576728668187378     
   38.800000000000004        2.3643298649973010     
   39.200000000000003        2.3815589310005558     
   39.600000000000001        4.6092939648822799     
   40.000000000000000        5.9574329862978725     
   40.400000000000006        4.5163264516483501     
   40.800000000000004        2.1961453823489911     
   41.200000000000003        2.0876110566385617     
   41.600000000000001        4.1914640930083804     
   42.000000000000000        5.4183956321374129     
   42.400000000000006        3.8595296147739506     
   42.800000000000004        1.4257884912114676     
   43.200000000000003        1.2086206354385756     
   43.600000000000001        3.2094638117273306     
   44.000000000000000        4.3396687713303050     
   44.400000000000006        2.6909763451099495     
   44.800000000000004       0.17488173588917477     
   45.200000000000003      -0.11663920213873369     
   45.600000000000001        1.8183291631987784     
   46.000000000000000        2.8915596561422308     
   46.400000000000006        1.1951557198050820     
   46.800000000000004       -1.3590840820916517     
   47.200000000000003       -1.6789391973611627     
   47.600000000000001       0.23768951012187750     
   48.000000000000000        1.3026928748263324     
   48.400000000000006      -0.39177486449287058     
   48.800000000000004       -2.9339293591151749     
   49.200000000000003       -3.2316266626445724     
   49.600000000000001       -1.2829071114232165     
   50.000000000000000      -0.17608444386318878     
   50.400000000000006       -1.8192737519374740     
   50.800000000000004       -4.3010205238403731     
   51.200000000000003       -4.5295665175217064     
   51.600000000000001       -2.5033921398087386     
   52.000000000000000       -1.3113058766732704     
   52.400000000000006       -2.8619700460304154     
   52.800000000000004       -5.2445238111593842     
   53.200000000000003       -5.3678427278164040     
   53.600000000000001       -3.2310780351114428     
   54.000000000000000       -1.9237449206225461     
   54.400000000000006       -3.3552447187220142     
   54.800000000000004       -5.6154806679539657     
   55.200000000000003       -5.6141100417450875     
   55.600000000000001       -3.3510794048517067     
   56.000000000000000       -1.9167109169887500     
   56.400000000000006       -3.2212203352961302     
   56.800000000000004       -5.3553250333313427     
   57.200000000000003       -5.2294883951652054     
   57.600000000000001       -2.8444508813654190     
   58.000000000000000       -1.2913143802861944     
   58.400000000000006       -2.4810561889423530     
   58.800000000000004       -4.5051296318882841     
   59.200000000000003       -4.2747012188082865     
   59.600000000000001       -1.7911781787872805     
   60.000000000000000      -0.14629167244196162     
   60.400000000000006       -1.2516077136120294     
   60.800000000000004       -3.1991214936045842     
   61.200000000000003       -2.9004885437545678     
   61.600000000000001      -0.35755010751528438     
   62.000000000000000        1.3375832977367030     
   62.400000000000006       0.27302241958469681     
   62.800000000000004       -1.6434904571939650     
   63.200000000000003       -1.3238084649981099     
   63.600000000000001        1.2300947725918276     
   64.000000000000000        2.9260392999052813     
   64.400000000000006        1.8521288462165248     
   64.799999999999997       -8.3836328274544236E-002
   65.200000000000003       0.20641577127695188     
   65.600000000000009        2.7211020340824543     
   66.000000000000000        4.3682940582962289     
   66.400000000000006        3.2364055929437536     
   66.799999999999997        1.2336059296883415     
   67.200000000000003        1.4485952749430662     
   67.600000000000009        3.8800742046165762     
   68.000000000000000        5.4366472588605461     
   68.400000000000006        4.2073060089674623     
   68.799999999999997        2.1008412818974973     
   69.200000000000003        2.2066170856225229     
   69.600000000000009        4.5240348519260660     
   70.000000000000000        5.9624294221802909     
   70.400000000000006        4.6115464767856027     
   70.799999999999997        2.3809524648223146     
   71.200000000000003        2.3608060969981848     
   71.600000000000009        4.5513165391837891     
   72.000000000000000        5.8626311055631906     
   72.400000000000006        4.3853065249955367     
   72.799999999999997        2.0297162115726923     
   73.200000000000003        1.8868191246840356     
   73.600000000000009        3.9576118778141982     
   74.000000000000000        5.1530082688316385     
   74.400000000000006        3.5643046774436082     
   74.799999999999997        1.1025851333595267     
   75.200000000000003       0.85948815978164439     
   75.600000000000009        2.8366535694385355     
   76.000000000000000        3.9455947547088810     
   76.400000000000006        2.2781592836889235     
   76.800000000000011      -0.25406702852302243     
   77.200000000000003      -0.55899395710850852     
   77.600000000000009        1.3654160732840235     
   78.000000000000000        2.4310146084537942     
   78.400000000000006       0.72992463165696053     
   78.800000000000011       -1.8260545979817027     
   79.200000000000003       -2.1446802191207373     
   79.600000000000009      -0.22382476961267783     
   80.000000000000000       0.84838673255712194     
