   4.0000000000000001E-002   2.1519470131978409     
   8.0000000000000002E-002   1.8663308658976010     
  0.12000000000000000        1.3076617819437248     
  0.16000000000000000       0.70611468485326245     
  0.20000000000000001       0.29966808344960794     
  0.23999999999999999       0.27434046991379191     
  0.28000000000000003       0.71731784926300790     
  0.32000000000000001        1.5945765565433692     
  0.35999999999999999        2.7585452566564199     
  0.40000000000000002        3.9839181940422894     
  0.44000000000000000        5.0227669057429862     
  0.47999999999999998        5.6653227496121996     
  0.52000000000000002        5.7913989734827709     
  0.56000000000000005        5.3997359066909851     
  0.59999999999999998        4.6080135360748766     
  0.64000000000000001        3.6235313433182541     
  0.68000000000000005        2.6918108958718996     
  0.71999999999999997        2.0358373663652993     
  0.76000000000000001        1.8009710147392086     
  0.80000000000000004        2.0191560474221486     
  0.83999999999999997        2.6012794150341598     
  0.88000000000000000        3.3595672685788891     
  0.92000000000000004        4.0544749819321382     
  0.95999999999999996        4.4544664057449967     
   1.0000000000000000        4.3938885764157041     
   1.0400000000000000        3.8146184969663048     
   1.0800000000000001        2.7811724731446414     
   1.1200000000000001        1.4655328579198024     
   1.1599999999999999       0.10543799965468958     
   1.2000000000000000       -1.0535544498141634     
   1.2400000000000000       -1.8179068615888458     
   1.2800000000000000       -2.0930492159381249     
   1.3200000000000001       -1.9058300447443082     
   1.3600000000000001       -1.3969261029665374     
   1.4000000000000001      -0.78509799079580889     
   1.4399999999999999      -0.31214382892224179     
   1.4800000000000000      -0.18217798396162044     
   1.5200000000000000      -0.51026550588640762     
   1.5600000000000001       -1.2931281287590271     
   1.6000000000000001       -2.4091770567251736     
   1.6400000000000001       -3.6478722000996151     
   1.6799999999999999       -4.7611519744754158     
   1.7200000000000000       -5.5242171616047973     
   1.7600000000000000       -5.7906375439123696     
   1.8000000000000000       -5.5281537194541430     
   1.8400000000000001       -4.8263214332750799     
   1.8800000000000001       -3.8741106789537234     
   1.9199999999999999       -2.9130037116103384     
   1.9600000000000000       -2.1771964300272861     
   2.0000000000000000       -1.8356970986530430     
   2.0400000000000000       -1.9506460565607753     
   2.0800000000000001       -2.4621662611794535     
   2.1200000000000001       -3.2034902096016133     
   2.1600000000000001       -3.9426179002449930     
   2.2000000000000002       -4.4401961954214340     
   2.2400000000000002       -4.5092961504667075     
   2.2800000000000002       -4.0622945551581733     
   2.3199999999999998       -3.1332554469427873     
   2.3599999999999999       -1.8702676671858220     
   2.3999999999999999      -0.49962640768113797     
   2.4399999999999999       0.72928840592852529     
   2.4800000000000000        1.6048091423311890     
   2.5200000000000000        2.0044214858920979     
   2.5600000000000001        1.9241328486183833     
   2.6000000000000001        1.4785122117056058     
   2.6400000000000001       0.87140101121737623     
   2.6800000000000002       0.34455025876238721     
   2.7200000000000002       0.11689973248818397     
   2.7600000000000002       0.32952989685488143     
   2.8000000000000003        1.0099135571684257     
   2.8399999999999999        2.0643193745824902     
   2.8799999999999999        3.3002545047014231     
   2.9199999999999999        4.4734017967549207     
   2.9600000000000000        5.3474467406459913     
   3.0000000000000000        5.7519999070978551     
   3.0400000000000000        5.6242910239455952     
   3.0800000000000001        5.0243247067008667     
   3.1200000000000001        4.1197522427902076     
   3.1600000000000001        3.1442047845183501     
   3.2000000000000002        2.3393976822676326     
   3.2400000000000002        1.8953295567477464     
   3.2800000000000002        1.9033700994118712     
   3.3200000000000003        2.3338411446211436     
   3.3599999999999999        3.0436353114826291     
   3.3999999999999999        3.8119847007603438     
   3.4399999999999999        4.3955272932729219     
   3.4800000000000000        4.5890438478584921     
   3.5200000000000000        4.2768344815917398     
   3.5600000000000001        3.4620189762873137     
   3.6000000000000001        2.2665055351690993     
   3.6400000000000001       0.90162831956715617     
   3.6800000000000002      -0.38329030618580429     
   3.7200000000000002       -1.3617362354970470     
   3.7600000000000002       -1.8851273712278591     
   3.8000000000000003       -1.9186369084667514     
   3.8399999999999999       -1.5488632779926135     
   3.8799999999999999      -0.96145875833684036     
   3.9199999999999999      -0.39426061225954268     
   3.9600000000000000       -7.7528880772579356E-002
   4.0000000000000000      -0.17608444355943553     
   4.0400000000000000      -0.74767059668260094     
   4.0800000000000001       -1.7278475696897291     
   4.1200000000000001       -2.9451650757647667     
   4.1600000000000001       -4.1628670920029425     
   4.2000000000000002       -5.1368187551984086     
   4.2400000000000002       -5.6753314607387564     
   4.2800000000000002       -5.6860919349273384     
   4.3200000000000003       -5.1985905717861227     
   4.3600000000000003       -4.3565046471015538     
   4.4000000000000004       -3.3819239107846752     
   4.4400000000000004       -2.5202709722800924     
   4.4800000000000004       -1.9795438151471578     
   4.5200000000000005       -1.8789114635139088     
   4.5600000000000005       -2.2193790309637373     
   4.6000000000000005       -2.8837777697039977     
   4.6399999999999997       -3.6660801966991419     
   4.6799999999999997       -4.3227848371455364     
   4.7199999999999998       -4.6336545260925979     
   4.7599999999999998       -4.4567774343325599     
   4.7999999999999998       -3.7643236875338366     
   4.8399999999999999       -2.6501453784186779     
   4.8799999999999999       -1.3073326836382837     
   4.9199999999999999        1.8729329792343874E-002
   4.9600000000000000        1.0901983294644761     
   5.0000000000000000        1.7347124105921401     
   5.0400000000000000        1.8871038508425375     
   5.0800000000000001        1.6045787558556530     
   5.1200000000000001        1.0516167656934650     
   5.1600000000000001       0.45833590807095870     
   5.2000000000000002        6.2632020909198616E-002
   5.2400000000000002        5.0415995547288039E-002
   5.2800000000000002       0.50874244644317912     
   5.3200000000000003        1.4034339361502823     
   5.3600000000000003        2.5867446129282308     
   5.4000000000000004        3.8331752867762754     
   5.4400000000000004        4.8945871187210681     
   5.4800000000000004        5.5609862446200715     
   5.5200000000000005        5.7119480399403866     
   5.5600000000000005        5.3459645985138780     
   5.6000000000000005        4.5804596866767859     
   5.6399999999999997        3.6224710511733420     
   5.6799999999999997        2.7172555705135735     
   5.7199999999999998        2.0875334126557696     
   5.7599999999999998        1.8784022084698069     
   5.7999999999999998        2.1215486176542502     
   5.8399999999999999        2.7276098011022714     
   5.8799999999999999        3.5085724678828405     
   5.9199999999999999        4.2246653552640705     
   5.9600000000000000        4.6441407662344112     
   6.0000000000000000        4.6011513606240655     
   6.0400000000000000        4.0373988036667940     
   6.0800000000000001        3.0172447550824080     
   6.1200000000000001        1.7125390598075021     
   6.1600000000000001       0.36091094568361415     
   6.2000000000000002      -0.79216660973161723     
   6.2400000000000002       -1.5532153403988889     
   6.2800000000000002       -1.8276986197808878     
   6.3200000000000003       -1.6424719746626688     
   6.3600000000000003       -1.1381925853837949     
   6.4000000000000004      -0.53357502093887887     
   6.4400000000000004       -7.0345330681925944E-002
   6.4800000000000004        4.7479503720217364E-002
   6.5200000000000005      -0.29504389691386623     
   6.5600000000000005       -1.0944926152189973     
   6.6000000000000005       -2.2291117707316861     
   6.6400000000000006       -3.4881755049495267     
   6.6799999999999997       -4.6234186913131747     
   6.7199999999999998       -5.4098228362270637     
   6.7599999999999998       -5.7007248610074219     
   6.7999999999999998       -5.4636211608748964     
   6.8399999999999999       -4.7878142749656876     
   6.8799999999999999       -3.8620144228532101     
   6.9199999999999999       -2.9274400480221248     
   6.9600000000000000       -2.2180218167674459     
   7.0000000000000000       -1.9025040218786222     
   7.0400000000000000       -2.0427670035770218     
   7.0800000000000001       -2.5786803900063471     
   7.1200000000000001       -3.3432326486595421     
   7.1600000000000001       -4.1041915607644261     
   7.2000000000000002       -4.6219859356547488     
   7.2400000000000002       -4.7094850994728601     
   7.2800000000000002       -4.2788823870884505     
   7.3200000000000003       -3.3640783933745277     
   7.3600000000000003       -2.1130200611800394     
   7.4000000000000004      -0.75188356300555248     
   7.4400000000000004       0.47004616986647818     
   7.4800000000000004        1.3411715199849503     
   7.5200000000000005        1.7390224507888283     
   7.5600000000000005        1.6596243866387155     
   7.6000000000000005        1.2175377722440421     
   7.6400000000000006       0.61656895412557589     
   7.6799999999999997        9.8407597163235661E-002
   7.7199999999999998      -0.11809351786760502     
   7.7599999999999998       0.10803433821843633     
   7.7999999999999998       0.80412869660974629     
   7.8399999999999999        1.8763008584541634     
   7.8799999999999999        3.1318802007238231     
   7.9199999999999999        4.3263532168053249     
   7.9600000000000000        5.2231924446101203     
   8.0000000000000000        5.6517810029026840     
