   4.0000000000000001E-002   2.9886813573679198     
   8.0000000000000002E-002   3.4227946084684602     
  0.12000000000000000        3.3616489944611398     
  0.16000000000000000        2.9526674240234723     
  0.20000000000000001        2.3819659290327921     
  0.23999999999999999        1.8199965766779602     
  0.28000000000000003        1.3765149339317286     
  0.32000000000000001        1.0762929757903175     
  0.35999999999999999       0.86130529632785624     
  0.40000000000000002       0.61803390511958345     
  0.44000000000000000       0.22186912216384025     
  0.47999999999999998      -0.41397494291385617     
  0.52000000000000002       -1.2989020128920381     
  0.56000000000000005       -2.3462892297281401     
  0.59999999999999998       -3.3819664103413065     
  0.64000000000000001       -4.1789889611315454     
  0.68000000000000005       -4.5109159740141473     
  0.71999999999999997       -4.2106936570864395     
  0.76000000000000001       -3.2202966816157872     
  0.80000000000000004       -1.6180329604983383     
  0.83999999999999997       0.38451062434807248     
  0.88000000000000000        2.4767232848637071     
  0.92000000000000004        4.3077225834745336     
  0.95999999999999996        5.5568400080661213     
   1.0000000000000000        5.9999999999997824     
   1.0400000000000000        5.5568387939036672     
   1.0800000000000001        4.3077203747421571     
   1.1200000000000001        2.4767204743290407     
   1.1599999999999999       0.38450769582805644     
   1.2000000000000000       -1.6180355311269921     
   1.2400000000000000       -3.2202985198074092     
   1.2800000000000000       -4.2106945566969936     
   1.3200000000000001       -4.5109159239638030     
   1.3600000000000001       -4.1789881274453533     
   1.4000000000000001       -3.3819650800371406     
   1.4399999999999999       -2.3462877319054636     
   1.4800000000000000       -1.2989006373171192     
   1.5200000000000000      -0.41397387624227089     
   1.5600000000000001       0.22186982752362328     
   1.6000000000000001       0.61803432327101926     
   1.6400000000000001       0.86130558521942058     
   1.6799999999999999        1.0762933125541188     
   1.7200000000000000        1.3765154467287015     
   1.7600000000000000        1.8199972922922221     
   1.8000000000000000        2.3819667512059359     
   1.8400000000000001        2.9526681493607905     
   1.8800000000000001        3.3616493627487611     
   1.9199999999999999        3.4227943749536278     
   1.9600000000000000        2.9886803683472301     
   2.0000000000000000        1.9999982515439108     
   2.0400000000000000       0.51654299911279389     
   2.0800000000000001       -1.2794901185799965     
   2.1200000000000001       -3.1104895075848535     
   2.1600000000000001       -4.6557865987279285     
   2.2000000000000002       -5.6180348931394040     
   2.2400000000000002       -5.7884550590187889     
   2.2800000000000002       -5.0956191906702903     
   2.3199999999999998       -3.6259860976022065     
   2.3599999999999999       -1.6108270231659916     
   2.3999999999999999       0.61803768326128561     
   2.4399999999999999        2.6940084292302346     
   2.4800000000000000        4.2883095167882868     
   2.5200000000000000        5.1732351563766823     
   2.5600000000000001        5.2621627859836204     
   2.6000000000000001        4.6180322593536980     
   2.6400000000000001        3.4294609091445500     
   2.6800000000000002        1.9612171766552311     
   2.7200000000000002       0.49158541334202499     
   2.7600000000000002      -0.74816347797289451     
   2.8000000000000003       -1.6180352855445876     
   2.8399999999999999       -2.0876271247102958     
   2.8799999999999999       -2.2255599967882382     
   2.9199999999999999       -2.1644141637244347     
   2.9600000000000000       -2.0516125074280263     
   3.0000000000000000       -2.0000000000002407     
   3.0400000000000000       -2.0516129081003331     
   3.0800000000000001       -2.1644146236229105     
   3.1200000000000001       -2.2255599412102991     
   3.1600000000000001       -2.0876259329896882     
   3.2000000000000002       -1.6180325066969343     
   3.2400000000000002      -0.74815901526736828     
   3.2800000000000002       0.49159120169176362     
   3.3200000000000003        1.9612234931041672     
   3.3599999999999999        3.4294666520172861     
   3.3999999999999999        4.6180362502652788     
   3.4399999999999999        5.2621640376357171     
   3.4800000000000000        5.1732331168020487     
   3.5200000000000000        4.2883042296205716     
   3.5600000000000001        2.6940005680286268     
   3.6000000000000001       0.61802844698199266     
   3.6400000000000001       -1.6108361337714181     
   3.6800000000000002       -3.6259935744916616     
   3.7200000000000002       -5.0956238185765477     
   3.7600000000000002       -5.7884561539893138     
   3.8000000000000003       -5.6180324266181350     
   3.8399999999999999       -4.6557811808991802     
   3.8799999999999999       -3.1104822364218498     
   3.9199999999999999       -1.2794823319414816     
   3.9600000000000000       0.51655000933196127     
   4.0000000000000000        2.0000034969092435     
   4.0400000000000000        2.9886833354060212     
   4.0800000000000001        3.4227950754951983     
   4.1200000000000001        3.3616482578838580     
   4.1600000000000001        2.9526659733479019     
   4.2000000000000002        2.3819642846865863     
   4.2400000000000002        1.8199951454501655     
   4.2800000000000002        1.3765139083386586     
   4.3200000000000003        1.0762923022632525     
   4.3600000000000003       0.86130471854458390     
   4.4000000000000004       0.61803306881581843     
   4.4400000000000004       0.22186771144285200     
   4.4800000000000004      -0.41397707625851510     
   4.5200000000000005       -1.2989047640428806     
   4.5600000000000005       -2.3462922253734586     
   4.6000000000000005       -3.3819690709482657     
   4.6399999999999997       -4.1789906285011771     
   4.6799999999999997       -4.5109160741110870     
   4.7199999999999998       -4.2106918578612502     
   4.7599999999999998       -3.2202930052289229     
   4.7999999999999998       -1.6180278192386566     
   4.8399999999999999       0.38451648138864847     
   4.8799999999999999        2.4767289059315050     
   4.9199999999999999        4.3077270009358504     
   4.9600000000000000        5.5568424363862787     
   5.0000000000000000        5.9999999999945546     
   5.0400000000000000        5.5568363655740116     
   5.0800000000000001        4.3077159572739827     
   5.1200000000000001        2.4767148532581764     
   5.1600000000000001       0.38450183878855315     
   5.2000000000000002       -1.6180406723819252     
   5.2400000000000002       -3.2203021961870331     
   5.2800000000000002       -4.2106963559140231     
   5.3200000000000003       -4.5109158238593956     
   5.3600000000000003       -4.1789864600702522     
   5.4000000000000004       -3.3819624194274227     
   5.4400000000000004       -2.3462847362600598     
   5.4800000000000004       -1.2988978861682681     
   5.5200000000000005      -0.41397174290057825     
   5.5600000000000005       0.22187123824177757     
   5.6000000000000005       0.61803515957301258     
   5.6399999999999997       0.86130616300238128     
   5.6799999999999997        1.0762939860822436     
   5.7199999999999998        1.3765164723235255     
   5.7599999999999998        1.8199987235214785     
   5.7999999999999998        2.3819683955523043     
   5.8399999999999999        2.9526696000344868     
   5.8799999999999999        3.3616500993219578     
   5.9199999999999999        3.4227939079210588     
   5.9600000000000000        2.9886783903025744     
   6.0000000000000000        1.9999947546287975     
   6.0400000000000000       0.51653832563024937     
   6.0800000000000001       -1.2794953096727026     
   6.1200000000000001       -3.1104943550240742     
   6.1600000000000001       -4.6557902106080444     
   6.2000000000000002       -5.6180365374791315     
   6.2400000000000002       -5.7884543290299524     
   6.2800000000000002       -5.0956161053918256     
   6.3200000000000003       -3.6259811130038617     
   6.3600000000000003       -1.6108209494269408     
   6.4000000000000004       0.61804384077930252     
   6.4400000000000004        2.6940136700265720     
   6.4800000000000004        4.2883130415597828     
   6.5200000000000005        5.1732365160852885     
   6.5600000000000005        5.2621619515416977     
   6.6000000000000005        4.6180295987406446     
   6.6400000000000006        3.4294570805599855     
   6.6799999999999997        1.9612129656893240     
   6.7199999999999998       0.49158155444452256     
   6.7599999999999998      -0.74816645310621865     
   6.7999999999999998       -1.6180371381057090     
   6.8399999999999999       -2.0876279191874372     
   6.8799999999999999       -2.2255600338382728     
   6.9199999999999999       -2.1644138571249685     
   6.9600000000000000       -2.0516122403138066     
   7.0000000000000000       -2.0000000000013110     
   7.0400000000000000       -2.0516131752158566     
   7.0800000000000001       -2.1644149302214117     
   7.1200000000000001       -2.2255599041564147     
   7.1600000000000001       -2.0876251385060192     
   7.2000000000000002       -1.6180306541278842     
   7.2400000000000002      -0.74815604012668513     
   7.2800000000000002       0.49159506059387414     
   7.3200000000000003        1.9612277040701296     
   7.3600000000000003        3.4294704805964065     
   7.4000000000000004        4.6180389108676660     
   7.4400000000000004        5.2621648720632681     
   7.4800000000000004        5.1732317570778008     
   7.5200000000000005        4.2883007048350850     
   7.5600000000000005        2.6939953272227846     
   7.6000000000000005       0.61802228946092419     
   7.6400000000000006       -1.6108422075063082     
   7.6799999999999997       -3.6259985590792567     
   7.7199999999999998       -5.0956269038397268     
   7.7599999999999998       -5.7884568839611710     
   7.7999999999999998       -5.6180307822628457     
   7.8399999999999999       -4.6557775690076308     
   7.8799999999999999       -3.1104773889770816     
   7.9199999999999999       -1.2794771408495011     
   7.9600000000000000       0.51655468280829808     
   8.0000000000000000        2.0000069938145741     
   8.0400000000000009        2.9886853134397589     
   8.0800000000000001        3.4227955425180574     
   8.1200000000000010        3.3616475213038570     
   8.1600000000000001        2.9526645226710961     
   8.1999999999999993        2.3819626403405056     
   8.2400000000000002        1.8199937142233489     
   8.2799999999999994        1.3765128827467474     
   8.3200000000000003        1.0762916287368762     
   8.3599999999999994       0.86130414076106698     
   8.4000000000000004       0.61803223251081707     
   8.4399999999999995       0.22186630071994040     
   8.4800000000000004      -0.41397920960517109     
   8.5199999999999996       -1.2989075151949965     
   8.5600000000000005       -2.3462952210187016     
   8.5999999999999996       -3.3819717315533504     
   8.6400000000000006       -4.1789922958672046     
   8.6799999999999997       -4.5109161742030697     
   8.7200000000000006       -4.2106900586306324     
   8.7599999999999998       -3.2202893288372292     
   8.8000000000000007       -1.6180226779757925     
   8.8399999999999999       0.38452233842994898     
   8.8800000000000008        2.4767345269972703     
   8.9199999999999999        4.3077314183926108     
   8.9600000000000009        5.5568448647001105     
   9.0000000000000000        5.9999999999823572     
   9.0400000000000009        5.5568339372379842     
   9.0800000000000001        4.3077115398012502     
   9.1200000000000010        2.4767092321852298     
   9.1600000000000001       0.38449598174977750     
   9.2000000000000011       -1.6180458136337661     
   9.2400000000000002       -3.2203058725618305     
   9.2799999999999994       -4.2106981551256331     
   9.3200000000000003       -4.5109157237500268     
   9.3599999999999994       -4.1789847926915389     
   9.4000000000000004       -3.3819597588158574     
   9.4399999999999995       -2.3462817406146348     
   9.4800000000000004       -1.2988951350207372     
   9.5199999999999996      -0.41396960956091422     
   9.5600000000000005       0.22187264895797520     
   9.5999999999999996       0.61803599587373981     
   9.6400000000000006       0.86130674078510205     
   9.6799999999999997        1.0762946596110607     
   9.7200000000000006        1.3765174979194985     
   9.7599999999999998        1.8200001547517088     
   9.8000000000000007        2.3819700398987984     
   9.8399999999999999        2.9526710507069480     
   9.8800000000000008        3.3616508358924735     
   9.9199999999999999        3.4227934408845835     
   9.9600000000000009        2.9886764122535556     
   10.000000000000000        1.9999912577097712     
   10.040000000000001       0.51653365214514912     
   10.080000000000000       -1.2795005007657203     
   10.120000000000001       -3.1104992024610931     
   10.160000000000000       -4.6557938224835862     
   10.200000000000001       -5.6180381818126399     
   10.240000000000000       -5.7884535990343311     
   10.279999999999999       -5.0956130201072556     
   10.320000000000000       -3.6259761284012364     
   10.359999999999999       -1.6108148756862468     
   10.400000000000000       0.61804999829611040     
   10.440000000000000        2.6940189108190582     
   10.480000000000000        4.2883165663256815     
   10.520000000000000        5.1732378757876010     
   10.560000000000000        5.2621611170939788     
   10.600000000000000        4.6180269381233252     
   10.640000000000001        3.4294532519732783     
   10.680000000000000        1.9612087547234265     
   10.720000000000001       0.49157769554884023     
   10.760000000000000      -0.74816942823662202     
   10.800000000000001       -1.6180389906636787     
   10.840000000000000       -2.0876287136619420     
   10.880000000000001       -2.2255600708866856     
   10.920000000000000       -2.1644135505251372     
   10.960000000000001       -2.0516119732000950     
   11.000000000000000       -2.0000000000032365     
   11.040000000000001       -2.0516134423318979     
   11.080000000000000       -2.1644152368195488     
   11.120000000000001       -2.2255598671009187     
   11.160000000000000       -2.0876243440197140     
   11.200000000000001       -1.6180288015556117     
   11.240000000000000      -0.74815306498306988     
   11.279999999999999       0.49159891949782120     
   11.320000000000000        1.9612319150361215     
   11.359999999999999        3.4294743091733104     
   11.400000000000000        4.6180415714657874     
   11.440000000000000        5.2621657064849998     
   11.480000000000000        5.1732303973472789     
   11.520000000000000        4.2882971800440606     
   11.560000000000000        2.6939900864131796     
   11.600000000000000       0.61801613193870331     
   11.640000000000001       -1.6108482812394520     
   11.680000000000000       -3.6260035436625717     
   11.720000000000001       -5.0956299890968157     
   11.760000000000000       -5.7884576139262451     
   11.800000000000001       -5.6180291379013338     
   11.840000000000000       -4.6557739571114825     
   11.880000000000001       -3.1104725415300147     
   11.920000000000000       -1.2794719497578328     
   11.960000000000001       0.51655935628216465     
   12.000000000000000        2.0000104907159915     
   12.040000000000001        2.9886872914691365     
   12.080000000000000        3.4227960095370107     
   12.120000000000001        3.3616467847211506     
   12.160000000000000        2.9526630719930744     
   12.200000000000001        2.3819609959945005     
   12.240000000000000        1.8199922829975013     
   12.280000000000001        1.3765118571559940     
   12.320000000000000        1.0762909552111977     
   12.359999999999999       0.86130356297736654     
   12.400000000000000       0.61803139620462000     
   12.440000000000000       0.22186488999511100     
   12.480000000000000      -0.41398134295382749     
   12.520000000000000       -1.2989102663484604     
   12.560000000000000       -2.3462982166639179     
   12.600000000000000       -3.3819743921566006     
   12.640000000000001       -4.1789939632295630     
   12.680000000000000       -4.5109162742900848     
   12.720000000000001       -4.2106882593945745     
   12.760000000000000       -3.2202856524407140     
   12.800000000000001       -1.6180175367097958     
   12.840000000000000       0.38452819547199679     
   12.880000000000001        2.4767401480610065     
   12.920000000000000        4.3077358358447899     
   12.960000000000001        5.5568472930075918     
   13.000000000000000        5.9999999999631886     
   13.040000000000001        5.5568315088956517     
   13.080000000000000        4.3077071223239365     
   13.120000000000001        2.4767036111102869     
   13.160000000000000       0.38449012471174893     
   13.200000000000001       -1.6180509548823512     
   13.240000000000000       -3.2203095489318048     
   13.280000000000001       -4.2106999543318224     
   13.320000000000000       -4.5109156236356895     
   13.359999999999999       -4.1789831253091574     
   13.400000000000000       -3.3819570982024434     
   13.440000000000000       -2.3462787449691551     
   13.480000000000000       -1.2988923838745303     
   13.520000000000000      -0.41396747622323438     
   13.560000000000000       0.22187405967227258     
   13.600000000000000       0.61803683217328620     
   13.640000000000001       0.86130731856763953     
   13.680000000000000        1.0762953331405747     
   13.720000000000001        1.3765185235166471     
   13.760000000000000        1.8200015859829104     
   13.800000000000001        2.3819716842453680     
   13.840000000000000        2.9526725013781938     
   13.880000000000001        3.3616515724602705     
   13.920000000000000        3.4227929738442153     
   13.960000000000001        2.9886744342001492     
   14.000000000000000        1.9999877607868317     
   14.040000000000001       0.51652897865763259     
   14.080000000000000       -1.2795056918590382     
   14.120000000000001       -3.1105040498958516     
   14.160000000000000       -4.6557974343545281     
   14.200000000000001       -5.6180398261399258     
   14.240000000000000       -5.7884528690319161     
   14.280000000000001       -5.0956099348165100     
   14.320000000000000       -3.6259711437943203     
   14.359999999999999       -1.6108088019438473     
   14.400000000000000       0.61805615581170903     
   14.440000000000000        2.6940241516077856     
   14.480000000000000        4.2883200910859998     
   14.520000000000000        5.1732392354836678     
   14.560000000000000        5.2621602826405276     
   14.600000000000000        4.6180242775017390     
   14.640000000000001        3.4294494233843880     
   14.680000000000000        1.9612045437575507     
   14.720000000000001       0.49157383665500998     
   14.760000000000000      -0.74817240336408464     
   14.800000000000001       -1.6180408432184830     
   14.840000000000000       -2.0876295081338623     
   14.880000000000001       -2.2255601079336036     
   14.920000000000000       -2.1644132439249297     
   14.960000000000001       -2.0516117060869190     
   15.000000000000000       -2.0000000000060183     
   15.040000000000001       -2.0516137094484646     
   15.080000000000000       -2.1644155434173085     
   15.120000000000001       -2.2255598300439181     
   15.160000000000000       -2.0876235495308242     
   15.200000000000001       -1.6180269489802301     
   15.240000000000000      -0.74815008983651343     
   15.280000000000001       0.49160277840368716     
   15.320000000000000        1.9612361260021347     
   15.359999999999999        3.4294781377480681     
   15.400000000000000        4.6180442320596420     
   15.440000000000000        5.2621665409010108     
   15.480000000000000        5.1732290376105006     
   15.520000000000000        4.2882936552474265     
   15.560000000000000        2.6939848455997697     
   15.600000000000000       0.61800997441524474     
   15.640000000000001       -1.6108543549709451     
   15.680000000000000       -3.6260085282415950     
   15.720000000000001       -5.0956330743477816     
   15.760000000000000       -5.7884583438845265     
   15.800000000000001       -5.6180274935335994     
   15.840000000000000       -4.6557703452107857     
   15.880000000000001       -3.1104676940807776     
   15.920000000000000       -1.2794667586664639     
   15.960000000000001       0.51656402975353277     
   16.000000000000000        2.0000139876134959     
