  -14.065056750710475       0.12484401118606359        3.0995991014695190E-007
  -14.070574904742243       0.12697517406879955        4.1996404439766750E-004
  -14.068684228803720       0.26387495519823856        3.5178367614646933E-003
  -14.082890875294442       0.75257180107739363        1.7124147254554557E-002
  -14.075117681695042       0.29564428830865197        7.2376381235776235E-002
  -14.093290204607607       0.84883745372018049        7.3782475169631628E-002
  -14.080640360186287       0.90282156315846263        7.6445994090747510E-002
  -14.090843613349039       0.89509484584502619        7.4829213854302648E-002
  -14.111757294585686       0.92406382879839666        3.5206778490097533E-002
  -14.108345564937656       0.81196480961353290        4.5872325022223256E-002
  -14.125097425212282       0.83393705104480409        6.6576046331597666E-002
  -14.120889307163738       0.91016230805573117        7.1409685132651071E-002
  -14.093086302622108       0.70407791312039980        9.2344622488908373E-002
  -14.077573350933624       0.57127941123385562       0.12182808639421702     
  -14.119353419654132       0.82100578329597051       0.16806431159719570     
  -14.085975234637221       0.53953031486601111       0.19751327416274034     
  -14.092667477631068       0.70386966624940572       0.18165714598062019     
  -14.107207427497793       0.82817150653388960       0.15353392126401824     
  -14.118414956367776       0.95756074831351157       0.11905446725707676     
  -14.089654582053667       0.89398381498836910        7.2223630023146537E-002
  -14.091027778896592       0.75777159541553685        5.6572924506087210E-002
  -14.100366072632033       0.69252231957883492        5.8992946979770630E-002
  -14.103515270229286       0.81472988187638873        3.7285437349776157E-002
  -14.104313979718265       0.64020049727393247        6.7417942882371101E-002
  -14.096855857659992       0.60556750725414799        6.4595223833217350E-002
  -14.099228255468830       0.47571955955612188        7.1540435818583853E-002
  -14.094234626064459       0.48290815158582689        7.4807659754872829E-002
  -14.077764294971685       0.50971689059882219        5.8891609065913231E-002
  -14.091719675617059       0.53151805641336602        6.0130447084407866E-002
  -14.107132715486856       0.78439460599058175        6.0852209567539929E-002
  -14.108149793734775       0.84592380784518184        3.4291708565242232E-002
  -14.093701905903909       0.87155299987528911        6.0313646870319780E-002
  -14.121582417717086       0.89177962563659707        9.0925906339953483E-002
  -14.109716785743547       0.76754237685284421        5.7391095961700875E-002
  -14.082892481545141       0.72683805580242589        5.7326597809461380E-002
  -14.098624637447632       0.69331315404663418        7.3237206862614521E-002
  -14.100547628847311       0.78418423332823528        6.6443309685637650E-002
  -14.113360052178432       0.87252891163240909        3.2682223172075635E-002
  -14.094701027598104       0.92862099738436432        1.0691191541773313E-002
  -14.126930381648897       0.76601992251813633        7.5772028020469256E-002
  -14.099741743426843       0.69567837446806835        8.3748856758690343E-002
  -14.086578873725179       0.66659325305684780        6.8343329756330146E-002
  -14.067817696221438       0.39915629639212058        3.1430028939189704E-002
  -14.085273971693962       0.56239512215171139        7.6988388260436523E-003
  -14.096958511820869       0.53083720754336250        1.9824748599498367E-003
  -14.071703199123565       0.39911856513324523        2.7935515810881733E-003
  -14.082356919911964       0.59025024898412271        3.6594183370542320E-003
  -14.057941723300829       0.52083131404212524        7.2302402983437011E-003
  -14.058250144571549       0.44908229999908600        8.7239621126031335E-003
  -14.076880171270288       0.54259465490212710        2.1203705101371807E-002
  -14.108869281051856       0.97208723704345412        4.5711904798134431E-002
  -14.097787737719679       0.69439145327945162        4.8984524507127106E-002
  -14.098804729512937       0.64698669721887681        3.4393049492554589E-002
  -14.105168863386558       0.73396931537057142        2.2717075823662926E-002
  -14.111808635705355        1.0003349066491003        2.7440933810894203E-002
  -14.099010604401496       0.69187308464463149        2.0765920461327147E-002
  -14.125529897451287        1.0785938009842180        9.4489881886451656E-003
  -14.114867189895515       0.59828253752553218        5.7938604799499804E-003
  -14.121317119908927       0.84242062111243787        4.7537809609114676E-003
  -14.085038342462779       0.65793760961981096        7.6791574333335694E-003
  -14.100354820473944       0.86912280946048381        1.6298280902205305E-002
  -14.096525866255618       0.71786833081463408        4.9504111272181399E-002
  -14.121974060820389       0.75931198752040263        4.9299891159890030E-002
  -14.087084736676456       0.70317608996216729        3.4675019621771212E-002
  -14.114251181310079       0.69094343458548135        3.1658679506373757E-002
  -14.133774366679569       0.94634153273816957        2.4841169839605735E-002
  -14.107707621403632       0.69298823163194567        4.1243341154680840E-002
  -14.093190060043771       0.76667852402968428        4.3060800105190179E-002
  -14.112351752511884       0.87319060090670320        3.2427503856146553E-002
  -14.113948481347553       0.87818034741501849        2.8025372220452333E-002
  -14.069545648979377       0.63590161164213888        2.2534742097605802E-002
  -14.115556712198842       0.94755487331298083        3.6215698495814755E-002
  -14.088611908711989       0.85767351215264709        2.3298767180587997E-002
  -14.099839027217044       0.60052621238748860        1.9622994713056806E-002
  -14.099698966691232       0.90154464202164908        1.9351549737415985E-002
  -14.125070448863427       0.84269746179988470        3.0028623176667900E-002
  -14.088836226895831       0.78253790426090608        3.1910391825364877E-002
  -14.092303004838172       0.71070772338408283        3.2800992929501276E-002
  -14.099408313215386       0.77473692990798726        4.7919017982867504E-002
  -14.106531216333888       0.86725384522465920        5.3223660137033134E-002
  -14.096240271152245       0.80206247776398143        3.7024803914374523E-002
  -14.131341689900083       0.93637926934782656        4.1053351701675733E-002
  -14.090523068883947       0.60150089771924975        4.9023424624324463E-002
  -14.121853259453401       0.89105240049835255        3.9774284461093518E-002
  -14.102334132330631       0.72307381073930810        5.3484096720935626E-002
  -14.085658676749890       0.67579081037784761        3.2458465284824184E-002
  -14.118927434293727       0.70857061738614302        4.2190164016992535E-002
  -14.129807100385188       0.77413552926251683        5.6888584237346995E-002
  -14.100862505643516       0.66600246944720465        7.9050228101695957E-002
  -14.104396047776094       0.72636084128192879        3.4417637301783044E-002
  -14.121108486425783       0.75578026760538086        2.8395867551317223E-002
  -14.095673627447530       0.68114865941221969        2.6241039583245855E-002
  -14.094035735396250       0.59371602552194069        8.3806444960120560E-002
  -14.139805056344684       0.78392014173729230       0.10086700680309794     
  -14.110957595738716       0.80570453729536762        9.1560132597913318E-002
  -14.091083342043387       0.65200612255105272        6.4110597730372615E-002
  -14.107438934280351       0.85379943821418103        6.6094822548587076E-002
  -14.126277360317033       0.96390928265629605        2.4165015532602870E-002
  -14.091455944317335       0.68921256516856411        2.2349392051564769E-002
  -14.105443473603410       0.88243411473904099        1.0642043930532433E-002
  -14.126177415082166       0.71685086558529199        3.0653636071679868E-002
  -14.094641521052219       0.83647437725654339        6.5767152931907977E-002
  -14.101337603702119       0.82011917978257742        8.7200722147168327E-002
  -14.099270386808275       0.71940444793552083       0.13819037974527740     
  -14.083379537259107       0.88441781123788299       0.13231595521215739     
  -14.103799217195260       0.66036633554751401       0.10934225811797949     
  -14.128809970238331       0.85311126880228116       0.12510696050752351     
  -14.055653342110626       0.54809510701953179       0.17688262106252969     
  -14.072161192740776       0.64018739235624778       0.13124007582125147     
  -14.111676669628856       0.77834357133196241        9.0216334890682232E-002
  -14.052192633973149       0.30935255761678165        9.5277104463512646E-002
  -14.133010069915649       0.89615702108931705        8.4342260347295736E-002
  -14.079554792359914       0.68196810100880234        9.7193138394397791E-002
  -14.082202270684812       0.59362042340781651       0.12337219695399897     
  -14.078898587726865       0.81362354604776388       0.12831618126551420     
  -14.083094233075482       0.65317370527097673       0.13740035427047756     
  -14.084113399788432       0.65608972239639440       0.14704619611489880     
  -14.112532168186982       0.94433192178387670       0.11328833977669697     
  -14.070648076928824       0.66781710800093042        9.4139094037163459E-002
  -14.072524785601535       0.59427314015158672        8.8470580726957987E-002
  -14.110963917812311       0.79477749189288149        6.3789792201900813E-002
  -14.107734490299503       0.77198682551205611        7.0707632436900675E-002
  -14.081021002788320       0.76379188114197205        7.0013881928045085E-002
  -14.082874834221064       0.66714469589988334        8.8446348693841048E-002
  -14.113150024713827       0.80492725848405933       0.12668769233342622     
  -14.091532239949235       0.76573203812117696       0.13452144633629270     
  -14.087857516343632       0.55243895353048145       0.12581484509154264     
  -14.060450396471120       0.51967154880658006        9.8883258352272074E-002
  -14.099173047872133       0.71434405705523119        8.9318292772255017E-002
  -14.095287971204606       0.54970532641553405        7.2570229271833847E-002
  -14.130016413821160       0.79404449197156080        8.7551988494579722E-002
  -14.074280851860928       0.51849057097237516        9.0150694378857060E-002
  -14.066994572053600       0.62837665047526337       0.12152330767549660     
  -14.101263731781755       0.74326573583692623       0.18409118915324471     
  -14.095107647371917       0.74093504239145658       0.24185295387771161     
  -14.098247064072073       0.65664602193443034       0.30367224354188643     
  -14.071230983503709       0.65123875178282764       0.33619242540662669     
  -14.080874308705686       0.64951901743965668       0.22972862433188776     
  -14.086596347434767       0.83239641357049488       0.17991235739503414     
  -14.089910765207028       0.85126589954749010       0.13507402974816790     
  -14.074733833830994       0.56049257517088180        7.3758493934251504E-002
  -14.076879117397898       0.61086729881830415       0.14150787334502266     
  -14.116257606008338       0.97341929184077280       0.13174695470608475     
  -14.097422900435063       0.75898021630463441        6.7405228633744194E-002
  -14.085186707838504       0.65177810677825476        9.7980890163651677E-002
  -14.096064211921584       0.65825757466803736       0.10512961169175397     
  -14.100087292603044       0.88241003618872960       0.12957800899131772     
  -14.103000356386406       0.81201366910392814       0.17776090901823721     
  -14.100708794415828       0.83006820543101256       0.21772599646906610     
  -14.074773937467601       0.77625522465681063       0.20158074022718928     
  -14.109641457157856       0.94253450749357204       0.22853805988622744     
  -14.083560582444562       0.72739994770401295       0.25363657879664930     
  -14.097910227096307       0.87312856154332708       0.24132169115341409     
  -14.108999259261907       0.88946106925704838       0.17191015317105851     
  -14.077268885524330       0.72197727231761255       0.20387034158370804     
  -14.088729951649395       0.64749889226416624       0.14507435105798644     
  -14.080837743963192       0.71704253009345875       0.15605187814193017     
  -14.090883760254329       0.83902054984645358       0.13536336858095180     
  -14.079222965515875       0.75518387549479793       0.14331402258970494     
  -14.112030119833447       0.87481163018370933       0.18146524395408242     
  -14.090118648276158       0.73176241276465659       0.35908176957445470     
  -14.083663199793095       0.78048875860872602       0.35089160696054683     
  -14.104602986145023       0.81962731268007871       0.29472312965509467     
  -14.071955198168951       0.60577632380835222       0.29106639429586456     
  -14.099894458946887       0.83513670574255527       0.25727733744776604     
  -14.103906643683629       0.92897497803893891       0.28356233699957323     
  -14.096432217893488       0.85017929703577877       0.23297254114998966     
  -14.080782782180183       0.83650468972865255       0.21955910747204971     
  -14.109939574381766        1.0791270787688065       0.19489534152400437     
  -14.084420594660697       0.77587909585456905       0.18995101210056312     
  -14.098879853337626       0.81934207675153903       0.14321581060706648     
  -14.116797705743352       0.82647847942896080       0.18484307229903368     
  -14.114505126185506       0.65834414896437554       0.26134754658432729     
  -14.099217619959052       0.70618379864392145       0.21046786839252346     
  -14.115210755270319       0.88923934425021756       0.19333795866917397     
  -14.098070491350386       0.83540431551164651       0.20417081194089057     
  -14.116194210272234       0.80303121832314450       0.28117257355972070     
  -14.096485077928889       0.77345307524618589       0.28027899187127192     
  -14.102894207241032       0.72606681704611153       0.28487750582852522     
  -14.108604072164649       0.76338612340063849       0.17986276746603777     
  -14.120583644258405       0.81736400932383424       0.20236506602568372     
  -14.081218856132763       0.86739055304235302       0.25622502660643043     
  -14.130578401264554       0.91944410650767527       0.36951093196216589     
  -14.102582310139205       0.74311608025425357       0.30065709394374951     
  -14.108402605197702       0.82704932696984568       0.29386721507246899     
  -14.119138808618338       0.98537455558913201       0.31570297070870107     
  -14.121982837861626        1.0829816699194694       0.41555925089330137     
  -14.116633139272095       0.75570411352108191       0.26051826554209578     
  -14.111702547779839       0.91738343710365999       0.27638595686386042     
  -14.132649421934424       0.93322491112737915       0.25701662807800718     
  -14.113142089182993       0.76222401141039708       0.31652120258469124     
  -14.124261880447328       0.82982586597886709       0.28807740327075421     
  -14.134598417949679       0.81919642112311131       0.28992197792310626     
  -14.109928267622266       0.78246071799123396       0.30653853363930950     
  -14.105499565222988       0.80655494139389572       0.37740357996057161     
  -14.116715393968319       0.74860620516024079       0.38512502183153391     
  -14.143596625844268       0.99634384119840314       0.37131538983007706     
  -14.121737188394565       0.75498817019042441       0.40987280901067258     
  -14.076138910611087       0.55328459123956952       0.35787419412635368     
  -14.076595326002442       0.67439493059044919       0.20793327646475138     
  -14.134013710155319       0.81852795146211310       0.19833711024679482     
  -14.103010431968631       0.95286567925521282       0.26064614934365649     
  -14.086887643693501       0.46256844789441004       0.33440086129984647     
  -14.103323294298574       0.91296556370505078       0.41582844054049761     
  -14.099911807716996       0.77428490410079309       0.43676003860619456     
  -14.077136548467662       0.75428499304305408       0.35545652855219950     
  -14.127113665986792       0.93380628452909475       0.42478818426511050     
  -14.111088278890039       0.63473818665778692       0.46929131304363070     
  -14.126163470264020       0.93437753882143337       0.41351708995347913     
  -14.127914119764132       0.75993248949537717       0.36160649394610189     
  -14.129508186174817       0.92051172308265006       0.39165151594306158     
  -14.106995119117496       0.66321669556553653       0.31534059685836041     
  -14.105901415417613       0.83423456775965610       0.38398238727092798     
  -14.107567845410642       0.80460103772857816       0.45809838049795137     
  -14.109486776290817       0.97898241316341517       0.45022442366742793     
  -14.099864506688808       0.59009989579418864       0.34126140219822843     
  -14.096436040263498       0.61634296645833375       0.37741758087607941     
  -14.118278854139801       0.96063912530377460       0.36815365659128790     
  -14.104171480748111       0.67365380583714551       0.29838643477560178     
  -14.115663760207170       0.84849918593812768       0.33984019428842271     
  -14.118385112875540       0.82021418044603367       0.51295100605897725     
  -14.113402115281140       0.59939565069939094       0.55097549187916295     
  -14.115627584096892       0.85601885924069454       0.58865764442306223     
  -14.095612587389580       0.75990289311222792       0.67276940296824583     
  -14.098099317708089       0.78317249999726191       0.56257899344451490     
  -14.130955176780166       0.80918522107651869       0.49098582462119927     
  -14.124342583977080       0.86485262228876325       0.61142313739238741     
  -14.119743647385903       0.87792751622978016       0.62447656348445058     
  -14.114895110815830       0.99303214351734792       0.57866936052911910     
  -14.104373142612658       0.81374710705710651       0.40795448711924864     
  -14.089901277643403       0.71115536947576197       0.54810966232749680     
  -14.107356934180197       0.94909161004621356       0.58852677937480491     
  -14.072525531416066       0.69697096351400201       0.48584805166149314     
  -14.110751262591251       0.99543642451494319       0.58638454938712559     
  -14.096437903142794       0.66139996050587635       0.51892172159834149     
  -14.117195336793916       0.97904895312507056       0.55878241166605991     
  -14.089436336433018       0.72722670243653442       0.72288521438690290     
  -14.111172375955091       0.76056530109316867       0.42869400563445320     
  -14.119370043292404       0.78638276195738455       0.36012073546242895     
  -14.119972769093206       0.69201416949108396       0.35856739128307880     
  -14.105961366127760       0.75689183595603471       0.46204584414089639     
  -14.097419168666676       0.67946977890834570       0.62671940646660440     
  -14.069725062474145       0.73318490100465916       0.66641498710314384     
  -14.063597212626766       0.69196992341693264       0.63600726593546608     
  -14.089456248609153       0.71961171703930260       0.58074452576249946     
  -14.092141014835033       0.66034202093665684       0.75346326634308336     
  -14.119444451081026       0.57795016561040335       0.70218689967168646     
  -14.089093746234438       0.65831433776630599       0.74343459686788027     
  -14.043430641644621       0.55079079062777681       0.72713689620698607     
  -14.051796233524234       0.61548902377063730       0.76230745622632923     
  -14.071547044989696       0.49147938992863754       0.68423702348101689     
  -14.066236975390352       0.49324426178592262       0.58094819857662550     
  -14.050921612297877       0.54412076282836952       0.53226973088160345     
  -14.078234364938288       0.73346748988963639       0.60509705047562923     
  -14.085540356343357       0.92732511117253813       0.82220960931727105     
  -14.084810056083848       0.97245281586848764       0.80393787199160316     
  -14.079263905878832       0.65619325496962566       0.96745197537144312     
  -14.095230537873070       0.76459612901976348       0.89761157345774500     
  -14.113985663768100       0.85588103448140884       0.81725357846993563     
  -14.067333344126094       0.68658289636534597       0.64558526888568446     
  -14.105061110003454       0.95394303338505737       0.65132867903252867     
  -14.079975491707973       0.75082549268971732       0.71019433407385990     
  -14.093564366080843       0.70142762334516318       0.69018972558261926     
  -14.088531755642499       0.64585010197456305       0.58702091904884324     
  -14.093523593077650       0.90238649050875985       0.54727306690947708     
  -14.109326273127943       0.86460873084206347       0.82361858726818338     
  -14.125212344853310       0.83339570230511861        1.0553191048447774     
  -14.078625814135721       0.68966537255144533        1.1099329138249552     
  -14.139221281182550       0.90333655301264115       0.98092692774167767     
  -14.130347712497059       0.97405149822748061       0.90721733615942024     
  -14.106266957798855       0.87471728938472570       0.84400749599055325     
  -14.108391974061448        1.0122595471566607       0.71533884393581204     
  -14.098259139890816       0.60300425492921128       0.59159213247979459     
  -14.120021634206893       0.75925596750934798       0.52745963979345389     
  -14.104352559917286       0.67290492057680262       0.55877568301434066     
  -14.112345547416123       0.60825507426697945       0.75457091656299213     
  -14.123064171096802       0.66710178738779191       0.97759456124401289     
  -14.095426502553270       0.69527178008357993       0.98656541265801923     
  -14.140084644608626       0.99983151127026038       0.99428152975928652     
  -14.111431948673316       0.65104911040048041        1.1188524163975617     
  -14.104053666955775       0.62883212442686265        1.2211020446133156     
  -14.103798880485499       0.76483900334448185        1.1898279181708755     
  -14.099808099393357       0.55521615417130432        1.0864978182538860     
  -14.099870032032925       0.86831649433700586       0.83747096515396269     
  -14.125329175014755       0.63866594817482980       0.75071058375686106     
  -14.126357976026158       0.75945379182007933       0.73357760653961790     
  -14.102842057618185       0.49150606018152943       0.84054363405780619     
  -14.118705116452297        1.0406317129482801       0.94715379621090268     
  -14.120119539067856       0.85819177460689466        1.0179363540424018     
  -14.105241846570877       0.66525661104739897       0.93491024322290439     
  -14.126835076547186       0.74255857005641690        1.0889716807218890     
  -14.108673950380012       0.75247540775478949        1.2431705701419697     
  -14.119890787843781       0.77757264711450158       0.88954894406325291     
  -14.120968643844588       0.83511279682264816       0.74934346215453229     
  -14.118325132061555       0.74541998061395776       0.70581662096847020     
  -14.133883770243010       0.78084739573144546       0.79818671531770125     
  -14.104487454115443       0.51493919244673125       0.95720138569049507     
  -14.120176110368725       0.75208788959514439        1.0282041045152552     
  -14.111518282903313       0.84486812122594823       0.95581096475619332     
  -14.125055373733872       0.89838768064982455       0.99512511747031718     
  -7.2004527514395633        1.0792303953749702        1.1359389068923618     
  -7.1462097556369528        1.0378366814639586        1.1302517253113209     
  -7.1336089141650660       0.70609780337061667        1.1239510491624058     
  -7.1708730173459134       0.99755877183903563        1.2527364643951491     
  -7.1657917796585551        1.1004362457637766        1.3966665835370331     
  -7.1540920988307821       0.66336896087922315        1.0431987099280655     
  -7.2128037274876426        1.2495903393033030        1.0336228194761858     
  -7.1767631680416955       0.89336375452283234        1.2635640929714769     
  -7.1260989067844012       0.81418532804202004        1.2076998217265911     
  -7.1392501114190381       0.82720892875279106       0.85279650017801722     
  -7.1380008514208662       0.48442588832836730       0.66412098282830800     
  -7.1646312023572918        1.1832527422866521       0.76812852114289132     
  -7.1770504560128927        1.2226406048828804       0.95967541863911643     
  -7.1703010214320457        1.0319768803874354        1.2272103538947023     
  -7.1960056840834312       0.94027115695780816        1.3128945321029568     
  -7.1887793907935134        1.1863159261503662        1.2017763823266983     
  -7.1719754326417551        1.0780463007482533        1.1993694112085866     
  -7.1947310927423338        1.2062172782574121        1.1432368491649489     
  -7.1952112431173987       0.93294956317773603        1.1612990689164921     
  -7.1691098401715294       0.94790370513229583        1.0797296785669419     
  -7.2206458901464785        1.1605549948220970       0.93246500785391295     
  -7.1566723857269761       0.97005185530520677        1.0399795855575968     
  -7.1988302962598105        1.0213382994736961        1.0903323362748663     
  -7.1878467024736601        1.0701659177465401        1.1033762677158632     
  -7.1775123089867812        1.2730587991182798       0.93449431338543965     
  -7.1394197202560612       0.91312378535330763        1.1256839201108546     
  -7.1839618509618965        1.0464130181747224        1.3414730234741914     
  -7.1864989747990151        1.1393296434066589        1.2935546541231591     
  -7.1814756465425162        1.1354560962158753        1.2251625540994266     
  -7.1545717357564556        1.1239420946024901        1.0223349968227302     
  -7.1776613107554184        1.0342688996121756       0.96489501095306862     
  -7.2020587705232586        1.3677386436714822        1.0611597594358986     
  -7.1778512846270157       0.87308297614596142        1.0791268504270204     
  -7.1722094455602914       0.86512725379644406        1.2503631439394185     
  -7.1864599929916047        1.1691052613591553        1.2622492296284891     
  -7.1893985671539156        1.2168258659205888        1.1302263573759235     
  -7.1603573801500158       0.65021073412533903        1.1268746578330728     
  -7.1750618164566475        1.2502856166586152        1.1117287134235148     
  -7.1769604902580042        1.0709496889140522        1.1858135510218459     
  -7.2139214479194465       0.96783949431364369        1.3298288595197707     
  -7.1851376665424702        1.1366444392903274        1.3067675075768439     
  -7.1617457606031181       0.89091582148952386        1.1655281407394862     
  -7.2023626431647472        1.1046220517778633        1.1486472854708241     
  -7.1942145254702865        1.1425731205683938        1.4920410037079965     
  -7.1678382680481452       0.93298829417879359        1.6199426125477339     
  -7.1551799852454590       0.91627605725989547        1.6694403367692712     
  -7.1877510885360394       0.97734295622618483        1.7337139381254505     
  -7.1827432645185745       0.73691666073426787        1.6658033280921203     
  -7.1952154961865809        1.2030555872733124        1.8314663049924402     
  -7.1653717489818618        1.0553986867933183        2.0030324946662157     
  -7.1618679719201239       0.76228042698489062        2.1711449792813218     
  -7.1560767925295963       0.72780509906254287        2.3760805169293784     
  -7.1587927107406557       0.82367641376926892        2.4432765050249623     
  -7.1746945035201559       0.92462828411964615        2.4658020801731344     
  -7.1810376524376203        1.1768963009157511        2.6700444419587028     
  -7.1962182527650995        1.2510899363527070        2.7126286678555553     
  -7.1890699552964925        1.0221977287871311        3.2376693508197953     
  -7.1862751574396402       0.96036852730585831        3.2759946892577139     
  -7.2019194321588351       0.93267333917697925        3.1218907810639083     
  -7.1821267734776377        1.0452885088547801        2.8990746226030812     
  -7.1580272880882063       0.85706012916017826        2.8337677576846656     
  -7.1830674370639223        1.0432905814839566        2.7293825510737948     
  -7.1928051605326111        1.1638585118097158        2.8579566183791281     
  -7.2020074651720023       0.82614315732700483        2.8728660401132298     
  -7.1787121624062351       0.83404851784796374        2.7884234263957639     
  -7.2010181836931082        1.1352006263937053        2.9963450424312317     
  -7.2006046454740016        1.1434594581612580        2.9339405473497648     
  -7.1915488162059376        1.2586844784289628        2.8545073017716454     
  -7.2217644113419475        1.1688114311500890        3.1813796825921674     
  -7.2069437652080879        1.1158161576728185        3.3097013940999425     
  -7.2255667768189937        1.2061318008559185        3.2490300830399486     
  -7.1566428474746235       0.74645484306260224        3.1152337559740064     
  -7.2294526986180259        1.2565554158502803        3.0745185734064489     
  -7.2223915136445704        1.0865522277647772        3.0419563949929573     
  -7.1886702439093320        1.0239199570306703        3.0770069414646972     
  -7.2107219631910802        1.0421422106281852        2.8455779452868746     
  -7.2362504967154457        1.2310229535220976        2.9253711209782027     
  -7.2139755450174654       0.88979423374714495        2.9785268680947685     
  -7.2180697665977451       0.91931184965542723        3.0764459603613687     
  -7.2215971724849766        1.1479633293683122        3.2110660985505932     
  -7.2034150476275798        1.1418901215265158        3.3354261921441273     
  -7.2291957325517728        1.1960211388271551        3.3713819476598963     
  -7.1946851642505365        1.1775155600762475        3.0385371478944894     
  -7.2403078847295106        1.0672139963045215        3.1579808301500649     
  -7.1754509686576089       0.82254086156143680        3.1256501351138990     
  -7.1653860570448238        1.0470177106254055        3.1415654133441739     
  -7.2239434978961583        1.1331705895450339        3.6567003680624923     
  -7.1827132610882387       0.75267625239950320        3.7260178017340806     
  -7.1762641046116507        1.0463503614116274        3.4897138267867760     
  -7.2118426152717952       0.82482612990689685        3.1158755772651698     
  -7.2031538053936046       0.95251045994498251        3.0976912885458563     
  -7.1755719446141271       0.88077960274813205        3.1191890521002108     
  -7.2010966775798302       0.97234007770316833        3.0214408024678181     
  -7.2398598918834516        1.2398121164523157        2.8747140755235985     
  -7.2073199058002615        1.1967611821883701        3.4297643173384138     
  -7.1905012172295155       0.83824048259993800        3.8770633001266490     
  -7.1664692187612076        1.0378190898354780        3.9834917553322660     
  -7.2319622252300420        1.2732611545062398        3.7073652967709192     
  -7.1302579887499036       0.72816183398226242        3.8387418542475182     
  -7.2372441919206558        1.3619962707034050        3.5692132266091336     
   3.9570033556816711        1.5316934106599118        3.5040125267450768     
   3.8899825467036706        1.4755053531871620        3.5354155121181803     
   3.9741052611980372        1.3209109852128393        3.7253422411115706     
   3.9385164596634574        1.3120854429681132        3.4350979771473718     
   3.8675337024412677        1.4473736984554246        3.1984688145784577     
   3.9521214705313064        1.4448839897527745        3.1648169674091369     
   3.9296778118408930        1.3457620696212884        2.7764332097879145     
   4.0128820470106916       0.90523985840411891        2.7480452728424032     
   3.9280164924265719        1.3786680272596665        2.4560421627261233     
   3.9346046304696785        1.2743095476460646        2.3586386114050919     
   4.0709406549145335       0.87082971417030530        2.1396317793225421     
   3.9126266972709445        1.5063184847755864        2.3560195212095869     
   3.9245006764729204        1.2942896918741409        2.2498605500973250     
   3.9309231164749576        1.4478144996607947        2.2493174810835894     
   3.9864437170160887        1.0399531129831410        2.1989692312331646     
   4.0278848361237536       0.98203628903205198        1.9375864171136112     
   3.9075605373401494        1.3418006456211975        1.9280743431617235     
   3.9423761443903427        1.1761343152062713        1.7842566424820432     
   3.9628885577925939        1.1721724575873316        1.9622019151578711     
   4.0010661176942151       0.94341088737141565        1.7768128574520268     
   3.9128137085005541        1.6564723055952264        1.9647511537652904     
   3.9416418793967480        1.3567800419566562        2.3393685893701166     
   3.9293555771122328        1.2814004826348708        2.0795304052679793     
   3.9422304356633546        1.5751242189950738        1.9986384666983963     
   4.0202659652883250       0.71761068368163772        1.9386795814754716     
   3.9545697200853098        1.4536233899612476        1.9027009921955869     
   3.9933018117176697        1.1940501944438431        1.9913200160895528     
   3.9711496282333769        1.1622875718618664        2.3437234647279372     
   3.9241065969061673        1.3506965452901369        2.4738211667529830     
   3.8811816807863408        1.7741047655626065        2.4863175861469076     
   3.9456567471439143        1.2875727594122759        2.1935992145921661     
   3.9509224947837751        1.0083455202577303        2.0310760278696049     
   3.9701099843382828        1.5640368861975331        2.1003680049561164     
   3.9321390849928832        1.2549862550616799        2.0108890082022901     
   3.8904106334169342        1.5324229733361645        2.3718401749222382     
   3.9469477198107157        1.6587962297573098        2.1947814518030038     
   3.9598462701760013        1.3402185484136364        1.9067969615765947     
   3.9566662386697562        1.1920632103250530        1.5897887858897275     
   3.8721332148951788        1.4565150525643860        2.0206740057867942     
   3.8753215286055038        1.5116568496116631        1.7429314672075464     
   3.8983151649341963        1.7893661494860615        2.3436978698269648     
   3.8816115710268910        1.8674917798964181        2.5339657314063810     
   3.9555449041255901       0.96614223390343668        2.4813504625444276     
   3.9401283507164244        1.2621411036143819        2.3895132199982987     
   3.8961315292728003        1.5077512439399692        2.5403911227085390     
   3.9000030858556229        1.7124837428307120        2.2032654058812016     
   3.9300996579440071        1.2230927938195979        2.2323595320179108     
   3.9302764392005614        1.5537620583854856        2.3077648316387345     
   3.8975974567437994        1.6737402369053356        2.5586445465733143     
   3.9197973176869176        1.4401203884395044        2.3985294246240523     
   3.9371015365402968        1.3484083291147497        2.5155116447708892     
   3.9631497697194824        1.0754027993489563        2.5804722365223083     
   3.9114718864255700        1.7173759044332184        2.5714192188221889     
   3.9466359512076448        1.0561111328878046        2.4068525138269901     
   3.9597752557067682        1.1314802490341640        2.1984460295375166     
   3.9399346523774028        1.1234889590478547        2.5533603710443376     
   3.8967212372871138        1.2979150141282965        2.9867775120057631     
   3.9680834542482497        1.2400160974507033        3.0750164707768257     
   3.8916024202567492        1.5348865204571127        2.8167519792731306     
   3.9568124763491852        1.3592052640032659        2.5256299732550227     
   3.9816456389606074        1.1073009877700244        2.4698471978633969     
   3.9327275298098989        1.5654898924253895        2.3042551814046868     
   3.9368887362153195        1.7579011003098615        2.2693297350628501     
   3.9490313798351266        1.7819140314319319        2.7374565292145574     
   3.9346203762060323        1.1258895466332814        2.4098951510230116     
   3.9504172016450099        1.5049145806263211        2.5026678215650202     
   3.9228917129263756        1.6328827339261782        2.6205516361087686     
   3.8949831005204913        1.6467226016243988        3.1764896926620714     
   4.0123897293223578       0.98770707308086214        3.2757893768180608     
   3.9190508863486393        1.4160496797000159        3.1959647569515721     
   3.9681675745221554        1.1539069945959457        2.9784016126734869     
   3.9472828428266951        1.3971737762003573        2.6859822969999052     
   3.9901807226259969        1.4354410301061891        2.4544505249267474     
   3.8952032053911569        1.1485772530665628        2.6155572652406915     
   3.9802648744318283        1.2014805474810233        2.8425308932200894     
   3.9583425476152030        1.5214098166086749        3.2387900669785714     
   3.9886861151067663       0.85554159396673746        3.0394578744335616     
   3.8904015827096714        1.4680207044511437        3.1497217875935006     
   4.0181678527511355        1.0498355527873786        3.1651150713989740     
   3.9203218530450918        1.5435417622142216        3.4186892911473583     
   3.9180868896025522        1.4939193931289667        3.2484110859077333     
   3.9442121284533691        1.5907729046679897        3.0127039058456249     
   3.8764669752406284        1.7654227546492764        2.5591774119280264     
   3.9250896543378850        1.3937209783394500        2.5082344376988992     
   3.9026274593575891        1.6028848655124743        2.6296056006437651     
   3.9849094984123568        1.3914024915199614        2.8832033405939890     
   3.9434061510759300        1.5431346680367155        3.3313676270215327     
   3.9279972376732779        1.5962651969854611        3.4365427510365110     
   3.9622446427075122       0.94771104509973680        3.5332961585478975     
   3.9267482548299988        1.6810213013686521        3.3582619244890859     
   3.9346029537318365        1.3248357868238072        3.2186828539911736     
   3.9317872469643689        1.5757010813231260        3.1216686502332318     
   3.9582996772914676        1.2671228916480164        3.4644270973854083     
   3.9338746439498546        1.1450172651286223        3.3982763820865420     
   3.9176283646816792        1.5188897077025105        3.4402948379052467     
   3.9600029160169505        1.5554156947960032        3.2130435561774329     
   3.9232117634600954        1.6336815582709907        3.1549070846280802     
   3.9773415331696000        1.6907977680435835        3.0828863500536849     
   3.9240902385766052       0.96821549598641543        3.4405414792311708     
   3.9190750533675534        1.7374989240421530        3.6987287311580253     
   15.441292911266569        2.2688001816402723        3.5822106058280339     
   15.536173373388632        1.8594608294980317        3.9059691988783163     
   15.433234450755585        2.2801250149164809        3.8744075913641325     
   15.448221257461157        2.1007541331957422        4.0086184433857532     
   15.476079592155088        1.8688624063403418        3.6998762628925563     
   15.494463671042681        2.0120186779804770        3.3104776021795872     
   15.499940452817821        1.3638344845806225        3.1008577811085645     
   15.427202115693689        2.2063192093087185        2.9689189504482085     
   15.523347422087282        1.2426169958953712        2.5949832368143788     
   15.517331150692497        1.7180337537521546        2.9123048977695309     
   15.515367325877822        2.1517873830779291        3.4473532043421429     
   15.434137184279749        2.2069813335453610        3.6367045209966387     
   15.465140754449717        1.6744628559744690        4.0395099075127918     
   15.387602481172191        2.0515828343063105        3.9878806497515265     
   15.506337535977996        1.9194493156220260        4.2082938303504847     
   15.533983135980495        2.0087405815529684        3.8683185680618957     
   15.629165283974395        1.3579944322677053        3.4320178069064200     
   15.537834772915135        1.5898228513752508        3.6271570833334250     
   15.546776966495230        1.2624123923509898        3.9509369332176760     
   15.480273458213547        1.8336760998858330        3.9940217025223759     
   15.547905228055736        1.6369553810826354        4.4319442106129374     
   15.509481084051821        2.0457842565487838        4.2412188272674598     
   15.482331978855893        2.0533846028163887        3.3979481328448147     
   15.489075895662063        1.7446351330748833        3.3249195761451373     
   15.532952486486305        1.4185787281964140        3.3373717589459382     
   15.487093521486726        1.6988419878457981        3.5367428184189316     
   15.457761882336378        2.2714201773850626        3.7844376862465148     
   15.489300622966423        1.7284886552828480        4.1802553788439010     
   15.529126353678015        1.5158895351983193        4.7754353750740055     
   15.494554118337291        2.1454573457185178        4.4001773097180124     
   15.592559869971957        1.4108628605808975        4.2734864609754215     
   15.431662287956964        2.0292133613838885        4.0912635484931368     
   15.526230682829416        1.6811466679286435        4.2329130612534875     
   15.521768473959016        1.8939655176438515        4.2523653312083542     
   15.520599640946457        1.6577874355866338        4.3560534878580182     
   15.526499776477660        1.9893359669747495        3.9020030604571625     
   15.499409464802390        1.9178524427775674        3.8740191342842123     
   15.501278867492445        2.1352189816922085        4.1402588652447196     
   15.534306871101363        1.6900313680954002        4.5719213939982861     
   15.488113704517673        2.0645445384788470        4.7443866295458026     
   15.588615833629580        1.8258554439121530        4.5552255522457017     
   15.511271923646103        1.9090664355860600        4.5578377037969640     
   15.516150360679172        1.9030845124476368        4.7481305295881224     
   15.498137377836972        2.1394880692200604        5.0574410946102004     
   15.540897063262870        1.7680562095613452        5.0914886507225994     
   15.434006565582990        2.1052532196564941        5.2095187002312100     
   15.543177012188561        2.0387116767221194        5.2015244340520086     
   15.537088332942870        1.8503109471071288        5.4749553071698527     
   15.512260958508222        1.6231000779521960        4.9417283369867109     
   15.544174934520736        1.5406148438913165        4.9412510952993882     
   15.508278433817763        1.5418051211433608        4.6151059527063936     
   15.423863308029087        1.7580913403939653        4.6563000063412101     
   15.470555953190670        1.8134028249470475        4.9002998936595974     
   15.414957397599281        1.6841148821524532        5.0678539295670344     
   15.528538368921156        1.6502461343662529        5.2280981495928218     
   15.504739072734182        2.2473052849081552        5.8521249476735333     
   15.555025184877135        1.7463332144770241        5.8434923317471634     
   15.528225710893546        1.7234808319862225        5.5764435721859389     
   15.556582418398140        1.2620065080088310        5.0836228736818931     
   15.406753630547456        2.1836649295177253        5.1724506520901405     
   15.520240869316762        2.0439874644698977        5.8865804168824551     
   15.525059234586717        1.9731892740272785        6.0766403612905737     
   15.450717580021166        2.2641610859700396        5.9374628935822269     
   15.495684251825670        1.6626297127597107        5.6580787267371964     
   15.547600379982045        1.6852835125674679        5.7318885288120889     
   15.443209891681892        2.2561035605529902        6.0985557399928050     
   15.577259282798774        1.8442792070325780        5.9237749394499177     
   15.424621891336070        2.0570225444889174        5.2184948981712607     
   15.473276585164822        2.2064358488249218        4.5720885244261442     
   15.609180201998669        1.3390431574973949        4.2497618118897913     
   15.469726270299056        1.7148498079421421        3.8610785671928185     
   15.437645249823747        1.5281481630797140        3.7997293006456152     
   15.379713656795611        1.9595324742283429        3.7504267200431451     
   15.521728829571746        1.5919483589294128        3.6307706127882389     
   15.572057180891862        1.8344802975424339        3.5801587612386556     
   15.473827379078728        1.7179955067626502        3.2099223996329931     
   15.458850629959594        1.8833389101470930        2.9499276054270980     
   15.523899084066423        1.4562182741476450        3.3135782360230430     
   15.467701932818439        2.1601670457062387        3.2905116144350721     
   15.483524750697377        1.1172727242119591        2.8716875037192309     
   15.429959765446132        2.1819806028811923        2.8021546547767979     
   15.476656226873327        1.9188973425505278        2.8796862375376939     
   15.460536710944840        2.0561647666711327        3.1280131102331485     
   15.506190972609740        2.0058519819155212        3.1806000128375729     
   15.557342243237461        1.3043495311044377        3.1436078468907587     
   15.389203392429263        1.6899849361730157        2.6778871497177676     
   15.558271956223205        1.3124892424538059        2.9112169204572487     
   15.504662646316053        2.0206424051769298        3.0593029377061085     
   15.518950733698945        1.8197765649950057        3.6014575630375321     
   15.516678727517371        1.7087876808180966        3.7424741601512563     
   15.541693904251625        1.6936075467825276        3.5655688689844367     
   15.553492703995470        1.6931571093245301        3.5046638175957847     
   15.472491718659594        1.6101201473286428        3.4686463802857390     
   15.475751489943447        1.7086059243906049        3.1544566813040529     
   15.460589064968921        2.4568540395598379        3.2973798267801513     
   15.429350678200336        2.4408346634030096        3.4110346834023675     
   15.479980247653582        1.3392169139460310        3.5606932546232009     
   15.534646230748944        1.8172606858662452        3.7967490898894454     
   15.443298243538383        1.8028299869360644        3.9307466476245403     
   15.525606255962270        1.6065236421456892        4.2627622252683839     
   39.698038927375805        3.7504405769048215        3.9835713312550021     
   39.720146849527666        2.6279411978659102        4.0793587745646001     
   39.884781530884005        2.5256882519209136        3.8642720209959536     
   39.771994929253218        2.9134780983329560        3.2865734078476607     
   39.783824130320049        3.1471812588831387        3.1165193065151344     
   39.680960491830135        2.3945864742565846        3.4075426593841143     
   39.705694754965229        2.8807579866185100        3.5591863582569809     
   39.693261973348996        2.7389590649179945        3.9386634001351246     
   39.687485206971147        2.5359192435213886        3.9547806177053366     
   39.834855575596315        2.0164184010124795        4.2205527434644940     
   39.598326226888993        3.3509788256604334        4.0281542496372955     
   39.699330147941652        3.4770670047880099        4.2246303849282096     
   39.767585718951999        2.6132375099174237        4.2792986543190015     
   39.708433579906988        3.0261817752128484        3.6394137667706579     
   39.643066282822033        3.3302151418838379        4.0644368441277798     
   39.712912447848602        3.6407490875085697        4.3046536673459439     
   39.745806445889322        3.0186289004250089        4.5240181383544122     
   39.798259217781919        3.4440608499761032        4.6091406363482239     
   39.706958981030269        3.1392086095816509        4.8344354157291036     
   39.767238876267548        2.2865332570914561        4.7493327841142658     
   39.887559860130850        2.0257203305595715        5.1887719982569500     
   39.824038236764757        2.0879754098850576        4.8177274250577566     
   39.714868250363459        2.5690781249356780        4.4985821598584348     
   39.534106562652838        3.1187591816533309        4.4478388800501758     
   39.877924110420793        2.2864887287661539        4.5151431314160400     
   39.819534047043966        3.0062908691489212        5.1293283688882223     
   39.832669912045795        2.5025132694370482        5.1284363748672686     
   39.862063605863781        2.5176968580202921        4.7597599610893848     
   39.719216206573520        2.7824634320860424        5.2918865130692359     
   39.666643924878969        2.8010934995965595        4.8991456970975165     
   39.832736283233039        2.7393777225430109        5.2136997360987012     
   39.771072086806306        1.9631726270268453        5.7391789584675452     
   39.794465268125414        2.2948824006248212        5.6127444999534690     
   39.689978047629751        3.5000045451297828        5.8016512360052825     
   39.860225666330294        1.3151514782102902        5.8195937223544325     
   39.634640317456359        3.5097796093605158        5.0834930879132347     
   39.880268974696698        1.8199240809329058        4.8028820329053401     
   39.842304792956384        2.4376009620999723        4.9300896370795932     
   39.720611876999605        2.5897106528901395        5.6389158574120408     
   39.871967755332051        2.3450017504480263        5.5601157326301784     
   39.741169821324249        3.1232426950614403        5.7334672533033801     
   39.833548288309167        2.3855626498869871        5.7557863570018046     
   39.898691641927876        2.7885684457963760        5.6072009948743915     
   39.805279477359441        2.6044230380977775        5.9371014533968358     
   39.784002270168855        2.6924424748182592        6.2529450605174119     
   39.815031106511078        2.1506169144469736        5.7118963694637346     
   39.712882515967777        3.3669929143385451        5.6540128048194784     
   39.848539728737379        2.7535198578850899        5.5869823256741942     
   39.729393934417587        2.7786951026763989        5.9599580077509229     
   39.775758512776143        2.8750485359912772        5.5999129584820144     
   39.767635667170168        2.7763766705523363        6.2661043975425041     
   39.748572260178548        2.2284858341622504        6.3110887358750016     
   39.775580776858725        3.1828395300564618        6.1434676013642315     
   39.894901071432258        2.3835922592285046        5.7658890736248294     
   39.754037235215854        2.3552424693069938        5.4212812182060528     
   39.860625304402291        1.9657581036829006        4.9717396243997563     
   39.881068377102359        3.1067634616974513        5.4282139922659525     
   39.787840469478738        2.7773763491595229        6.4102929869741683     
   39.951039502116473        2.1439104536762490        6.8700657082664609     
   39.726091209078163        2.1287211546311582        6.5775513197721267     
   39.639368321606312        2.6419704352420297        6.4731192001901450     
   39.653771587057875        2.2678389136141317        6.2281882468543710     
   39.700476208194594        2.9432967169090376        5.8890593968051288     
   39.742729869463794        2.8446928028181211        6.4252200529695687     
   39.753767716388296        2.5851722746522321        6.4831738588700691     
   39.757209833289814        2.7761508024542780        6.8309387057730264     
   39.725907032584011        2.4889979759711962        7.1242739719971606     
   39.669017394914853        2.7084497787373554        7.2049610697317785     
   39.734524581392407        2.8271182858983979        7.4071085485241852     
   39.812975554245526        1.7582886133099995        6.8321373621805108     
   39.879916430327654        2.4121089777727027        7.6483636804173134     
   39.893880736987796        2.1824212958842857        7.4350300201120660     
   39.734300776150967        2.9683856581584092        7.8796914368395390     
   39.820238729540812        2.1648720675054509        7.6195365963100654     
   39.702951015824951        3.2630166061736605        7.6057989153622927     
   39.760613302247783        2.7340164570652372        7.2676848973720141     
   39.750374584155246        2.7306993344096373        7.1831631298862479     
   39.667672011336457        2.7526720950979322        8.0397471982400130     
   39.694637273286624        2.9011776460699750        8.5448498904745627     
   39.766614074668709        2.7386098182897749        8.1532513863235945     
   39.761300978291949        2.5044827393164573        7.8675053703688960     
   39.944792456262618        1.6884029511672916        8.3253977124567751     
   39.778725845708912        1.9696148931808362        8.3354044340820757     
   39.768426354366923        2.7528787739987335        8.0564352046573582     
   39.576074776682077        2.4664417347732184        7.5279947411919181     
   39.790468483299094        2.4571274971328174        7.3321912081194345     
   39.670552058041906        2.1615995400671806        6.8011822292625741     
   39.734297935699338        2.5395269918148227        6.8318001629290332     
   39.640264844822646        2.2631846593723592        7.0566730523253813     
   39.759704333172351        2.2403625321596605        7.9356194326139757     
   39.765878957558435        2.3095413887054717        8.9274309069207050     
   39.717318122947688        3.1303800546617624        9.1230065036880958     
   39.683679561612536        2.8858132872023607        9.5673866672783863     
   39.616417728799512        2.1340371948385908        8.6860944820708603     
   39.717865539805288        2.9466147915913341        2.8429467408166653     
   39.531382208262890        2.3967475670693674        5.0034958100271227     
   39.784684198767295        2.4711078796327408        4.9090543381590113     
   39.784349150045912        3.2583612883499966        3.2290085714020620     
   39.707070132767761        3.0564610125252716        2.9046253619603286     
   39.603805151035886        3.0057659744948713        2.6713201042538639     
   65.123467236234788        3.7127555728594648        2.2180496971906329     
   65.580235178815229        3.1297921861227667        2.4607900962147982     
   65.499634647101601        4.1611840960082178        2.6112706330132061     
   65.592200294824295        4.5834370633651540        2.7773618978823231     
   65.495742306440349        2.9763345873662432        2.2173811170034861     
   65.391480523356535        4.2542726511518634        2.7731521722696377     
   65.475809352905770        3.9540543673272981        2.7774941514910454     
   65.426329487773728        3.4651287528963364        2.8531728574017245     
   65.340714775695773        4.8756808362700994        2.8942647110217705     
   65.262327529558377        3.6327100833142181        2.5151547050427734     
   65.331800287534065        3.5391828172055910        2.2652045926342974     
   65.447036982218634        4.6502743705862617        2.5472599173701864     
   65.439863924223161        4.4541562220982511        2.6729079115565066     
   65.543621930366811        2.6720163687622991        2.2679094375779303     
   65.559586254166362        3.1277336971471299        2.0776685933001144     
   65.625764859977096        2.9827022850228304        2.1793670110725940     
   65.230138630874222        3.6803618324270180        2.1817502851549717     
   65.577282910320363        3.6338970228070320        2.2096116817695099     
   65.224195343256980        3.6903271551184309        2.7180575517041285     
   65.482709071085040        2.8230016790365000        3.2150718852654010     
   65.328723877715476        3.2310805868867147        3.4523464651969986     
   65.354165071917507        3.1852190779143235        3.7817930794772616     
   65.261853693948765        4.2226694430355201        3.5059032402854151     
   65.410350062554414        3.3970773143114545        3.6391897067625267     
   65.291334321891128        5.0094855585531146        3.5135383055764429     
   65.305568873465802        3.9322379026820227        3.0951105752605423     
   65.495968820002560        3.5836737774610108        3.1235946190166199     
   65.166452670128052        3.7373044031524252        2.9890473332681800     
   65.260454204883274        3.6184070863108575        2.4543794778621457     
   65.230498243211585        3.4972555735729434        2.2926132140802018     
   65.378629871060738        4.1606623350467418        1.9894975523526486     
   65.326155181670913        3.6191947319452811        1.6392977689356616     
   65.560412226267530        3.8187972127033394        2.2814900659399813     
   65.462808942806234        3.0976088300516778        2.7462489063799245     
   65.262560437842581        4.2304430600238092        1.9820485467781956     
   65.304850055292732        3.3752216356265827        1.5656733040929363     
   65.545278548884752        3.5188051236451590        1.3161419342179503     
   65.471810410487294        2.7236456371579734       0.97423350904109296     
   65.375650003612350        3.2856005315670180       0.97099500810830364     
   65.435725209380365        3.9194468251477601       0.99648980167662415     
   65.553319726620984        2.8678395070913121       0.90308310724887042     
   65.529334012745380        2.4121461564079985       0.78530512722503243     
   64.982145815322696        3.8600520701640599       0.50937183742149617     
   65.421662214696141        3.2995500088296410       0.61009457735054129     
   65.305655488772956        3.8411815646631711       0.67335759063262135     
   65.243270923643422        3.1398557627755443       0.73525022358116121     
   65.472415001381833        3.3962128994691159        1.0374743809966633     
   65.440513575798434        3.1219089323117188       0.94131187464654487     
   65.406964646119789        2.9922678248746628       0.88347668225438380     
   65.342264054627023        4.1137417833129266       0.94132352415490550     
   65.439253166870074        3.7088923419597006        1.0618075455821370     
   65.115112232356609        4.1623368012907873       0.95511908314988059     
   65.470103282622034        3.3617679059744434       0.95705764325891385     
   65.256778356810628        3.6479804550769828       0.69149982811913790     
   65.514452099108127        3.2291681975226676       0.61098200784092194     
   65.423509309918970        3.4574412115663513       0.70895359763386023     
   65.519687366981813        2.8027032089116610       0.52931316502091197     
   65.241564899834401        3.9202193893383721       0.77420766101154093     
   65.265371637016102        3.3097570067565312       0.56548081798905125     
   65.449601044109372        3.8361658704162456       0.53412265477827625     
   65.467454697170012        4.0198818656190838       0.63243174176581651     
   65.488652656549888        3.2974379917074916       0.83788563713068276     
   65.342675336338374        4.6994836726373466       0.87604656971905315     
   65.476065811726173        3.0181591610008041       0.84832436411528478     
   65.341812999748583        4.0341545670713463        1.0502264391682152     
   65.413171916610622        3.5356609487343764       0.86846052041658373     
   65.212715737034657        4.0547299007273843        1.9911778977022281     
   64.992412958568707        3.9369788205052378        1.2980550538920965     
   65.063410288021331        4.1449218574269109        1.2332604375406098     
   65.320258828797748        3.1611889449517103        1.0455164363533909     
   65.523435856317136        2.5053002439761567        2.2969088896145231     
   65.196066222309028        3.9308835906998110       0.99948283085670497     
   65.257724262855646        3.9802826985985553       0.80462149084568535     
   65.336873355162368        3.6200827824435491       0.88627672306720129     
   65.251003540445936        4.3767770538592323        3.6362964937914795     
   65.090377243578345        4.3615467473958667        1.1358307593321313     
   65.320472615979511        3.2107563908809347        8.4481969902522032     
   65.257191339367793        3.9171544042599851        8.5045822907954776     
   65.204498500759726        4.1173960832971161        7.4301610782988501     
   65.235203124136575        4.4138771170923246        7.8115994489120029     
   65.390070179056693        3.3967198282460851        7.9437037682555545     
   65.071543314514372        3.0016031784829980        9.1690800324252777     
   65.443225625525685        2.5962560312068086        8.7975556869918190     
   65.004806548933814        4.6200668633039967        8.0508588237740319     
   65.220565306844790        3.9336782293109436        7.3980931851711684     
   65.299352883480566        3.7566290826145372        7.7223641967066001     
   65.293545023980840        3.6442139743381992        8.1707251400919851     
   65.549240808567006        3.2730274126498293        8.1806165576638143     
   65.280172494483082        3.6323872365635061        7.8000285843812094     
   65.405015960321066        4.0338244243060508        7.8758956280921124     
   65.353177213503031        2.5477039230823051        8.0426244830343645     
   65.364677226287967        3.1688299848650794        8.6318906755657636     
   65.360207852578071        4.0778429324534553        2.4328936251140121     
   65.366810054798066        3.1813488794685529        1.0084755576985376     
   65.284897791361772        3.6509187166201031        1.0620497790043260     
   65.345389617473089        3.8009503699497573        1.0677684749367118     
   65.100849918573587        3.4298064455788255        1.3560821201624425     
   65.251711931458786        4.0381539852047910       0.96544475240140903     
   65.373567250957123        3.3557777801088271       0.51279676289324083     
   65.427089771097286        3.2780396777155949       0.39883629970644091     
   119.12970149494471        7.9795488809294053       0.52174785082105302     
   119.19779303877304        5.5353357893865125       0.40451679370055471     
   119.47417376919074        6.2472026387651329       0.55542088503022147     
   119.35671428384251        6.3178274618911372       0.78715995879102396     
   119.15035301941474        5.8910149474557683        1.0068024362754135     
   119.27803093425607        5.3210175345186368        1.1762634993512140     
   119.48438492968263        5.0002799696793137        1.0445776311865012     
   118.90388614990289        5.9871299646414737        1.3140602168645437     
   119.33645479607843        4.8211878412418159        1.5569354944979268     
   119.48968909879947        5.8339642234964755        1.9372179634405495     
   119.43619960555611        5.6554155460779736        1.9493791086487409     
   119.15966344363218        4.8834596512697850        2.2207780847034351     
   119.25358662761033        5.7452755888370435        2.5345166243990525     
   119.10167788532561        6.5109734810874578        3.1847380072939111     
   119.39984622126310        5.8583383561060351        3.1677320555944135     
   119.00003249094254        5.8794784899792516        3.5839342723375678     
   119.08517072462016        6.0527945916691568        3.1263166695150981     
   119.25794047748613        4.8970387171222587        3.1829811512735549     
   119.34662542367568        5.9833270114683197        2.7569847358594695     
   119.25988730577858        6.2078201233742885        2.4768664662853861     
   118.83547206958346        4.2349175046714356        1.6748942181053017     
   119.16170510138737        5.7047307605895572        1.8895315402959416     
   118.82971641492392        5.5704885196432627        1.6418088737671037     
   118.75302193618190        5.5350376192237203        1.7658802530835449     
   119.59707195029203        5.1480429045258109        1.7167794592625143     
   119.64297875587265        4.3878556236711201        2.0862385247444686     
   119.29382565299582        6.3631834259051798        2.3685082750541140     
   119.44661472044183        5.1583095183690633        1.8462416854772972     
   119.27939815537138        6.5538453305066611        1.7061508359708200     
   119.16212752555191        5.0673095510976260        1.7562152862307259     
   119.09950014862186        6.0013633868162355        1.7686803228046444     
   119.32331499850559        6.1476708408305685        1.6318396162258602     
   119.42174917134456        6.2022251292658153        2.1711017900676115     
   119.07238621686118        7.5236151663944453        1.9597451959469914     
   119.41142641084377        5.1537746776119429        2.8130632693613098     
   119.17442546327499        4.5722882118171970        3.2993826443515233     
   119.24307845861985        6.7956642703804597        3.8229677906159787     
   118.79264964301366        5.9147948455918362        3.5697833939193528     
   119.23644879475947        5.1571462140274145        3.8498970811415587     
   119.51154865034897        4.4068677742092062        3.8648589133966063     
   119.79849617522108        5.7000066846735145        3.7112987929127654     
   119.15746752860341        5.1295860451559179        3.0886759286372532     
   119.27010474119793        7.0046056848013611        3.2300329161385206     
   119.29069173969533        4.4468820384960752        3.7238282766275645     
   119.31273920732653        5.3708754922493194        3.9145504050228901     
   119.08913411112817        5.7732601360298519        3.6972876210295076     
   119.29891364974327        6.1651256040319868        3.8900843139557528     
   119.40009941458568        5.2608456448046477        3.7498402580142285     
   118.85842125597571        6.3981510416954253        3.9813437832102543     
   119.08156411888264        7.0611923049581620        4.1029036907500309     
   118.97486540098893        5.0244590793458848        3.7334204708953562     
   119.26196925690292        5.7813808192681160        3.8794366431061156     
   119.39938173445019        5.7975129058040951        3.7899738152212441     
   118.80532170139833        4.7421431809507455        3.9284856235549865     
   119.57710181854839        5.1051217012619539        3.8742342035021728     
   119.32511641223756        5.8763266722925183        4.0164624167854965     
   119.31960577546054        5.4522757459922202        3.4105533900408211     
   118.83385264840948        5.5050375770709303        3.1859806022530566     
   119.10928503926064        5.8458104950177185        3.3249661641565238     
   119.13362343553190        5.6229327200495334        3.7711655544538729     
   119.03005672259513        5.8380406404665841        3.8368790207698615     
   119.64118687291365        3.7704597999825489        4.7121845777701035     
   119.49095718307134        3.6777489435042359        5.4954703872688944     
   119.30735536367669        4.9361485200382731        5.6960516726178749     
   119.16854104452580        5.2465258323630639        6.0240742895322406     
   119.48442741453647        3.7389355565711195        6.5032764149722553     
   119.03794370529572        4.7166654478212156        6.2856318350408955     
   119.73285370221949        4.5131785648772285        6.3751537401911511     
   119.35114788471499        5.8661805656698158        4.6155634510974597     
   119.50899255441681        4.7844722358449614        3.7342772092875598     
   119.34586781286468        4.5424789798705483        3.4634006280341070     
   119.28948709687728        5.5020476870472352        3.7809206212738871     
   119.02970013114667        6.8226441374442466        4.5038495409187469     
   118.56246088659067        6.9985040531052523        5.3499739949428866     
   119.75318381813126        5.5328596496096187        5.5246616195581559     
   119.34287095089961        5.9376993848504238        5.2403971172377268     
   119.39007645575924        5.5012552079388044        6.0175043453749355     
   118.57852652663804        4.5313261389371728        5.5052725158480964     
   119.11351424714751        6.8054796020796102        6.0066096439449845     
   119.67004258620315        4.7473782227757200        6.5863772730321219     
   119.37250828926381        6.1280387520785737        7.6328042724744831     
   119.00810653195167        7.2948611952680675        8.9868999826492200     
   118.96534319999289        5.4633673255148265        9.8703446368909216     
   119.09912981498957        6.0622813030385894        11.067208260437399     
   119.15876714267168        5.4247536434431005        11.571195204688383     
   119.05614669678361        5.8914035567232057        10.727377975553734     
   119.01623624957648        5.8597908971358033        10.541783058658291     
   118.89751979012863        5.4217328485965126        9.1259466137000125     
   119.44372477767411        3.1782026228073836        10.157356028714670     
   118.99140298469003        4.8704454477216359        9.9942416750552940     
   119.11006033834065        5.8486504603484182        9.7257252028215291     
   118.84811607695016        7.5553127014436781        6.4116247779741284     
   119.46846382411141        5.0378964093703482        7.6433343898516553     
   119.11891846389774        5.0573863738351124        1.9999594158316403     
   119.00746978173643        5.5668777415298285        2.0115482030838030     
   119.49581893777182        4.5651977944331898        1.4501844018427990     
   119.29006228360818        6.1584003923798578        1.1718516479755980     
   119.05816404163592        6.4616249029022912        1.0356858656933980     
   119.09934742425985        6.4611191204905261       0.77816831580454537     
   118.96269123757375        6.4626958807298207       0.47156262442862812     
   200.36883313603028        11.331193258144186       0.62987821256469867     
   199.85348043415200        9.6546974220997175        1.1838912142034985     
   200.91262464327690        9.6576328446703794        1.3943641757493876     
   199.82914364951105        10.194156960004355        1.6775331804010603     
   200.49499776953891        9.5452353135670229        2.5890566493706446     
   200.53500530148301        8.1907448959405809        2.7625815937374978     
   201.38019856339002        8.5688526936489566        3.6301937967616427     
   199.99549985276781        9.7568829525760439        4.5053161655576108     
   200.30747359292400        9.2651583341995725        5.0686572365644418     
   199.86532852615451        9.6740579753632012        4.5593757321144182     
   200.40157939546796        10.807889964191665        4.8407935737009655     
   199.92695646812103        8.4216700958295689        3.7792629526849262     
   200.00838532134361        8.9073355482185406        3.8615084996698323     
   199.13740469020124        8.8649852767964621        3.4924291146121087     
   200.55004647204635        7.6978948929648308        3.2589907116932850     
   200.09426585125351        9.0065148685256560        2.6259489591642402     
   200.02134676253593        8.1291235296498012        3.6428366134982975     
   200.80218734034116        9.0705215104919645        3.2928289695471440     
   198.66146026208540        8.9950829066252442        3.6823272735278962     
   198.47217247061039        10.168267642523450        2.8793655353453618     
   199.82298598590876        9.8899035823300689        2.5794446886755020     
   198.88405796740398        8.7335434020480989        2.5798190121106046     
   199.96769959523920        8.7669722720328256        3.8830676322961444     
   200.34324272352870        7.5702960445876117        3.1549287845065201     
   199.95794538256584        8.3681552638621675        4.4652677265016880     
   200.91796621224597        8.0955522982259929        7.0851294675012637     
   200.83152720366041        6.8861824337207684        7.6410099383518526     
   200.27701164727142        7.8128655863113883        6.7217029906049657     
   200.70977542446124        7.8100206183483429        4.8399009286900219     
   200.41467986646239        7.9686980481007188        6.0890122155266138     
   200.72474630028023        10.081452039786306        5.5212113007727268     
   199.22452137358863        9.7510150020660404        6.2600203935364354     
   200.48483173896369        8.3847392965724445        6.6691191414964806     
   200.78246954643484        9.6848831459845890        7.8322403184811451     
   199.81303678562296        6.5827023670823435        8.9049250693566702     
   199.45281643854173        8.4499494765184728        2.8252299992742658     
   200.13482670753933        7.6747214689815753       0.72728958306440150     
   200.45429700240720        7.0772056573751954        3.6169526598433857     
   199.42103537241528        9.2643933064011001       0.88976617649524281     
   201.45868392327611        8.0244472261926916       0.92900832209415862     
   200.72602113841884        7.2395301021296090        7.6715443724523311     
   200.03469450053370        9.0877802900388787        3.3441445974080244     
   200.30642111112550        7.2206171972594761        7.9176036758598372     
   199.86006298026922        10.216137565051048        6.8278894158088930     
   200.35523975956832        7.5151542642143312        6.2388130583609387     
   198.76854655827833        9.8674826641245232        6.7131558397118836     
   198.61159056239705        8.5178403335682695        7.4890489635146649     
   200.25863699295888        9.1927780674034736        8.2009369621068942     
   200.76213388355558        9.3520255111829655        8.5896694072711650     
   200.83953061762298        8.7204965694259720        8.1874929652045605     
   201.19608069722887        8.8935551713665646        7.8797976694467193     
   199.98327065760981        10.137065673165223        8.1413276519188251     
   199.64030146161011        9.3005860071955855        7.6405619265559990     
   200.06573405961339        10.258502657560070        7.7229619007056414     
   200.67937674389404        10.815622160390113        8.2278383229229366     
   200.53799530707670        10.155813063973115        7.3183807744145923     
   200.49364162812651        7.7217009624923216        5.8122713832553492     
   200.71804688942365        8.8561937804000799        4.9881556124277093     
   200.58118930711058        9.4869320641363988        4.9061597374469255     
   201.02298213590109        9.2555799042721905        4.5117726194474299     
   200.97596833325719        6.1819824383243471        4.4783944533750262     
   200.72628227363859        10.904296721889937        4.5603922412184286     
   201.16624171804352        8.1943645985937259        5.6770825331280763     
   200.34157037126860        8.5560655014663478        5.8616151663371276     
   199.98330752639129        10.407591224581706        6.1070176507982445     
   200.45428323370984        10.284509682537685        6.0017144577537334     
   201.17947592429738        7.2699270379116374        5.2191893028559422     
   201.17082678840356        9.1359548796638261        4.1348239492548693     
   200.17845258947881        9.8231908904285401        3.6314208008477600     
   200.45667100176797        9.9138248626361900        3.4745278071948151     
   201.08115243618136        9.0961856961843690        4.1314918473547397     
   200.36929220324998        6.3565511268536090        4.9581208908040946     
   200.43890689416179        7.8748909274566392        5.7874942518877805     
   200.65953000766197        6.0356070428763875        6.6066535394458183     
   199.44856421965096        9.1140777987881396        6.4594040486479729     
   200.30423610902110        8.1134690498292503        7.2301799861452407     
   200.20221219234909        5.7376251740751476        8.3152614314143616     
   200.47571779194030        6.7542431367717883        4.9864269490269297     
   199.43659304763230        9.6388086335393410        1.2674113087755416     
   200.54457900059114        7.4450278253390012        1.1778454567477836     
   199.86980922805145        9.3723430655896038        1.3274627443954850     
   200.27666053746168        8.7762222825054792        1.2032466218400848     
   201.26675042316856        9.6775711668938929        1.2637752568908485     
   200.79205234894695        9.1449461029714758        1.1914027256254294     
   200.53194491839838        8.9919613089845871        1.0648904742556486     
   200.10364391123179        10.654284720149663        1.2059117682569911     
   200.00941549571394        11.136523879742075        1.4184630458946090     
   200.52797052038821        9.7466894316268640        1.1897129638547734     
   198.40345831527881        8.9270533374389203        1.0410041538817545     
   200.06732687572389        9.2561262980971790        1.5090464499677678     
   199.23541972812157        8.6023402939894265        1.4372892559899466     
   199.76947138837582        9.6047316458161696        1.3576908499394604     
   200.83645010414040        8.8366982927385873       0.74847272746863081     
   199.82587737233155        10.098837720773705       0.80989845803707539     
   200.15957001167439        9.4011333982353325       0.38277390735181299     
   200.09349923583255        10.692441037940789       0.56786880084914748     
   199.69544763076891        10.485333634299820       0.70966652881421854     
   199.58647369253515        11.011266814786341       0.48864417963449813     
   200.01636231483670        9.3791602264772607       0.56177950014723399     
   200.27442248493816        7.8088944906241409       0.32247033388208124     
   305.59643431600188        15.500503373768845       0.36074402538165351     
   305.90116995286928        10.201086527527050       0.40844879553014113     
   303.03693770526843        10.970415015800318       0.86809687950820602     
   304.96630114081654        11.278456581196076        1.1833530033240245     
   306.84804814144240        12.051916298795650        1.0215194853439797     
   304.94108266836150        14.075997211615229        1.4088182737242054     
   307.66654620636228        12.121348218275136        1.9880992628169536     
   302.15695780660479        12.184525061360628        1.9915403100537137     
   306.77184755482335        13.954670777495091        2.5663750504588303     
   305.18717081593655        14.488436935386824        3.1144821503031350     
   306.19353772699930        14.216727501333775        3.7891105645629017     
   305.33425998899833        9.7102558406979949        3.6542029347524960     
   306.35302661728088        13.465486211046251        3.7265148171246585     
   304.78130908883423        13.754016451912864        3.4980265307083718     
   303.47076173345175        11.294637830129682        2.9235609594150498     
   309.60657227653985        11.288079956249852        2.3177956597147964     
   306.22689638845395        13.428061777063903        2.8062696955397941     
   310.77620301861043        8.7963276701414124        4.5190598899253231     
   308.23810775608433        14.326961277435036        4.4067893038198616     
   307.63011224266143        11.491177781214825        4.1393208077663886     
   310.19094573720167        11.114279162300619        4.4635244668553984     
   307.53190762524463        14.619910303528806        4.5691183182903812     
   306.27070856847979        15.189117260802451        4.7600069863572090     
   308.94607903784151        10.995853926423697        4.9207441789959931     
   306.50708908210731        14.494481734610412        4.7617154307511820     
   308.57332822303397        11.122522414877766        5.7664579160652654     
   306.46383011970840        11.248974853054772        5.4914105342434905     
   307.13440118412348        15.054617988285791        4.6226798584435569     
   312.18129478292587        11.810935187997547        6.0018227379684381     
   312.45000928079810        9.9220776460364402        5.9078598344173079     
   313.78086696806014        12.932847867106039        6.3530640143140875     
   311.57378166979311        12.079536074162530        6.0643369972419512     
   310.19931196004700        14.391036074037624        6.9665810569844240     
   312.42355360660025        15.664192214370468        7.9005249052092550     
   314.94963179361912        12.429171555973170        9.3659952354065084     
   316.15082528754607        10.439851089730601        8.8025458961600727     
   313.29499194738185        8.9839836354000795        9.3687813253946679     
   311.99129391918990        15.347441309033451        9.2991478478147194     
   313.39249875103872        11.869232477193268        8.6878904248316609     
   313.84595921663436        16.031668094695394        8.0177710685731256     
   312.70322400449561        16.661922623915434        7.1919921388044754     
   313.17901997852834        12.930645027754258        8.3506996218484915     
   313.40018847001443        14.617174400243007        7.3883934926636581     
   312.90233291636207        13.926907005520876        7.0504224126833277     
   314.31260625910460        16.172971767912308        6.6972436088855831     
   312.48826007009558        15.545603762868094        7.3441691928117878     
   312.59291629445261        12.569458220314758        6.4266210829845267     
   309.74231021025298        14.272403130193993        7.0329466347471463     
   312.40815424435539        11.312339816616483        8.2674433035174690     
   312.76041457638405        14.402509146495047        8.8281960563535318     
   310.73174505688183        13.629388080405057        9.5988782344633812     
   314.89776660847838        13.779930056380090        8.9092523077448984     
   313.67875209007121        12.080495843284080        9.1750628095481339     
   312.41519645847580        12.158534543830434        7.5600530517236182     
   312.47556924409503        14.314795081489024        5.8926568087805631     
   312.10641284930131        13.196977548284677        4.2456619865147456     
   313.10176214086152        13.720334826601938        3.7528999207527960     
   313.54743532018847        12.958495956255483        3.1552376240035027     
   316.85815654634428        13.528155831065304        3.7851830882166211     
   314.22480894708247        11.076874496676503        4.2191684166756183     
   313.05010168434330        14.359056695955649        4.1103096327138244     
   311.35374666807047        15.703697920366425        4.3231494664901575     
   312.07722234198457        11.940579842173989        4.8735812932533591     
   311.80808578163021        13.861624364049115        6.4117595123768654     
   315.69969623463004        13.587461800729530        6.4410065555037006     
   316.24046073800878        10.557806581794313        7.2981458687836120     
   314.00571885625720        13.942564649290935        7.4937466066960869     
   315.13621681904539        12.239680784487216        7.0910537163905305     
   313.15213286353190        15.336400316465427        8.3808696743221702     
   314.71002151404417        14.210917596291981        8.9028090029333917     
   313.66223242782308        14.725837929598228        7.6605290770374737     
   323.49731004466776        8.2074729416386862        8.3196526438177099     
   328.62888656807462        13.446721123455964        9.3881562419565672     
   324.35256000755169        14.675690400489891        9.0425560875610511     
   324.46144316581245        13.938608232162142        9.1532338407104330     
   324.66222258675907        15.726141908338224        10.044902205098250     
   324.20226594250062        17.374113412609937        8.4706373891049545     
   324.65420631861662        16.640244079127203        1.3444482763146886     
   325.05454433186679        13.069633576673947        4.6059271268381714     
   329.76360421258971        9.5746012807458545        5.8188626716945597     
   327.70965794871427        12.903278200593725        7.1191296610823089     
   325.11941022444120        14.102772983124416        2.4626991907137441     
   323.96155982392696        13.004448615623833        2.1450870110119786     
   324.03474744192812        17.555119338810151        1.6245876097257379     
   324.96017678697564        19.691550078435313        1.3865793342822081     
   324.90764226187702        17.670000453065445        1.2902796904201739     
   323.68548305811811        16.666012465555866        1.0279721734082718     
   325.19475447154764        14.214166049570620       0.65858485690183433     
   326.16379792381213        15.830499925702711       0.59180558061647326     
   326.79413611906193        14.032692247217556       0.20764568737282371     
   325.46520508584842        17.092855954029812       0.20262088183378218     
   325.44588064755482        15.211472223771910        4.1349946095516753E-002
   327.32854330516085        13.260207892724111        5.1622031159430669E-002
   325.41991785797518        15.126827430788017       0.27468774865354317     
   325.60185950678954        15.946708983008538       0.53015593695586816     
   325.12518817845603        7.9185353602912123       0.79012459565951532     
   325.17739403736624        15.510198406620114       0.51454574878306281     
   324.18797991158419        11.596801077397286       0.45063414913914457     
   323.67048871127662        13.783719862212676       0.56214707978605627     
   323.66492233283060        16.964994006994537       0.31051523123275948     
