  0.46553555222259385        3.7556200838782559                1
   1.2724931730059823        2.1897557862614718                2
   3.3640732686199133        1.6912994733294444                3
   1.5311728945058916        1.1613119665800702                4
   3.8857624735325862       0.89312155545606942                5
   1.4395057565241292        3.9972667073213848                6
   3.3204859507553270        2.5389421705729065                7
   2.7941804135442938        3.9090583540698618                8
  0.30968303568323408        1.8532700963354933                9
   2.4899969176610637        2.9635117353366147               10
   3.4742238004001038        3.3599363728435248               11
   2.3982726110018735       0.79690625810538396               12
  0.43164987204954325        2.8404428468494540               13
  0.72854670592938042       0.81906625048237647               14
   2.3213669365435066        1.9271293972631087               15
   1.6577771015088520        3.0441921192693688               16
  0.46501269695110697        4.6492123440732412E-002           1
   1.1393104070894655        2.1211240649253789                2
   3.0869912136383033        1.6139089664346449                3
   1.7356603641778754        1.3938322591211219                4
   3.7013744941661098       0.67761402313427921                5
   1.6254512385038451        9.8915755702879679E-002           6
   3.9007532274850716        2.3157148213575800                7
   2.7223615866409028        3.9076602955357527                8
  0.26778499934570138        1.4155164300229637                9
   2.8295399607677676        2.8570896946600688               10
   3.5613063921535835        3.5547702778698103               11
   2.2074113796339669       0.63320819887839297               12
  0.59868654849871983        3.0180129889612357               13
  0.98659735201408405       0.80815471455229881               14
   2.3899634340310136        2.1136429730671642               15
   1.5140600742458377        3.1096886636002501               16
  0.41788581222428461       0.25411720987294661                1
  0.93714027702737446        2.1433992805184992                2
   3.1429634446555630        1.5373164609291137                3
   1.8961723331310403        1.8492314032009514                4
   3.3308922375993473       0.23264230911781592                5
   1.4373244728273622        3.8180440564115941                6
   2.4656980110821181E-002   2.5210766726429843                7
   2.4327058088364364        3.7064982627274943                8
   3.1372010939065699E-002  0.97437254449897293                9
   3.2008920000611991        2.9683770426517264               10
   3.9753343795783600        3.4273696782213849               11
   2.5568189401608041       0.95508565680339397               12
  0.86354762078497549        3.0330063570105743               13
  0.99088905180081810       0.88386888262251539               14
   2.5607281032897258        2.3591484586770042               15
   1.7804808021712686        2.9663070526673718               16
  0.58153411272922362       0.33901827778106169                1
   1.0035914039938885        1.8121614802718102                2
   3.0831626823046352        1.6349922238061816                3
   2.0276433865605314        1.5925494726515073                4
   3.1293553143571975       0.50140338550254870                5
   1.3862126228223290        7.8210415417636570E-002           6
   7.5782019391868891E-002   2.2804106333668255                7
   2.1874579512463654        3.7337834420521201                8
   3.9099545527321968       0.83399272375604605                9
   3.1546179430427452        3.5804629965822641               10
   8.8157141530523647E-002   3.3760802759054531               11
   2.1247841734687611       0.63134030867722835               12
  0.98682085012249254        3.1540813666291907               13
   1.3513498123813035       0.95054335180921079               14
   3.1778888782639361        2.5663229078423537               15
   2.1590303361055101        2.5090231438327200               16
  0.46657906128330134       0.18652688654237226                1
   1.1235776446854673        2.0429886134931374                2
   3.0626915108134014        2.0677124212977227                3
   2.0955566821122020        1.2808084099602335                4
   3.1176207142865469       0.92226102351721229                5
   1.2697846377982562        3.8348204458392705                6
   8.7877778821651931E-002   2.2788056138227262                7
   2.5357185593332874        3.1569615581779447                8
   3.8894461435727896E-002  0.91711679329414475                9
   3.3221509627995953        3.8916748977025186               10
  0.17084686085591708        3.2853401105091535               11
   2.2084812374900471       0.34578912033764203               12
   1.3909488818665696        3.0159915467328271               13
  0.89979868807166430        1.1282231242738512               14
   3.3912348416644802        2.9480968053472414               15
   2.0931195635904452        2.2157741123459522               16
  0.30629919529187355       0.15742548575022838                1
   1.0365199809078534        1.9038736783602381                2
   3.1255459905805587        2.3136936419287943                3
   1.8114072867982633       0.82337419884300100                4
   2.7689669407859667        1.3520633671751812                5
   1.5969466411602469        3.9813212526884851                6
  0.19303533567119266        2.1406941742041261                7
   2.4573584032880755        3.1346966595271604                8
   3.6987228542734294        1.2239413225631943                9
   3.3603111969723809       0.34766994285428582               10
  0.97020320635422441        3.4023446539342785               11
   2.4247242104944613       0.20263452292653203               12
   1.5734449125529439        2.6377866593779813               13
  0.96560793173441306       0.77076411176018322               14
   3.6662439346187554        3.1125795965293803               15
   2.1670829712789286        1.9585432920807166               16
  0.20445258239203234        3.9141563328544402                1
   1.1190213217143246        1.6194373577250125                2
   3.3251991812269739        2.3569523515182156                3
   1.7183423252669163       0.75364575185665694                4
   2.7001277241808279        1.2297969117369218                5
   1.8794578818437049        3.7174369572953134                6
  0.42541013960614410        2.3072225393546999                7
   2.5255781067994882        3.0257771457502067                8
   3.7595154323588185        1.6444495985043226                9
   3.5067739860663947       0.63981254472090010               10
  0.67800824450057995        3.2358706662508103               11
   2.6890734854663152        3.3996393931842485E-003          12
   1.5872437970584341        2.8773104733456627               13
  0.82211876949378127       0.73361812771881352               14
   3.6946846783045197        3.1733436132600179               15
   2.3349522423392535        2.1756916265284238               16
   3.3938840582209723E-002   7.5865372703225645E-002           1
   1.6190754546460320        1.5068588711225701                2
   3.3362732476600838        2.1537863587445374                3
   1.8631429759248557       0.67550533440484184                4
   2.5928861873583910        1.0975092361411136                5
   2.0062856352751468        3.6631168388530244                6
  0.59874117557079953        2.4166972985502699                7
   2.4778123211728156        2.8906691684935173                8
  0.26178783586954352        1.6662837310184317                9
   3.4525282225626932        1.1480544793639738               10
  0.67361386177935889        3.2996649675612186               11
   2.9381652824699502        5.5600752405615850E-002          12
   1.4429047860385196        2.5910505980720178               13
  0.66454495512509071       0.80420697639391581               14
   3.4433082164599234        3.2637658887401302               15
   2.4124898059779900        2.0438008425550280               16
   3.7223766673400953       0.33875213833818940                1
   1.6539605145681913        1.4670205835319452                2
   3.6367259376063110        2.2407848926047214                3
   1.6645132286426565       0.30380816590786847                4
   2.5582941428497610       0.80373364867277741                5
   1.8225759618793793        3.3962504890718317                6
  0.58243753797818310        2.6534858829195973                7
   2.7610656366161956        2.8439775662113145                8
  0.68133440484715813        1.7188179652281024                9
   3.5406441379787568        1.4604529808050017               10
  0.53234890006074609        3.8691164121250616               11
   2.9184873479860229        3.8073347940166000               12
   1.7307557226607380        2.5228690678576555               13
  0.48393301325951515       0.72265336720847950               14
   3.6542892371485545        3.3567435042634708               15
   2.7212953189060296        1.7911503336706707               16
   3.4244058378993865        6.5215694465681068E-002           1
   1.8776725408728294        1.1241062423023018                2
   3.9267386268388687        2.5388099246045210                3
   1.7572440087238947       0.31663954120727750                4
   2.6209462796710783       0.62788279074912678                5
   1.6139109028393757        3.1534429490819305                6
  0.68353246665571565        3.0265397416760460                7
   2.7877890810144206        2.8326054378623464                8
  0.80600192352926914        2.0337376758399976                9
   3.3925078964151894        1.1507649335911998               10
  0.95219112653355320        3.9281735726454876               11
   2.4744936775777751        3.7231755678911496               12
   1.7795274428263166        2.1998986179343079               13
  0.48761868003748088        1.0905104694365277               14
  0.12626306501251947        3.6602574575687226               15
   2.8017330597355552        1.7697062528865348               16
   3.1492021337724698       0.21612495876110291                1
   1.7215567546474981        1.2526595881466769                2
   3.7237434080228944        2.2817777908973178                3
   2.0922887819919169       0.43463263168602545                4
   2.7348950645469809       0.99535791616491387                5
   1.4792804275315028        3.1931020044511831                6
  0.64777070825401317        2.7397714694678204                7
   2.8416414007178514        2.7148219753083498                8
  0.76157380903007854        1.8954349285519925                9
   3.8162794249392573       0.97208850562136617               10
   1.2295408371179395       0.10663231210487767               11
   2.4202668804168290        3.5384993151262689               12
   1.9747089579734463        2.3426225489580079               13
  0.72174185914943068       0.81400860510699335               14
  0.12725575965595523        3.8487516245333238               15
   2.9183693142700902        1.8396957721668246               16
   3.0854286169828291        2.5857673743351076E-002           1
   1.8500764858979111        1.3237308386997153                2
   8.0685905800011531E-002   2.0595750873201397                3
   2.2655656357300833       0.58717397500771684                4
   2.9897361462654941        1.2168591869846099                5
   1.1542180138265106        3.1537968745530938                6
  0.29790235194506720        2.9252642367401900                7
   3.4159596033786768        3.0151546522991111                8
  0.89920938643590442        1.6421099342904080                9
   3.9100003933543253        1.0705940763345689               10
   1.6231613553681783        3.9250976954793728               11
   2.1501354888123765        3.2380879280647941               12
   1.5920595852913904        2.2805311563215231               13
  0.80169625469171568       0.60567419806742540               14
   7.7761805109535537E-002   3.9246658285237812               15
   3.0140573990030930        2.1363236819331077               16
   2.9554963399032541        4.2553586149256431E-002           1
   2.1899280589683765        1.6271726173455383                2
   3.7813871359322624        1.9717206080461236                3
   2.3951519205800191       0.72073483303963337                4
   3.0875618013270838        1.2204805078912395                5
   1.2007485323712292        3.0942431588556292                6
  0.21612475596657130        2.7615508783016343                7
   3.3016583563299133        2.9507308231493692                8
  0.99282330392717100        1.5156934679595122                9
  0.24946950881551525       0.93144084173580310               10
   1.9376821849539545        2.3501340672677451E-002          11
   2.2722466673509167        3.2324370436425305               12
   1.5095492984835863        2.2659656350719541               13
   1.1480132916587462       0.58339451612751236               14
   3.9354003460020848        4.8237485971460235E-002          15
   2.8819518311773655        2.0851547577129073               16
   3.0284113097924652        3.8777343891785416                1
   1.8384100159930885        1.9281151395517488                2
   3.9981671870973599        1.7712589844612934                3
   2.1098006230688742       0.87412806448180125                4
   3.3529348727376238       0.83255500184958497                5
   1.0039014584305137        3.7469015825151688                6
  0.47718675712612901        2.8035678374503616                7
   3.4754015119579020        3.0955693220330240                8
   1.0157410188554954        1.6045469138681028                9
  0.33520276307857044       0.75378847259131232               10
   2.1736983958584877        3.9170392855598517               11
   2.2630738379573865        2.6989509539125076               12
   1.3636895323819809        2.8504105680260601               13
   1.1817258047853556       0.63480586493174807               14
  0.17673891153354021        3.6965141212173132               15
   3.1086482389482573        1.9336406773542183               16
   3.3013174887250911        3.9480285556679706                1
   1.7897283766639824        1.7433174043945026                2
   3.9183594059061373        1.6445476207044265                3
   2.3570132832148349       0.96189787297366791                4
   3.3852372971820506       0.92082525628120271                5
   1.0837442984601648        8.1480576181227463E-002           6
  0.53253238725777130        2.3601411117367670                7
   3.4731929570625253        2.9569602256815344                8
  0.85535348119873078        1.6438976760129473                9
  0.18964468771763623       0.56793394857942547               10
   2.2846869788113193        7.4013335752772358E-002          11
   2.3386017630974072        2.6379654201382405               12
   1.6534006373191352        3.1973729195735423               13
   1.4676573437434044       0.88833516300836679               14
  0.31145157153794656        3.5217147806360765               15
   2.8083491875598718        1.8156103889698150               16
   3.6501767765288595        3.7921926737859075                1
   1.7210710385463988        1.7390643825267535                2
   3.9395353135896611        2.3566330639016528                3
   2.6752266596560861        1.1633403531226254                4
   3.5421560323408574       0.71071306180388671                5
   1.1538544771606891        8.0058426912131525E-002           6
  0.85655287305012162        2.3005965719232089                7
   3.2089656629732919        2.8917204061181079                8
  0.47174547759292168        1.3673916793323733                9
  0.33884965895021085       0.52291084496410223               10
   2.1605006038821921        3.7668281502886130               11
   2.3527913550935762        2.9813201790627852               12
   1.4620216101080792        3.1315264386031463               13
   1.6338441352068298       0.82555350096226654               14
  0.44351736774947981        3.1776447033690500               15
   2.9870010088837460        2.1010628969257135               16
   3.7690173002591800        3.9505883561480633                1
   1.8539391248802493        1.8304599331043521                2
   1.5568009497686219E-003   2.5648253496530531                3
   2.5548574157920920        1.1449301378059653                4
   3.4440710124294327       0.88533841313754214                5
   1.4548836840445099        3.6078493947536963                6
   1.0112229773795025        1.9245033841887893                7
   3.0921447589306572        3.2370842065345644                8
   6.3974822597332448E-003   1.6887033349068137                9
  0.68233975372889422       0.49257264549665064               10
   2.4647634333695936       0.20092256399099737               11
   2.4959105612408101        2.6410442069519067               12
   1.5146314486469272        2.7284476805978768               13
   1.5167773233731725       0.72166926632201422               14
  0.45715698794056031        3.2520751215262602               15
   3.1256788919429028        1.9820584157936223               16
   3.9726040634549720        7.4990232947379068E-002           1
   1.8651522580910382        1.7089601136209511                2
   3.8600013519379548        2.6729657609319486                3
   2.5984068186031681        1.2470988605525706                4
   3.2918820807087958       0.65312836362086624                5
   1.9931877983641229        3.4864924143011251                6
  0.79898664731895819        1.4969061562787174                7
   3.1698079572071354        3.3456730738658060                8
   3.8622307106265898        1.3041963503895972                9
  0.76129825024189746       0.57442494551204282               10
   2.6177162870716302       0.24999906484873766               11
   2.4143850643886533        2.6890808661212335               12
   1.3459677757907618        2.7342643028507632               13
   1.8034957455540501       0.71490029432525992               14
  0.85652116506486931        3.7288786211066336               15
   3.0812438885983511        2.1156280669483305               16
   3.9560364496797567        3.4380466391452651                1
   1.7255501328988869        1.4461304778719408                2
  0.20890049230594288        2.6428636595868276                3
   2.9511691900795274        1.4712246932813511                4
   3.6376615023559435       0.47267525634341079                5
   1.9400220642264376        3.4373724314198202                6
  0.89870662557174474        1.7109368292857057                7
   3.0013307809484591        3.5265410071500036                8
   3.9183901536964192        1.5975549927672095                9
  0.46678733374517734       0.76636567315078241               10
   2.6353270273425040       0.51159196692363618               11
   2.3572711308098890        2.4672575451570129               12
   1.4654379679175842        2.7180833597194560               13
   1.6234673915454398       0.59714435193197668               14
   1.0335196631265742        3.6448223020610979               15
   3.3208488626276051        2.2934913797361967               16
   3.8052386316333684        3.7039548828742896                1
   2.0451521323693491        1.2407279117898402                2
  0.72814662878937797        2.2900832629227899                3
   3.1238501634802769        1.4960010086887132                4
   3.4979389417200357       0.62205730087008626                5
   1.8851206692748856        3.8374860824476729                6
   1.3159610749437367        1.6260693556689640                7
   2.9246963326824034        3.4603491083672870                8
   3.9968643975865481        1.5682593492963399                9
  0.47135014611941040       0.56655942687624372               10
   2.5389246997305843       0.46532710921087195               11
   2.5164226747887408        2.5750521382930018               12
   1.6199082629473724        2.4924299714538991               13
   1.2984284760437288       0.64037141701043243               14
  0.69612072324061836        3.3910362781282015               15
   3.5238417193824150        2.7108530389427532               16
   3.5457252815375337        3.8682268572089753                1
   2.2562387565337652        1.4107238557887358                2
  0.79381085633495008        2.2228407942769035                3
   3.1680720450275253        1.7247640650239275                4
   3.5027856779256652       0.90756041361863660                5
   1.7045800100139439        3.8759320285204319                6
   1.3549298581468066        1.6308734305607093                7
   2.4100398005074073        3.3565373405670318                8
  0.44537369727913340        1.1661848439468212                9
  0.52940634694955402       0.22883429780873193               10
   2.4730858421389086       0.54340002112570740               11
   2.7954651009097042        2.5099155845576822               12
   1.7351059800627966        2.6027999260142813               13
   1.4474663417609241       0.67018926974511683               14
  0.83821314008318415        3.1736914934330369               15
   3.8352058453760125        2.7386584979543409               16
   3.2144585301332134        3.8282243563318477                1
   2.5292568574566654        1.6030262913006454                2
  0.40465833202401080        2.1675661125255399                3
   3.7604454968731802        1.8140284543864882                4
   3.7596824594958504       0.72195231999668641                5
   1.4853374406704758        3.6296416654896624                6
   1.3633598448617843        1.6848185361527710                7
   2.4831191626665299        3.4398894012360559                8
  0.68975945097562352        1.1215118293740387                9
  0.57771534465645602       0.19318002680743163               10
   2.6228759736897809       0.46808018245638766               11
   2.9536611209596311        2.4316779962186987               12
   1.8138082781800762        2.6132523804960890               13
   1.6476117028282800       0.71317103465143517               14
  0.71675841095749371        3.2460743896574020               15
   3.6605350800137191        2.8995528203795655               16
   3.7307554245052090        3.6217854471824058                1
   2.4535777734945849        1.1634101800549088                2
  0.87078713385083972        2.3210232886914759                3
   3.3750038786277541        1.5937093731479539                4
   3.6769133575810677       0.71530636200822229                5
   1.5602482074651096        3.6687787015143432                6
   1.7699017067607694        1.8237248535211510                7
   2.5929166500788949        3.5228188704286940                8
  0.24493697879914544        1.6206260009464837                9
  0.78486371263956456       0.30830506979919958               10
   2.8545601361121777       0.24668058202931403               11
   2.7917208839039818        2.4834245548641238               12
   1.8904828579726791        2.9094766961994529               13
   1.6446958502949016       0.63449858108936297               14
  0.59659904876371073        3.3269143492723172               15
   3.6926187914473649        2.5596799640209733               16
   3.8895355264657869        3.4034210037545067                1
   2.4361313012368235       0.72827631908745460                2
  0.88739894762064142        2.5318583782352704                3
   3.1904672168956303        1.5291969797940441                4
   3.6690327582981235       0.74565955371444803                5
   1.8458742626843816        3.9202072931806562                6
   1.6361345085867944        1.9277649247726805                7
   2.9514668051725992        3.1894921239951506                8
  0.64936714307028731        1.6526805587132638                9
  0.84261221580494861       0.55781167930600994               10
   3.0956269800169633        7.5037007408612577E-002          11
   2.4344042563565638        2.2476111456641545               12
   1.6807115292927368        2.8424539807026341               13
   1.5602820787466753       0.98750872562745640               14
  0.97018831076050760        3.6974811161787011               15
   3.6388874571432721        2.4282171619449855               16
   8.5338202541596075E-004   3.5550688457231350                1
   2.7870390910909535       0.82263241449926727                2
  0.74379792854996452        2.5806253316008529                3
   3.2336049580562278        1.7118036979663245                4
   3.6348298639099079       0.56443722733051105                5
   2.2653082356459477       0.16873822648671552                6
   1.5096202348387511        2.0893888363616577                7
   2.7858406988915814        2.9597533708553816                8
  0.52498831244643418        1.6681145180026102                9
  0.63445105183779893       0.49558321756022300               10
   3.2162183465896157        3.7365184248198142               11
   2.3905281594976060        2.0304858620236605               12
   1.9124275782155900        2.9524542102280895               13
   1.6344240277356614        1.0409208050346506               14
   1.1098028353855509        3.6623668053436553               15
   3.8419254992906873        2.3703012355531290               16
  0.33709251241077332        3.7065484437713003                1
   2.8800751533991145       0.80587009428190670                2
  0.93400866979836095        2.6382628156952115                3
   3.3932682298371852        1.6135022512666080                4
   3.9790285108448247       0.80920384338010765                5
   1.9774657914200797        8.5616104201310758E-002           6
   1.2507911838526300        1.6628794332241297                7
   3.0099729454318584        2.4277283489148052                8
  0.34780441463217371        1.6688744167348031                9
   1.0799334627963282       0.64509864974234787               10
   2.8387171185810787        3.8159401742293402               11
   2.2008053209617664        1.8809066415231446               12
   2.0586431173867306        2.7603001809699688               13
   1.8921216041479474       0.98872913578232702               14
   1.2085456275237232        3.6826107122216634               15
   3.6849254468380757        3.1616368607604168               16
  0.38396038038003327        3.8184582813273238                1
   3.0647503342983233       0.48277467180234995                2
  0.81451485747400865        2.6642028524213202                3
   3.1399895042445221        1.4393133632018260                4
   6.2161073029045187E-002  0.98367603883269872                5
   1.9547929941536881        2.9723796281548108E-002           6
   1.2063914390472323        1.6514611319992323                7
   3.1167950110118219        2.4910536770102318                8
   1.7819416697202113E-002   1.9257518433960374                9
   1.0160599615846475       0.54898648413385587               10
   3.1613995707049685        3.6173962505049095               11
   2.2516981160784750        2.0983505661773330               12
   2.1740838172281833        3.0140481969569843               13
   2.2735872143109686        1.1756173955056510               14
   1.2556582627331807        3.3828502258049586               15
   2.7076062741337559E-002   2.9745584086528827               16
  0.35250442130388893        8.8575418280294471E-003           1
   2.8666132365335382       0.71777490475532435                2
   1.3803712618383106        2.4521833728790301                3
   3.0293183679868116        1.6088263622473955                4
  0.36857484045176714       0.99678848281521581                5
   2.2065349539345935       0.11708894741027470                6
   1.1968424946822163        1.5047384031920916                7
   2.9069175718388922        2.6115660773719145                8
   3.9175857123554416        1.7722020759554882                9
   1.2061546104861731       0.49136244881213259               10
   3.4083492244735614        3.6550122685331488               11
   2.1948461876250742        1.9163899956138539               12
   2.0436765934083545        3.1001309571402786               13
   1.9639236730258511       0.99396666421825175               14
   1.2306894888678757        3.4144242478400382               15
  0.49537428276026946        2.8814255107064364               16
  0.34803412443095333        3.5871760756148503                1
   3.1574493372368089       0.67579280451342449                2
   1.3300164122960372        2.6052536669814943                3
   3.2339988932104395        1.5750119615396154                4
   3.9843535295950465        1.0157906349415515                5
   2.4581844861212008       0.18995770254957559                6
  0.96624206259251311        1.6500447236863423                7
   3.4542394431776295        2.5508415880987321                8
   8.3596222076687099E-002   2.0071720551433985                9
  0.94875618367500780       0.44459696334068571               10
   3.2732444074452784        3.7033775811351450               11
   2.1993456815376931        1.9191674433668464               12
   2.2798076280075610        3.0366848318977482               13
   1.9876113015986190       0.89004171322885617               14
   1.4667702065241388        3.5503852296225982               15
  0.44416590790198918        2.7859583629677820               16
  0.37128654651262577        9.8668438866568689E-002           1
   2.9921643924916750       0.50673497075283402                2
   1.5566750154758431        2.4198814562735351                3
   3.0572284950904209        1.5400286279700397                4
   3.9111659596506296       0.94358034008319158                5
   2.3890255641263383        3.9631918197365010                6
  0.91200140719572098        1.5957045973297346                7
   3.4142059701062699        2.5792856029522762                8
   3.9891196524640602        1.9619537906753626                9
   1.7114258227858909       0.37304243511089863               10
   3.2542783344356745        3.6299887239318935               11
   2.4150448283857711        2.1537951447203287               12
   2.5877952008483756        2.9888409839679588               13
   2.0278231456009186        1.2485228222827356               14
   1.2122262893598521        3.3523795805440031               15
  0.66188810875254700        2.7761690807404746               16
  0.67277758878502403       0.13524809157449194                1
   3.2003547137388351       0.37210877830227762                2
   1.3668804056402364        2.4782176795438811                3
   3.0909809357635853        1.4546271243097135                4
   3.1850309248798489E-002  0.76512441621186178                5
   2.2700440752649960        5.0304179551022996E-002           6
   1.1499040844020745        1.4269585964709532                7
   3.3227206616815859        2.5911541192652434                8
  0.17490213305250979        1.7179111871432062                9
   1.2941352051107498       0.61765055196034591               10
   3.8794840104517889        3.7935952256989967               11
   2.2463368154042760        2.0809344546355595               12
   2.3753197110976494        3.1476677017441186               13
   2.3146074085705792       0.96944885185320073               14
   1.4708072504462963        3.6906741414424191               15
  0.44978833047861838        2.7846583935407834               16
  0.73763523463501368        7.2742103026913557E-002           1
   3.2293753826095131       0.36942642074482751                2
   1.3733203323973417        2.5584099440126513                3
   3.2997131755602642        1.2374828134608213                4
  0.13221826283504784       0.66546234842836793                5
   2.2816564802122725       0.10844395589888715                6
   1.3551277761664187        1.6583409302752405                7
   3.1229264193734889        2.1458535496111857                8
  0.44576862597190792        1.6826266432613888                9
   1.4536496369065603       0.66897354439076495               10
   3.5108070533479783        3.4278735300251579               11
   2.2724041994968873        2.2906213830781366               12
   2.6880128552078797        3.1067526149991886               13
   2.2468766652282666        1.4237050692613120               14
   1.6737630834820987        3.5229005726389704               15
  0.33517736156161004        3.0811831474440257               16
  0.97260698750068952        3.7645006178444360                1
   3.2442996470607111        5.5109018369631030E-002           2
   1.2397999163459064        2.4837505188612914                3
   3.5161466235907666        1.2808812217508658                4
  0.51283325982376560       0.76727506443528570                5
   2.2558452182900224       0.33165260139480368                6
   1.2748925880327409        1.6214931503802730                7
   3.2066275822057371        2.3857647458529674                8
  0.13283442847986540        1.9073326219965518                9
   1.3882722786523343       0.60718106377677561               10
   4.4805662728656923E-002   3.6835009030933965               11
   2.1414454653699977        2.4322617529671553               12
   2.5061559988697804        3.4782696498922037               13
   2.5733251606763368        1.1652449315673870               14
   1.6646203966522530        3.2802653379925699               15
  0.33146023656794565        2.7208304476919660               16
   1.0915398203482820        3.6047929144026019                1
   3.3090829539689413       0.31095850818206155                2
   1.1825036400017039        2.4963512978121813                3
   3.3677261799053806        1.4290240159334584                4
  0.40362414013596037       0.84542110778196589                5
   2.2964394410180611        8.9174354751744095E-002           6
   1.1301309439387053        1.5729393557028652                7
   3.4036688915375670        2.3317317665026556                8
  0.22790073646377815        1.8156681362254552                9
   1.3991356319526802       0.54666030954197253               10
  0.16411682459778507        8.8592691489104425E-003          11
   2.4021216121949815        2.3206320420421296               12
   2.9541441260658443        3.4621305132939919               13
   2.2373326922665271       0.94198089559525333               14
   2.0044603494098343        3.2237001244306787               15
  0.27958237289647231        2.9098041138293218               16
   1.1394355415084152        3.2438183010480581                1
   3.1097835130802705       0.39011057150068468                2
   1.3686863997782919        2.2552818754433619                3
   3.4119833553072496        1.3968987232788748                4
  0.33059162498446004        1.0863288393222832                5
   2.2322217520102021       0.33504935237250394                6
   1.3334805274064709        1.2873038406286359                7
   3.3966976598056933        2.3741311621951247                8
  0.34681982445627835        2.1007239529427904                9
   1.3417865552520707       0.24506497524360479               10
  0.13034076055589150        6.7954987232999794E-002          11
   2.4935550310918440        2.1599927516687920               12
   3.3000965807303775        3.3922520275795223               13
   2.3218265658900545        1.2262222615712726               14
   2.1893677355853831        3.2210859403134435               15
  0.25437583511457368        3.0721242401450111               16
   1.6421664661332642        2.9846209806836002                1
   3.0114897551582027       0.48783418215755986                2
   1.4047139652744518        1.9843560384549770                3
   3.6295597346402317        1.3811019058716489                4
  0.42306495576512093        1.0050958869012965                5
   2.0870176475598665       0.25799411289404073                6
   1.3725299513231504       0.93055435049363622                7
   3.2508012020203032        2.4371511014089564                8
  0.44022829978230354        2.2614153626703120                9
   1.0962503811754500        3.9858749455772000               10
   3.9743274212223643        8.0302713038855930E-002          11
   2.2871052755913981        2.4751149456526620               12
   3.4131938394239021        3.3553111499894803               13
   2.4342700560913446        1.5058207676136526               14
   2.5249859682371567        3.4861439968254331               15
  0.55688324901403197        3.1801664395634139               16
   1.8501234692259647        2.9947472724026492                1
   2.8684111968482044       0.50544394291941930                2
   1.1704805518259993        2.1576315775736568                3
   3.4152741171950196        1.3352296629972702                4
  0.91037913483532462        1.1775413531225634                5
   1.5499306830369370        3.9272522167498272                6
   1.8444819241278561       0.74649419116111260                7
   3.7586505143241107        2.6523717597734477                8
  0.17778171592155081        1.8280328039395086                9
  0.62496452442091555        3.9742466169515573               10
   3.8821301470177429       0.61638652763076984               11
   2.6142247292823346        2.4131257732514459               12
   3.7437684358365244        3.5822556108802677               13
   2.5748528875707408        1.4951309765851328               14
   2.7827921205026214        3.4720917558312991               15
  0.62788092229572212        2.8653919153366192               16
   2.0127650360155376        2.7334718363692909                1
   3.0476052230040209       0.34646553340833935                2
   1.1651308543726755        2.1294466233335680                3
   3.2059373388203909        1.4673824557314366                4
   1.2632810808170691        1.2100376201075524                5
   1.5964911850793633        3.4187596901181676                6
   1.8993698222176618       0.35081163076371602                7
   8.6587806570892156E-002   2.5755717714606954                8
  0.34960015244281545        1.7250837796996219                9
  0.66264121663599262       0.28264360784516523               10
   3.9232035031274655       0.90835922172117745               11
   3.0291676990170218        2.3640566479837370               12
   3.7195062370217942        3.6765146162365978               13
   1.9445009222091076        1.8384432701031090               14
   2.7603970143960352        3.3592051866127273               15
  0.57748088837475453        3.3016355429214399               16
   2.1405477843765506        2.2831605975229388                1
   3.1702095629037017       0.45049660647736128                2
   1.0376640296267035        2.4811073847696918                3
   3.1187517729120473        1.4037033559905079                4
   1.1683488564127873        1.4681464126162302                5
   1.7328462600101877        3.1969301930310263                6
   2.1358282570233742       0.43407197869355474                7
   8.8939145027416511E-002   2.8136659855990716                8
  0.29982944005396950        1.6717385748392333                9
  0.92038789836336610       0.49753909295095766               10
   4.1826573735462835E-002  0.68343853310700842               11
   3.1709175434846819        2.5094014762407557               12
   3.5882524079919658        3.6912225538168126               13
   2.0267558754809087        1.2356985809777814               14
   2.7633261186457476        3.3658186018054810               15
  0.68677335992876987        3.4462641832877052               16
   2.0618070263875370        2.0273232774366705                1
   2.8164120645321957       0.53705061959812639                2
  0.86780458433304108        2.8435641538283347                3
   3.1009148303650989        1.3393081760493819                4
   1.2049703011704518        1.5533357398855676                5
   1.7983213325084682        2.9478008695467492                6
   2.2146150431256633        3.8896577752720267                7
   3.9283685760958340        2.7587968270364178                8
  0.38030637269240730        1.9567806758593691                9
   1.2832647320445645       0.60299578347780147               10
  0.30575175641091268       0.76211114445108774               11
   3.0068756066053797        2.3601095835567016               12
   3.9502818572797360        3.6879682218879664               13
   2.1922816746725768        1.1017670753251692               14
   2.8816751987474785        3.3307282489636858               15
  0.94509283486138429        3.8776210168608074               16
   2.1006760125588011        1.8867976689601142                1
   3.0939379187841252       0.10396624181806963                2
  0.80194018484686658        2.8434382238851912                3
   3.2753097948465570        1.4031927317196220                4
   1.1587064127972979        1.7459760882551922                5
   1.6815702196781348        2.7287928069906333                6
   2.0348532090310698        3.8188381449142077                7
   3.9188262813504067        2.8705245261445231                8
  0.24760336820522982        1.9927088967345157                9
   1.4344825750960368       0.87436540869548651               10
  0.44085942927139404       0.93963622171738936               11
   3.2009004801918124        2.3880144239998278               12
  0.18839350711894859        2.1843765421315480E-002          13
   2.3166951639403273       0.89592839261615043               14
   2.8682463501477873        3.2375927605026402               15
   1.0232817898229905        3.7698179639707328               16
   2.2154088566742307        1.8494664732176300                1
   3.2512484223141795        9.3459837302601045E-002           2
  0.59189152863116545        2.8223011553873967                3
   3.6068502807562943        1.0914430118282401                4
   1.1458704160318729        1.7910872833518685                5
   1.7435153969246477        2.7787941846510709                6
   2.2753473769793255        3.9476282693832294                7
   3.8061755346064090        3.3788681153652171                8
   4.5940442098858281E-002   2.0922004443370188                9
   1.4344026740282143       0.84368451813141243               10
  0.46343626773742447        1.1498758670626468               11
   3.1392339677823307        1.8611292477027301               12
  0.42720610739758641       0.23803429449178098               13
   2.6635277003562909       0.76029778752226307               14
   2.6714049398766475        2.8596280523170541               15
   1.1523616913473596        3.9080508016032121               16
   2.1663706267155445        1.9354059980035754                1
   3.1595196199495565        4.8591895535574955E-002           2
  0.92951200066173911        2.7628923323913761                3
   3.6155163419879801        1.0854621828473912                4
   1.1409058649769022        2.0000971508330156                5
   1.9334175906635036        2.9327962610681841                6
   2.2213470087100986        3.7292173651697298                7
   3.7349417768312470        3.1076251739047143                8
   3.9610913884608965        2.1793703128324662                9
   1.7331242758106875       0.88171916195203748               10
  0.84177328156806097        1.0126083607069001               11
   3.0913659236288327        1.9920265459876585               12
  0.26550986560749595        3.9782513632121583               13
   2.7291407843117064       0.87682212006082083               14
   2.8858699718994192        3.0777183388337979               15
   1.0719541876142433        3.8098598576257365               16
   2.0776375740722841        1.8809553902738958                1
   3.2993479283142797       0.29864799980751167                2
  0.83124120554239078        3.0432798204697775                3
   3.8209666926454755        1.1420907557916666                4
   1.0869923337655407        1.3332648650626391                5
   1.6974859993243490        3.0146516734793254                6
   2.2828256676458891        2.5461364841257050E-002           7
   3.8124969500599177        2.9126283598387226                8
  0.60153253657973660        1.9993086861286469                9
   1.8140468241622689       0.77918970596571557               10
  0.66451693639838916       0.54626996298912045               11
   3.2335606238530521        2.1829138934729633               12
  0.18393992099334017        3.6732942888413023               13
   2.6860243045223413        1.2224700960842654               14
   2.9294773952193345        3.3964263594543138               15
   1.3068065221544112        3.9041262757738195               16
   1.8026495623734882        1.7835811833138135                1
   3.2495082679308451       0.21084277252904915                2
   1.0363911244078146        3.0918193243426999                3
   4.5355160074971458E-002   1.5980168743164851                4
  0.94427480973595068        1.2257311620371476                5
   2.2649442478083728        2.6923163477155536                6
   2.3510167998273661        3.7508541703889806                7
  0.10774500929001060        2.8793431785738042                8
  0.69568008933820491        2.1741757412834475                9
   1.9140552622172731       0.76628090767344814               10
  0.11400199398391601       0.70575692997996531               11
   3.1434284347708950        2.1716731642136891               12
   6.3594144423948076E-002   3.7631961498381750               13
   3.0394991180816540        1.0441138002552934               14
   3.0767982597058876        3.2453132261884261               15
   1.3274960371374640       0.19647964293478973               16
   2.3106087636867301        1.7993776609684859                1
   3.1206491536643943        3.6542531960327813E-002           2
   1.2761171316807207        3.2506048867982820                3
   6.4028731056066907E-002   1.9515975724916719                4
  0.74828928549969409        1.2149503925094469                5
   2.1352484597690102        2.7168045825987024                6
   2.0187915791652733        3.9504834829571904                7
  0.53401098712687833        2.7126618009784202                8
   1.2651848376510975        2.3017672383570851                9
   2.2588189847697375       0.70773796831395130               10
   3.8495757998540738       0.64537926464901618               11
   3.0673886778199773        2.1907929480931543               12
   6.6278081299853192E-003   3.5770411043610508               13
   2.9661153079799072        1.1748443497910159               14
   3.4910387987975837        2.8178968180711155               15
  0.91148292031192424       0.19552704999567222               16
   2.1937681881117519        1.6221623377905583                1
   3.0710186623457369        3.9572462735597842                2
   1.1793360903624968        3.2760868662295648                3
   3.9090885120693870        1.8402472874410687                4
  0.96769434655064135        1.2692654537125279                5
   2.3521162809109901        2.8511560838732297                6
   2.0656192077733202        3.6650225922962720                7
  0.30228414921627611        2.6324631246572423                8
   1.0852668284187601        2.2507469966572606                9
   2.1808256987609553       0.63000831553716330               10
  0.30045655242157954       0.77227141276165612               11
   2.9904294761334440        2.1409845891981503               12
  0.38189724958142673        3.6227616568467584               13
   3.3106803571855776        1.1803980952465574               14
   3.3529291460157573        3.0276086503076187               15
   1.2281053869599068       0.45009499408898734               16
   2.3497473901936399        1.8439466403506544                1
   3.6845184762433409       0.23855481593844430                2
   1.3234296620965962        3.4511031298823687                3
  0.30870781893031179        1.4833427186249304                4
   1.4612663123551324        1.3159567628104103                5
   1.8857826805943168        2.6911086547305980                6
   2.3194219506487395        3.8787102103496327                7
   3.7529282114739324        2.6472070862660155                8
  0.92386195857845088        2.2682176339727329                9
   2.1091728005799073       0.68702852462724162               10
  0.48824439970791211       0.54636474193347784               11
   3.1902173895566572        1.9026372613715079               12
  0.30888980169115920        3.6213726521044207               13
   3.3439049002360197        1.0734680097259333               14
   2.9895064270193843        3.2064035686849097               15
   1.2794548587674641       0.27761739614090825               16
   2.2655303415406833        1.8117652188454134                1
   3.2235533234752984        3.7188373410223572                2
   1.4621604425997174        3.5524871998850700                3
  0.24421198800076990        1.7108704673265316                4
   1.4243446493652754        1.4396820637349907                5
   1.7714531311284223        2.6096583867596572                6
   2.3700899897731360        3.6764158136748977                7
   3.8765128141048639        2.7346507999489309                8
  0.80366458934932072        2.3509675556201972                9
   2.7564712662649860        1.0747205139018903               10
  0.39173710803793649       0.45012002025859305               11
   3.3527336713813063        1.9753229347460306               12
  0.39401428702755270        3.6257380705903390               13
   3.5608317234632056       0.94363967636318280               14
   2.9043071728961198        2.8586687066782779               15
   1.7649774461193093       0.54401011546760802               16
   2.0360066136326389        1.8309129657794874                1
   3.5857948504371628        3.8468022004464011                2
   1.2791575210424342        3.7644496453311738                3
  0.15628494781773081        1.8204371325532009                4
   1.0125136261815804        1.5880680029429330                5
   1.8331184372238845        2.9800545926096995                6
   2.6410554607965100        3.6285062989918986                7
   3.9029101325357023        2.7158678919833883                8
  0.94207794159881952        2.7019355749915763                9
   2.9184701589277404       0.59421120539502970               10
  0.97650617386674798       0.66720936873047210               11
   3.1522874964904988        1.5886093723196286               12
  0.37665320776464295        3.4574799090665396               13
   3.7790120177254276       0.71176154432381966               14
   2.7645974292090614        2.5882157327232340               15
   2.0576868351322308       0.53754852394528185               16
